Dimension;Epsilon;Npoints;point_gen_method;query_method;MinFraction;MaxFraction;AvgFraction;MinNumberOfDistances;MaxNumberOfDistances;AvgNumberOfDistances
2;0.0001;1000;get_points;query_1;0.012;0.032;0.022;12;32;22.0
2;0.0001;1000;get_uniform_points;query_1;0.007;0.016;0.012199999999999999;7;16;12.2
2;0.0005;1000;get_uniform_points;query_1;0.007;0.016;0.012199999999999999;7;16;12.2
2;0.0001;1000;get_points;query_2;0.015;0.034;0.020300000000000002;15;34;20.3
2;0.0001;1000;get_uniform_points;query_2;0.016;0.031;0.024;16;31;24.0
2;0.0005;1000;get_uniform_points;query_2;0.015;0.03;0.022199999999999998;15;30;22.2
2;0.0005;1000;get_points;query_2;0.015;0.033;0.0198;15;33;19.8
2;0.0005;1000;get_points;query_1;0.012;0.032;0.0219;12;32;21.9
2;0.005;1000;get_points;query_2;0.011;0.018;0.014300000000000002;11;18;14.3
2;0.001;1000;get_uniform_points;query_1;0.007;0.016;0.012199999999999999;7;16;12.2
2;0.001;1000;get_points;query_2;0.015;0.03;0.0191;15;30;19.1
2;0.001;1000;get_points;query_1;0.012;0.032;0.0218;12;32;21.8
2;0.005;1000;get_uniform_points;query_2;0.006;0.021;0.0118;6;21;11.8
2;0.005;1000;get_points;query_1;0.014;0.032;0.0213;14;32;21.3
2;0.001;1000;get_uniform_points;query_2;0.013;0.031;0.0207;13;31;20.7
2;0.005;1000;get_uniform_points;query_1;0.007;0.016;0.012199999999999999;7;16;12.2
2;0.01;1000;get_points;query_2;0.007;0.013;0.010899999999999998;7;13;10.9
2;0.01;1000;get_uniform_points;query_2;0.004;0.015;0.0086;4;15;8.6
2;0.01;1000;get_points;query_1;0.012;0.028;0.0194;12;28;19.4
2;0.01;1000;get_uniform_points;query_1;0.007;0.016;0.012199999999999999;7;16;12.2
4;0.0005;1000;get_points;query_1;0.024;0.073;0.044599999999999994;24;73;44.6
4;0.0001;1000;get_points;query_1;0.024;0.073;0.044599999999999994;24;73;44.6
4;0.0001;1000;get_points;query_2;0.022;0.062;0.045200000000000004;22;62;45.2
4;0.0001;1000;get_uniform_points;query_2;0.032;0.07;0.0506;32;70;50.6
4;0.0005;1000;get_points;query_2;0.022;0.06;0.0441;22;60;44.1
4;0.0005;1000;get_uniform_points;query_2;0.033;0.067;0.0484;33;67;48.4
4;0.0001;1000;get_uniform_points;query_1;0.034;0.068;0.0491;34;68;49.1
4;0.0005;1000;get_uniform_points;query_1;0.034;0.068;0.049;34;68;49.0
4;0.001;1000;get_points;query_1;0.024;0.068;0.04379999999999999;24;68;43.8
4;0.001;1000;get_points;query_2;0.02;0.059;0.0406;20;59;40.6
4;0.005;1000;get_points;query_2;0.014;0.04;0.029400000000000003;14;40;29.4
4;0.005;1000;get_points;query_1;0.024;0.06;0.04039999999999999;24;60;40.4
4;0.001;1000;get_uniform_points;query_2;0.029;0.062;0.0447;29;62;44.7
4;0.005;1000;get_uniform_points;query_2;0.019;0.035;0.029000000000000005;19;35;29.0
4;0.001;1000;get_uniform_points;query_1;0.034;0.068;0.0485;34;68;48.5
4;0.01;1000;get_points;query_2;0.01;0.027;0.0196;10;27;19.6
4;0.01;1000;get_uniform_points;query_2;0.009;0.024;0.0172;9;24;17.2
4;0.01;1000;get_points;query_1;0.023;0.06;0.0378;23;60;37.8
4;0.005;1000;get_uniform_points;query_1;0.034;0.067;0.0491;34;67;49.1
4;0.01;1000;get_uniform_points;query_1;0.031;0.065;0.0462;31;65;46.2
6;0.0001;1000;get_uniform_points;query_1;0.045;0.099;0.0709;45;99;70.9
6;0.0001;1000;get_points;query_1;0.038;0.139;0.0897;38;139;89.7
6;0.0005;1000;get_points;query_2;0.038;0.1;0.07310000000000001;38;100;73.1
6;0.0001;1000;get_points;query_2;0.042;0.112;0.0818;42;112;81.8
6;0.0005;1000;get_points;query_1;0.032;0.139;0.08870000000000001;32;139;88.7
6;0.0005;1000;get_uniform_points;query_1;0.045;0.099;0.07070000000000001;45;99;70.7
6;0.0001;1000;get_uniform_points;query_2;0.109;0.171;0.1391;109;171;139.1
6;0.005;1000;get_points;query_2;0.013;0.025;0.017900000000000003;13;25;17.9
6;0.001;1000;get_points;query_2;0.031;0.08;0.0627;31;80;62.7
6;0.001;1000;get_uniform_points;query_1;0.045;0.099;0.07060000000000001;45;99;70.6
6;0.001;1000;get_points;query_1;0.032;0.139;0.08800000000000001;32;139;88.0
6;0.01;1000;get_points;query_2;0.004;0.009;0.0061;4;9;6.1
6;0.005;1000;get_points;query_1;0.035;0.13;0.08700000000000001;35;130;87.0
6;0.0005;1000;get_uniform_points;query_2;0.104;0.163;0.1326;104;163;132.6
6;0.001;1000;get_uniform_points;query_2;0.101;0.152;0.1244;101;152;124.4
6;0.005;1000;get_uniform_points;query_2;0.04;0.1;0.07429999999999999;40;100;74.3
6;0.01;1000;get_uniform_points;query_2;0.03;0.056;0.0385;30;56;38.5
6;0.005;1000;get_uniform_points;query_1;0.045;0.098;0.07;45;98;70.0
6;0.01;1000;get_points;query_1;0.034;0.127;0.08280000000000001;34;127;82.8
6;0.01;1000;get_uniform_points;query_1;0.043;0.096;0.0695;43;96;69.5
8;0.0001;1000;get_points;query_1;0.055;0.183;0.1069;55;183;106.9
8;0.0005;1000;get_points;query_2;0.073;0.149;0.1071;73;149;107.1
8;0.0005;1000;get_uniform_points;query_2;0.062;0.191;0.1369;62;191;136.9
8;0.0005;1000;get_uniform_points;query_1;0.078;0.188;0.1322;78;188;132.2
8;0.0001;1000;get_uniform_points;query_1;0.079;0.188;0.132;79;188;132.0
8;0.0001;1000;get_uniform_points;query_2;0.072;0.213;0.1468;72;213;146.8
8;0.0001;1000;get_points;query_2;0.089;0.173;0.12610000000000002;89;173;126.1
8;0.0005;1000;get_points;query_1;0.055;0.183;0.10669999999999999;55;183;106.7
8;0.005;1000;get_points;query_2;0.013;0.031;0.021899999999999996;13;31;21.9
8;0.005;1000;get_uniform_points;query_2;0.021;0.09;0.0693;21;90;69.3
8;0.01;1000;get_points;query_2;0.002;0.012;0.0068000000000000005;2;12;6.8
8;0.001;1000;get_points;query_2;0.061;0.132;0.09230000000000001;61;132;92.3
8;0.001;1000;get_points;query_1;0.054;0.181;0.1058;54;181;105.8
8;0.001;1000;get_uniform_points;query_2;0.056;0.175;0.1296;56;175;129.6
8;0.01;1000;get_uniform_points;query_2;0.015;0.046;0.033100000000000004;15;46;33.1
8;0.005;1000;get_points;query_1;0.052;0.168;0.10210000000000001;52;168;102.1
8;0.001;1000;get_uniform_points;query_1;0.078;0.189;0.132;78;189;132.0
8;0.005;1000;get_uniform_points;query_1;0.075;0.181;0.1258;75;181;125.8
8;0.01;1000;get_points;query_1;0.049;0.159;0.0985;49;159;98.5
8;0.01;1000;get_uniform_points;query_1;0.071;0.179;0.1236;71;179;123.6
10;0.0001;1000;get_points;query_1;0.148;0.298;0.2212;148;298;221.2
10;0.0001;1000;get_uniform_points;query_2;0.127;0.253;0.2037;127;253;203.7
10;0.0001;1000;get_points;query_2;0.127;0.274;0.2103;127;274;210.3
10;0.0005;1000;get_points;query_1;0.146;0.297;0.219;146;297;219.0
10;0.0005;1000;get_points;query_2;0.11;0.266;0.20139999999999997;110;266;201.4
10;0.0001;1000;get_uniform_points;query_1;0.17;0.279;0.2109;170;279;210.9
10;0.0005;1000;get_uniform_points;query_2;0.12;0.238;0.19659999999999997;120;238;196.6
10;0.0005;1000;get_uniform_points;query_1;0.17;0.278;0.21030000000000001;170;278;210.3
10;0.005;1000;get_points;query_2;0.073;0.154;0.10840000000000001;73;154;108.4
10;0.001;1000;get_points;query_2;0.1;0.264;0.1879;100;264;187.9
10;0.001;1000;get_points;query_1;0.142;0.294;0.2162;142;294;216.2
10;0.001;1000;get_uniform_points;query_2;0.117;0.222;0.1822;117;222;182.2
10;0.005;1000;get_points;query_1;0.125;0.271;0.1984;125;271;198.4
10;0.01;1000;get_points;query_2;0.042;0.074;0.05550000000000001;42;74;55.5
10;0.005;1000;get_uniform_points;query_2;0.064;0.155;0.1189;64;155;118.9
10;0.001;1000;get_uniform_points;query_1;0.168;0.274;0.20859999999999998;168;274;208.6
10;0.01;1000;get_uniform_points;query_2;0.034;0.087;0.0658;34;87;65.8
10;0.005;1000;get_uniform_points;query_1;0.16;0.271;0.20400000000000001;160;271;204.0
10;0.01;1000;get_points;query_1;0.102;0.24;0.17609999999999998;102;240;176.1
10;0.01;1000;get_uniform_points;query_1;0.16;0.263;0.19910000000000003;160;263;199.1
12;0.0001;1000;get_points;query_1;0.234;0.373;0.31899999999999995;234;373;319.0
12;0.0001;1000;get_points;query_2;0.218;0.386;0.33349999999999996;218;386;333.5
12;0.0005;1000;get_points;query_2;0.197;0.347;0.29679999999999995;197;347;296.8
12;0.0001;1000;get_uniform_points;query_2;0.295;0.409;0.35159999999999997;295;409;351.6
12;0.0001;1000;get_uniform_points;query_1;0.24;0.388;0.3219;240;388;321.9
12;0.0005;1000;get_points;query_1;0.231;0.373;0.3171;231;373;317.1
12;0.0005;1000;get_uniform_points;query_1;0.239;0.387;0.3193;239;387;319.3
12;0.005;1000;get_points;query_2;0.04;0.109;0.07749999999999999;40;109;77.5
12;0.0005;1000;get_uniform_points;query_2;0.282;0.407;0.34619999999999995;282;407;346.2
12;0.001;1000;get_points;query_2;0.179;0.309;0.25860000000000005;179;309;258.6
12;0.01;1000;get_points;query_2;0.002;0.029;0.017499999999999998;2;29;17.5
12;0.005;1000;get_uniform_points;query_2;0.161;0.273;0.2237;161;273;223.7
12;0.001;1000;get_points;query_1;0.225;0.374;0.3144;225;374;314.4
12;0.001;1000;get_uniform_points;query_2;0.266;0.387;0.3286;266;387;328.6
12;0.001;1000;get_uniform_points;query_1;0.237;0.398;0.31870000000000004;237;398;318.7
12;0.005;1000;get_uniform_points;query_1;0.23;0.391;0.3102;230;391;310.2
12;0.005;1000;get_points;query_1;0.22;0.377;0.30400000000000005;220;377;304.0
12;0.01;1000;get_uniform_points;query_2;0.08;0.15;0.12329999999999999;80;150;123.3
12;0.01;1000;get_points;query_1;0.2;0.339;0.28540000000000004;200;339;285.4
12;0.01;1000;get_uniform_points;query_1;0.215;0.365;0.29569999999999996;215;365;295.7
14;0.0001;1000;get_points;query_1;0.342;0.479;0.4191999999999999;342;479;419.2
14;0.0001;1000;get_points;query_2;0.305;0.51;0.42000000000000004;305;510;420.0
14;0.0005;1000;get_points;query_1;0.336;0.475;0.4159;336;475;415.9
14;0.0001;1000;get_uniform_points;query_2;0.307;0.579;0.4425;307;579;442.5
14;0.0005;1000;get_points;query_2;0.275;0.461;0.3809;275;461;380.9
14;0.0005;1000;get_uniform_points;query_2;0.292;0.553;0.4237;292;553;423.7
14;0.0001;1000;get_uniform_points;query_1;0.509;0.616;0.5485;509;616;548.5
14;0.005;1000;get_points;query_2;0.08;0.139;0.10800000000000001;80;139;108.0
14;0.001;1000;get_points;query_1;0.333;0.473;0.40990000000000004;333;473;409.9
14;0.001;1000;get_points;query_2;0.246;0.416;0.33030000000000004;246;416;330.3
14;0.0005;1000;get_uniform_points;query_1;0.508;0.615;0.5475;508;615;547.5
14;0.01;1000;get_points;query_2;0.017;0.033;0.023899999999999998;17;33;23.9
14;0.005;1000;get_points;query_1;0.31;0.473;0.3891;310;473;389.1
14;0.001;1000;get_uniform_points;query_2;0.285;0.508;0.39780000000000004;285;508;397.8
14;0.01;1000;get_uniform_points;query_2;0.072;0.19;0.1376;72;190;137.6
14;0.005;1000;get_uniform_points;query_2;0.153;0.351;0.2612;153;351;261.2
14;0.01;1000;get_points;query_1;0.306;0.427;0.3599;306;427;359.9
14;0.001;1000;get_uniform_points;query_1;0.507;0.615;0.5467000000000001;507;615;546.7
14;0.005;1000;get_uniform_points;query_1;0.501;0.614;0.5394;501;614;539.4
14;0.01;1000;get_uniform_points;query_1;0.485;0.598;0.5232;485;598;523.2
16;0.0001;1000;get_points;query_1;0.373;0.598;0.5012;373;598;501.2
16;0.0001;1000;get_uniform_points;query_1;0.364;0.62;0.4854;364;620;485.4
16;0.0001;1000;get_points;query_2;0.158;0.556;0.40730000000000005;158;556;407.3
16;0.0001;1000;get_uniform_points;query_2;0.318;0.61;0.5285;318;610;528.5
16;0.0005;1000;get_points;query_2;0.136;0.533;0.38180000000000003;136;533;381.8
16;0.0005;1000;get_points;query_1;0.371;0.596;0.49879999999999997;371;596;498.8
16;0.005;1000;get_points;query_2;0.032;0.178;0.11329999999999998;32;178;113.3
16;0.0005;1000;get_uniform_points;query_1;0.361;0.619;0.4835;361;619;483.5
16;0.001;1000;get_points;query_2;0.104;0.466;0.34109999999999996;104;466;341.1
16;0.0005;1000;get_uniform_points;query_2;0.305;0.598;0.5056;305;598;505.6
16;0.01;1000;get_points;query_2;0.008;0.039;0.0258;8;39;25.8
16;0.001;1000;get_uniform_points;query_1;0.361;0.618;0.4837999999999999;361;618;483.8
16;0.001;1000;get_points;query_1;0.367;0.59;0.49540000000000006;367;590;495.4
16;0.001;1000;get_uniform_points;query_2;0.278;0.595;0.4909;278;595;490.9
16;0.005;1000;get_uniform_points;query_2;0.243;0.414;0.3507;243;414;350.7
16;0.005;1000;get_points;query_1;0.345;0.573;0.4701000000000001;345;573;470.1
16;0.01;1000;get_uniform_points;query_2;0.088;0.273;0.20950000000000002;88;273;209.5
16;0.005;1000;get_uniform_points;query_1;0.347;0.609;0.4709999999999999;347;609;471.0
16;0.01;1000;get_points;query_1;0.327;0.538;0.43760000000000004;327;538;437.6
16;0.01;1000;get_uniform_points;query_1;0.34;0.589;0.45709999999999995;340;589;457.1
18;0.0001;1000;get_points;query_1;0.517;0.631;0.5740000000000001;517;631;574.0
18;0.0001;1000;get_points;query_2;0.399;0.745;0.5771999999999999;399;745;577.2
18;0.0005;1000;get_points;query_2;0.33;0.688;0.5145000000000001;330;688;514.5
18;0.0005;1000;get_points;query_1;0.513;0.618;0.5681;513;618;568.1
18;0.0001;1000;get_uniform_points;query_1;0.509;0.728;0.6306;509;728;630.6
18;0.0001;1000;get_uniform_points;query_2;0.49;0.819;0.6699999999999999;490;819;670.0
18;0.005;1000;get_points;query_2;0.065;0.162;0.11589999999999998;65;162;115.9
18;0.0005;1000;get_uniform_points;query_1;0.493;0.727;0.6271000000000001;493;727;627.1
18;0.001;1000;get_points;query_2;0.268;0.561;0.43600000000000005;268;561;436.0
18;0.0005;1000;get_uniform_points;query_2;0.465;0.806;0.6483;465;806;648.3
18;0.001;1000;get_points;query_1;0.506;0.614;0.5640000000000001;506;614;564.0
18;0.01;1000;get_points;query_2;0.014;0.033;0.020999999999999998;14;33;21.0
18;0.005;1000;get_points;query_1;0.47;0.58;0.5304;470;580;530.4
18;0.001;1000;get_uniform_points;query_1;0.493;0.725;0.6243000000000001;493;725;624.3
18;0.01;1000;get_uniform_points;query_2;0.198;0.471;0.3056;198;471;305.6
18;0.005;1000;get_uniform_points;query_2;0.323;0.661;0.48319999999999996;323;661;483.2
18;0.001;1000;get_uniform_points;query_2;0.469;0.787;0.6315000000000001;469;787;631.5
18;0.01;1000;get_points;query_1;0.447;0.539;0.49260000000000004;447;539;492.6
18;0.005;1000;get_uniform_points;query_1;0.472;0.707;0.6073;472;707;607.3
18;0.01;1000;get_uniform_points;query_1;0.462;0.69;0.5898;462;690;589.8
20;0.0001;1000;get_points;query_1;0.442;0.713;0.6099;442;713;609.9
20;0.0005;1000;get_points;query_1;0.444;0.725;0.6088;444;725;608.8
20;0.0001;1000;get_points;query_2;0.573;0.757;0.6785;573;757;678.5
20;0.0005;1000;get_points;query_2;0.55;0.717;0.6342;550;717;634.2
20;0.0001;1000;get_uniform_points;query_2;0.695;0.849;0.7692;695;849;769.2
20;0.0001;1000;get_uniform_points;query_1;0.791;0.94;0.8711;791;940;871.1
20;0.001;1000;get_points;query_1;0.437;0.72;0.6061;437;720;606.1
20;0.005;1000;get_points;query_2;0.139;0.243;0.1774;139;243;177.4
20;0.0005;1000;get_uniform_points;query_2;0.665;0.839;0.7442;665;839;744.2
20;0.0005;1000;get_uniform_points;query_1;0.789;0.94;0.8707;789;940;870.7
20;0.01;1000;get_points;query_2;0.02;0.046;0.033;20;46;33.0
20;0.001;1000;get_points;query_2;0.467;0.641;0.5605999999999999;467;641;560.6
20;0.005;1000;get_points;query_1;0.404;0.767;0.5900000000000001;404;767;590.0
20;0.01;1000;get_uniform_points;query_2;0.198;0.378;0.29359999999999997;198;378;293.6
2;0.0001;2000;get_points;query_1;0.0045;0.0165;0.011;9;33;22.0
2;0.0001;2000;get_points;query_2;0.0065;0.016;0.009999999999999998;13;32;20.0
2;0.0001;2000;get_uniform_points;query_2;0.003;0.0175;0.008050000000000002;6;35;16.1
2;0.0001;2000;get_uniform_points;query_1;0.0075;0.0195;0.013000000000000001;15;39;26.0
2;0.0005;2000;get_points;query_1;0.0045;0.0165;0.010949999999999998;9;33;21.9
2;0.0005;2000;get_points;query_2;0.0065;0.016;0.009699999999999999;13;32;19.4
20;0.001;1000;get_uniform_points;query_2;0.639;0.814;0.7234;639;814;723.4
2;0.0005;2000;get_uniform_points;query_2;0.003;0.014;0.007300000000000001;6;28;14.6
2;0.0005;2000;get_uniform_points;query_1;0.0075;0.0195;0.013000000000000001;15;39;26.0
2;0.001;2000;get_points;query_1;0.0045;0.016;0.011049999999999999;9;32;22.1
2;0.001;2000;get_points;query_2;0.0065;0.016;0.0095;13;32;19.0
2;0.001;2000;get_uniform_points;query_2;0.0025;0.0135;0.0068000000000000005;5;27;13.6
2;0.005;2000;get_points;query_1;0.0045;0.015;0.010399999999999998;9;30;20.8
2;0.001;2000;get_uniform_points;query_1;0.007;0.0195;0.01295;14;39;25.9
2;0.005;2000;get_points;query_2;0.0065;0.014;0.009;13;28;18.0
2;0.005;2000;get_uniform_points;query_2;0.001;0.0065;0.0034000000000000002;2;13;6.8
2;0.005;2000;get_uniform_points;query_1;0.007;0.019;0.012750000000000001;14;38;25.5
2;0.01;2000;get_points;query_1;0.0045;0.015;0.010049999999999998;9;30;20.1
2;0.01;2000;get_points;query_2;0.0055;0.0135;0.008000000000000002;11;27;16.0
2;0.01;2000;get_uniform_points;query_2;0.001;0.004;0.0024000000000000002;2;8;4.8
2;0.01;2000;get_uniform_points;query_1;0.0065;0.0165;0.0124;13;33;24.8
20;0.005;1000;get_uniform_points;query_2;0.436;0.616;0.5279999999999999;436;616;528.0
4;0.0001;2000;get_points;query_2;0.0105;0.0445;0.02525;21;89;50.5
4;0.0001;2000;get_uniform_points;query_1;0.0205;0.0385;0.026750000000000003;41;77;53.5
4;0.0001;2000;get_points;query_1;0.0175;0.0405;0.029300000000000003;35;81;58.6
4;0.0001;2000;get_uniform_points;query_2;0.0175;0.035;0.0259;35;70;51.8
20;0.001;1000;get_uniform_points;query_1;0.788;0.94;0.8702;788;940;870.2
20;0.01;1000;get_points;query_1;0.37;0.72;0.5605999999999999;370;720;560.6
4;0.0005;2000;get_points;query_2;0.0075;0.0365;0.021249999999999998;15;73;42.5
4;0.0005;2000;get_uniform_points;query_2;0.0175;0.0305;0.0237;35;61;47.4
4;0.0005;2000;get_points;query_1;0.0175;0.0405;0.029300000000000003;35;81;58.6
4;0.0005;2000;get_uniform_points;query_1;0.0205;0.0385;0.0267;41;77;53.4
4;0.001;2000;get_points;query_2;0.006;0.03;0.0178;12;60;35.6
4;0.005;2000;get_points;query_2;0.003;0.01;0.005349999999999999;6;20;10.7
4;0.001;2000;get_uniform_points;query_2;0.016;0.0275;0.020999999999999998;32;55;42.0
4;0.001;2000;get_points;query_1;0.0175;0.0405;0.029250000000000005;35;81;58.5
4;0.005;2000;get_uniform_points;query_2;0.008;0.0165;0.010899999999999998;16;33;21.8
4;0.001;2000;get_uniform_points;query_1;0.0205;0.0385;0.0268;41;77;53.6
4;0.005;2000;get_points;query_1;0.0165;0.0405;0.028850000000000004;33;81;57.7
4;0.01;2000;get_points;query_2;0.001;0.004;0.0021999999999999997;2;8;4.4
4;0.005;2000;get_uniform_points;query_1;0.02;0.0375;0.02615;40;75;52.3
4;0.01;2000;get_uniform_points;query_2;0.0025;0.008;0.0058000000000000005;5;16;11.6
4;0.01;2000;get_points;query_1;0.0165;0.04;0.028750000000000005;33;80;57.5
4;0.01;2000;get_uniform_points;query_1;0.02;0.0375;0.0259;40;75;51.8
6;0.0001;2000;get_uniform_points;query_1;0.0185;0.0525;0.040499999999999994;37;105;81.0
6;0.0001;2000;get_points;query_2;0.0305;0.059;0.04485;61;118;89.7
6;0.0001;2000;get_points;query_1;0.035;0.077;0.05920000000000001;70;154;118.4
6;0.0001;2000;get_uniform_points;query_2;0.054;0.0835;0.071;108;167;142.0
6;0.0005;2000;get_points;query_2;0.0255;0.0515;0.04129999999999999;51;103;82.6
6;0.0005;2000;get_points;query_1;0.0345;0.076;0.058800000000000005;69;152;117.6
6;0.0005;2000;get_uniform_points;query_1;0.0185;0.0525;0.04015;37;105;80.3
20;0.005;1000;get_uniform_points;query_1;0.778;0.932;0.8611000000000001;778;932;861.1
6;0.0005;2000;get_uniform_points;query_2;0.0585;0.08;0.07010000000000001;117;160;140.2
6;0.001;2000;get_points;query_2;0.0255;0.047;0.037200000000000004;51;94;74.4
6;0.001;2000;get_points;query_1;0.04;0.0755;0.0591;80;151;118.2
6;0.005;2000;get_points;query_2;0.01;0.0245;0.0171;20;49;34.2
6;0.001;2000;get_uniform_points;query_1;0.0185;0.0495;0.03965;37;99;79.3
6;0.01;2000;get_points;query_2;0.005;0.012;0.0083;10;24;16.6
6;0.005;2000;get_points;query_1;0.0355;0.07;0.05539999999999999;71;140;110.8
6;0.001;2000;get_uniform_points;query_2;0.0525;0.0775;0.06775;105;155;135.5
6;0.005;2000;get_uniform_points;query_1;0.017;0.0475;0.03779999999999999;34;95;75.6
6;0.01;2000;get_uniform_points;query_1;0.016;0.0455;0.0358;32;91;71.6
20;0.01;1000;get_uniform_points;query_1;0.765;0.926;0.8512000000000001;765;926;851.2
6;0.01;2000;get_points;query_1;0.033;0.0665;0.0504;66;133;100.8
6;0.005;2000;get_uniform_points;query_2;0.0435;0.063;0.05555;87;126;111.1
6;0.01;2000;get_uniform_points;query_2;0.0325;0.0455;0.03949999999999999;65;91;79.0
8;0.0001;2000;get_points;query_1;0.064;0.133;0.09875;128;266;197.5
8;0.0001;2000;get_uniform_points;query_1;0.048;0.1255;0.08465;96;251;169.3
8;0.0001;2000;get_points;query_2;0.032;0.136;0.08705000000000002;64;272;174.1
8;0.0001;2000;get_uniform_points;query_2;0.055;0.147;0.0941;110;294;188.2
8;0.0005;2000;get_uniform_points;query_2;0.0555;0.143;0.09095;111;286;181.9
8;0.0005;2000;get_points;query_1;0.064;0.132;0.09824999999999999;128;264;196.5
8;0.0005;2000;get_points;query_2;0.027;0.1255;0.07930000000000001;54;251;158.6
8;0.0005;2000;get_uniform_points;query_1;0.048;0.1255;0.0843;96;251;168.6
8;0.005;2000;get_points;query_2;0.009;0.046;0.029250000000000005;18;92;58.5
8;0.001;2000;get_points;query_2;0.0205;0.106;0.0704;41;212;140.8
8;0.005;2000;get_uniform_points;query_2;0.034;0.0945;0.059399999999999994;68;189;118.8
8;0.01;2000;get_points;query_2;0.0055;0.016;0.0101;11;32;20.2
8;0.001;2000;get_uniform_points;query_2;0.054;0.1395;0.08735000000000001;108;279;174.7
8;0.001;2000;get_uniform_points;query_1;0.048;0.125;0.08424999999999999;96;250;168.5
8;0.001;2000;get_points;query_1;0.063;0.131;0.09790000000000001;126;262;195.8
8;0.005;2000;get_uniform_points;query_1;0.049;0.1215;0.08214999999999999;98;243;164.3
8;0.005;2000;get_points;query_1;0.0605;0.128;0.09085;121;256;181.7
8;0.01;2000;get_uniform_points;query_2;0.0205;0.0635;0.04;41;127;80.0
8;0.01;2000;get_points;query_1;0.057;0.1195;0.0845;114;239;169.0
8;0.01;2000;get_uniform_points;query_1;0.048;0.1195;0.07844999999999999;96;239;156.9
10;0.0001;2000;get_points;query_1;0.0795;0.1945;0.15045;159;389;300.9
10;0.0005;2000;get_points;query_2;0.059;0.2275;0.15035;118;455;300.7
10;0.0005;2000;get_points;query_1;0.0775;0.196;0.1497;155;392;299.4
10;0.0001;2000;get_uniform_points;query_1;0.101;0.1765;0.14135;202;353;282.7
10;0.0001;2000;get_points;query_2;0.059;0.2635;0.1664;118;527;332.8
10;0.0001;2000;get_uniform_points;query_2;0.127;0.2375;0.18295;254;475;365.9
10;0.0005;2000;get_uniform_points;query_1;0.101;0.1765;0.14135;202;353;282.7
10;0.005;2000;get_points;query_2;0.0135;0.0585;0.03774999999999999;27;117;75.5
10;0.0005;2000;get_uniform_points;query_2;0.1355;0.242;0.17439999999999997;271;484;348.8
10;0.001;2000;get_points;query_1;0.076;0.1945;0.1485;152;389;297.0
10;0.01;2000;get_points;query_2;0.0035;0.014;0.00975;7;28;19.5
10;0.001;2000;get_points;query_2;0.0505;0.2065;0.1272;101;413;254.4
10;0.005;2000;get_uniform_points;query_2;0.0535;0.124;0.08519999999999998;107;248;170.4
10;0.01;2000;get_uniform_points;query_2;0.031;0.056;0.04035;62;112;80.7
10;0.005;2000;get_points;query_1;0.073;0.1795;0.13789999999999997;146;359;275.8
10;0.001;2000;get_uniform_points;query_1;0.1005;0.1735;0.1406;201;347;281.2
10;0.001;2000;get_uniform_points;query_2;0.129;0.2245;0.1641;258;449;328.2
10;0.01;2000;get_points;query_1;0.065;0.1655;0.12785;130;331;255.7
10;0.005;2000;get_uniform_points;query_1;0.098;0.1735;0.13795;196;347;275.9
10;0.01;2000;get_uniform_points;query_1;0.092;0.1675;0.134;184;335;268.0
12;0.0001;2000;get_points;query_2;0.0485;0.181;0.12440000000000002;97;362;248.8
12;0.0005;2000;get_points;query_2;0.045;0.156;0.1078;90;312;215.6
12;0.0001;2000;get_uniform_points;query_1;0.147;0.2285;0.19039999999999999;294;457;380.8
12;0.0001;2000;get_points;query_1;0.178;0.282;0.2253;356;564;450.6
12;0.0001;2000;get_uniform_points;query_2;0.0795;0.2915;0.20385;159;583;407.7
12;0.0005;2000;get_uniform_points;query_1;0.146;0.228;0.18970000000000004;292;456;379.4
12;0.0005;2000;get_points;query_1;0.183;0.276;0.22409999999999997;366;552;448.2
12;0.005;2000;get_points;query_2;0.006;0.032;0.0217;12;64;43.4
12;0.0005;2000;get_uniform_points;query_2;0.065;0.2855;0.19119999999999998;130;571;382.4
12;0.001;2000;get_points;query_2;0.0355;0.1365;0.09155;71;273;183.1
12;0.01;2000;get_points;query_2;0.002;0.007;0.00455;4;14;9.1
12;0.005;2000;get_uniform_points;query_2;0.043;0.1755;0.1146;86;351;229.2
12;0.001;2000;get_uniform_points;query_2;0.0585;0.277;0.18180000000000002;117;554;363.6
12;0.001;2000;get_points;query_1;0.18;0.2705;0.2198;360;541;439.6
12;0.001;2000;get_uniform_points;query_1;0.1505;0.225;0.18880000000000002;301;450;377.6
12;0.01;2000;get_uniform_points;query_2;0.0175;0.099;0.05985;35;198;119.7
12;0.005;2000;get_points;query_1;0.153;0.2645;0.20504999999999995;306;529;410.1
12;0.005;2000;get_uniform_points;query_1;0.1445;0.22;0.17965;289;440;359.3
12;0.01;2000;get_points;query_1;0.1435;0.24;0.18535;287;480;370.7
12;0.01;2000;get_uniform_points;query_1;0.1285;0.2105;0.16795;257;421;335.9
14;0.0005;2000;get_points;query_2;0.1465;0.297;0.22174999999999997;293;594;443.5
14;0.0001;2000;get_points;query_2;0.1795;0.348;0.26234999999999997;359;696;524.7
14;0.0001;2000;get_points;query_1;0.237;0.3825;0.29560000000000003;474;765;591.2
14;0.0005;2000;get_points;query_1;0.235;0.382;0.2932;470;764;586.4
14;0.0001;2000;get_uniform_points;query_2;0.1985;0.4045;0.30024999999999996;397;809;600.5
14;0.0001;2000;get_uniform_points;query_1;0.1715;0.3135;0.2435;343;627;487.0
14;0.005;2000;get_points;query_2;0.017;0.0655;0.0328;34;131;65.6
14;0.0005;2000;get_uniform_points;query_2;0.1945;0.394;0.29145;389;788;582.9
14;0.0005;2000;get_uniform_points;query_1;0.1715;0.311;0.2427;343;622;485.4
14;0.001;2000;get_points;query_2;0.124;0.2445;0.18209999999999998;248;489;364.2
14;0.01;2000;get_points;query_2;0.0025;0.0095;0.0066;5;19;13.2
14;0.005;2000;get_uniform_points;query_2;0.0875;0.2235;0.1518;175;447;303.6
14;0.001;2000;get_points;query_1;0.231;0.378;0.29080000000000006;462;756;581.6
14;0.001;2000;get_uniform_points;query_2;0.169;0.364;0.27375000000000005;338;728;547.5
14;0.001;2000;get_uniform_points;query_1;0.17;0.3105;0.24234999999999998;340;621;484.7
14;0.01;2000;get_uniform_points;query_2;0.031;0.1305;0.07085;62;261;141.7
14;0.005;2000;get_points;query_1;0.198;0.354;0.2674;396;708;534.8
14;0.01;2000;get_points;query_1;0.1715;0.3305;0.2448;343;661;489.6
14;0.005;2000;get_uniform_points;query_1;0.1755;0.3045;0.2386;351;609;477.2
14;0.01;2000;get_uniform_points;query_1;0.168;0.2915;0.22845;336;583;456.9
16;0.0001;2000;get_points;query_2;0.227;0.47;0.3366;454;940;673.2
16;0.0005;2000;get_points;query_2;0.1885;0.429;0.30015000000000003;377;858;600.3
16;0.0001;2000;get_points;query_1;0.2555;0.424;0.35479999999999995;511;848;709.6
16;0.0001;2000;get_uniform_points;query_2;0.252;0.4625;0.33404999999999996;504;925;668.1
16;0.0001;2000;get_uniform_points;query_1;0.284;0.4365;0.3565;568;873;713.0
16;0.0005;2000;get_points;query_1;0.254;0.4205;0.35115;508;841;702.3
16;0.0005;2000;get_uniform_points;query_2;0.2305;0.4405;0.3173;461;881;634.6
16;0.005;2000;get_points;query_2;0.0425;0.096;0.0702;85;192;140.4
16;0.0005;2000;get_uniform_points;query_1;0.2825;0.435;0.35605;565;870;712.1
16;0.001;2000;get_points;query_2;0.166;0.3725;0.25885;332;745;517.7
16;0.01;2000;get_points;query_2;0.008;0.024;0.0128;16;48;25.6
16;0.005;2000;get_uniform_points;query_2;0.1095;0.243;0.1734;219;486;346.8
16;0.001;2000;get_points;query_1;0.25;0.426;0.34750000000000003;500;852;695.0
16;0.01;2000;get_uniform_points;query_2;0.0315;0.1175;0.07755000000000001;63;235;155.1
16;0.001;2000;get_uniform_points;query_2;0.215;0.3915;0.29510000000000003;430;783;590.2
16;0.005;2000;get_points;query_1;0.2085;0.4305;0.3227;417;861;645.4
16;0.001;2000;get_uniform_points;query_1;0.2815;0.4345;0.35505;563;869;710.1
16;0.01;2000;get_points;query_1;0.187;0.401;0.28965;374;802;579.3
16;0.005;2000;get_uniform_points;query_1;0.2745;0.4235;0.3436;549;847;687.2
16;0.01;2000;get_uniform_points;query_1;0.265;0.406;0.33330000000000004;530;812;666.6
18;0.0001;2000;get_points;query_1;0.3355;0.5515;0.46109999999999995;671;1103;922.2
18;0.0001;2000;get_points;query_2;0.285;0.6235;0.48285;570;1247;965.7
18;0.0005;2000;get_points;query_2;0.2225;0.557;0.4234;445;1114;846.8
18;0.0005;2000;get_points;query_1;0.3335;0.549;0.45780000000000004;667;1098;915.6
18;0.0001;2000;get_uniform_points;query_1;0.3625;0.6265;0.5079;725;1253;1015.8
18;0.0001;2000;get_uniform_points;query_2;0.4365;0.616;0.54755;873;1232;1095.1
18;0.005;2000;get_points;query_2;0.0495;0.1045;0.07525;99;209;150.5
18;0.0005;2000;get_uniform_points;query_1;0.359;0.625;0.5073000000000001;718;1250;1014.6
18;0.0005;2000;get_uniform_points;query_2;0.4135;0.5895;0.5272;827;1179;1054.4
18;0.001;2000;get_points;query_2;0.184;0.483;0.3669;368;966;733.8
18;0.01;2000;get_points;query_2;0.009;0.017;0.01155;18;34;23.1
18;0.001;2000;get_points;query_1;0.3315;0.5425;0.4561499999999999;663;1085;912.3
18;0.005;2000;get_uniform_points;query_2;0.2565;0.386;0.32999999999999996;513;772;660.0
18;0.005;2000;get_points;query_1;0.3375;0.531;0.43194999999999995;675;1062;863.9
18;0.01;2000;get_uniform_points;query_2;0.1175;0.201;0.1655;235;402;331.0
18;0.001;2000;get_uniform_points;query_2;0.3825;0.555;0.50535;765;1110;1010.7
18;0.001;2000;get_uniform_points;query_1;0.359;0.6225;0.5083500000000001;718;1245;1016.7
18;0.01;2000;get_points;query_1;0.2995;0.4865;0.4015000000000001;599;973;803.0
18;0.005;2000;get_uniform_points;query_1;0.345;0.601;0.4963;690;1202;992.6
18;0.01;2000;get_uniform_points;query_1;0.333;0.596;0.48250000000000004;666;1192;965.0
20;0.0001;2000;get_points;query_2;0.4335;0.6675;0.5785500000000001;867;1335;1157.1
20;0.0001;2000;get_points;query_1;0.503;0.688;0.6108;1006;1376;1221.6
20;0.0001;2000;get_uniform_points;query_1;0.258;0.6785;0.5509;516;1357;1101.8
20;0.0005;2000;get_points;query_2;0.366;0.6085;0.51665;732;1217;1033.3
20;0.0005;2000;get_points;query_1;0.5045;0.6835;0.6066;1009;1367;1213.2
20;0.0005;2000;get_uniform_points;query_1;0.258;0.676;0.54925;516;1352;1098.5
20;0.0001;2000;get_uniform_points;query_2;0.6255;0.739;0.6931499999999999;1251;1478;1386.3
20;0.005;2000;get_points;query_2;0.04;0.147;0.0903;80;294;180.6
20;0.001;2000;get_points;query_2;0.3115;0.526;0.45;623;1052;900.0
20;0.0005;2000;get_uniform_points;query_2;0.5945;0.7215;0.6670999999999999;1189;1443;1334.2
20;0.01;2000;get_points;query_2;0.005;0.024;0.014500000000000002;10;48;29.0
20;0.005;2000;get_uniform_points;query_2;0.3315;0.414;0.38425;663;828;768.5
20;0.001;2000;get_points;query_1;0.501;0.678;0.6032500000000001;1002;1356;1206.5
2;0.0001;3000;get_points;query_1;0.0033333333333333335;0.007;0.005200000000000001;10;21;15.6
2;0.0001;3000;get_points;query_2;0.004666666666666667;0.011333333333333334;0.0074666666666666675;14;34;22.4
2;0.0001;3000;get_uniform_points;query_1;0.004;0.007333333333333333;0.005200000000000001;12;22;15.6
2;0.0001;3000;get_uniform_points;query_2;0.0033333333333333335;0.013;0.007866666666666666;10;39;23.6
2;0.0005;3000;get_points;query_1;0.0033333333333333335;0.007;0.005200000000000001;10;21;15.6
2;0.0005;3000;get_points;query_2;0.004;0.01;0.0064;12;30;19.2
20;0.001;2000;get_uniform_points;query_1;0.262;0.6745;0.548;524;1349;1096.0
2;0.0005;3000;get_uniform_points;query_1;0.004;0.007333333333333333;0.005200000000000001;12;22;15.6
2;0.0005;3000;get_uniform_points;query_2;0.0033333333333333335;0.011666666666666667;0.007533333333333334;10;35;22.6
2;0.001;3000;get_points;query_1;0.0033333333333333335;0.007;0.005200000000000001;10;21;15.6
2;0.001;3000;get_points;query_2;0.003;0.007333333333333333;0.0051;9;22;15.3
2;0.001;3000;get_uniform_points;query_2;0.0033333333333333335;0.011333333333333334;0.007033333333333333;10;34;21.1
2;0.001;3000;get_uniform_points;query_1;0.004;0.007333333333333333;0.005200000000000001;12;22;15.6
2;0.005;3000;get_points;query_2;0.0016666666666666668;0.0026666666666666666;0.0021666666666666666;5;8;6.5
2;0.005;3000;get_points;query_1;0.0033333333333333335;0.007;0.005200000000000001;10;21;15.6
20;0.005;2000;get_points;query_1;0.44;0.6375;0.5637000000000001;880;1275;1127.4
2;0.005;3000;get_uniform_points;query_2;0.002;0.008333333333333333;0.004566666666666668;6;25;13.7
2;0.005;3000;get_uniform_points;query_1;0.004;0.007333333333333333;0.005200000000000001;12;22;15.6
2;0.01;3000;get_points;query_2;0.001;0.0013333333333333333;0.0010999999999999998;3;4;3.3
2;0.01;3000;get_points;query_1;0.0033333333333333335;0.007;0.005166666666666667;10;21;15.5
2;0.01;3000;get_uniform_points;query_1;0.004;0.007333333333333333;0.005166666666666667;12;22;15.5
2;0.01;3000;get_uniform_points;query_2;0.0016666666666666668;0.006333333333333333;0.003333333333333333;5;19;10.0
20;0.01;2000;get_uniform_points;query_2;0.105;0.176;0.15229999999999996;210;352;304.6
4;0.0001;3000;get_points;query_1;0.015666666666666666;0.027333333333333334;0.0207;47;82;62.1
4;0.0001;3000;get_uniform_points;query_1;0.009;0.022333333333333334;0.015433333333333332;27;67;46.3
4;0.0001;3000;get_points;query_2;0.007333333333333333;0.027;0.020466666666666668;22;81;61.4
4;0.0001;3000;get_uniform_points;query_2;0.009666666666666667;0.029;0.019733333333333332;29;87;59.2
4;0.0005;3000;get_points;query_1;0.015666666666666666;0.027333333333333334;0.020566666666666664;47;82;61.7
4;0.0005;3000;get_points;query_2;0.007333333333333333;0.025333333333333333;0.019200000000000002;22;76;57.6
4;0.0005;3000;get_uniform_points;query_1;0.008666666666666666;0.022333333333333334;0.015433333333333332;26;67;46.3
20;0.001;2000;get_uniform_points;query_2;0.5735;0.6825;0.6312;1147;1365;1262.4
4;0.0005;3000;get_uniform_points;query_2;0.009666666666666667;0.028666666666666667;0.0193;29;86;57.9
4;0.001;3000;get_points;query_1;0.015666666666666666;0.027333333333333334;0.02063333333333333;47;82;61.9
4;0.001;3000;get_points;query_2;0.009333333333333334;0.027666666666666666;0.0187;28;83;56.1
4;0.001;3000;get_uniform_points;query_1;0.008666666666666666;0.022333333333333334;0.015333333333333334;26;67;46.0
4;0.001;3000;get_uniform_points;query_2;0.009;0.027666666666666666;0.018266666666666664;27;83;54.8
4;0.005;3000;get_points;query_2;0.005333333333333333;0.014333333333333333;0.0103;16;43;30.9
4;0.01;3000;get_points;query_2;0.003;0.008;0.005733333333333333;9;24;17.2
4;0.005;3000;get_points;query_1;0.014333333333333333;0.024666666666666667;0.019033333333333333;43;74;57.1
4;0.005;3000;get_uniform_points;query_1;0.008;0.022;0.0147;24;66;44.1
4;0.005;3000;get_uniform_points;query_2;0.007;0.021;0.014066666666666667;21;63;42.2
4;0.01;3000;get_points;query_1;0.013666666666666667;0.02266666666666667;0.017666666666666667;41;68;53.0
4;0.01;3000;get_uniform_points;query_1;0.007666666666666666;0.022333333333333334;0.014533333333333334;23;67;43.6
4;0.01;3000;get_uniform_points;query_2;0.004666666666666667;0.017666666666666667;0.0103;14;53;30.9
20;0.005;2000;get_uniform_points;query_1;0.2515;0.6485;0.53;503;1297;1060.0
6;0.0001;3000;get_points;query_2;0.017666666666666667;0.060333333333333336;0.042;53;181;126.0
6;0.0001;3000;get_uniform_points;query_1;0.02;0.04766666666666667;0.03269999999999999;60;143;98.1
6;0.0001;3000;get_points;query_1;0.019;0.052333333333333336;0.041266666666666674;57;157;123.8
6;0.0005;3000;get_points;query_2;0.015666666666666666;0.048666666666666664;0.034833333333333334;47;146;104.5
6;0.0001;3000;get_uniform_points;query_2;0.032;0.053;0.0427;96;159;128.1
6;0.0005;3000;get_points;query_1;0.018666666666666668;0.052;0.041100000000000005;56;156;123.3
6;0.0005;3000;get_uniform_points;query_2;0.032;0.050333333333333334;0.04123333333333334;96;151;123.7
6;0.001;3000;get_points;query_2;0.011;0.042;0.027999999999999997;33;126;84.0
6;0.0005;3000;get_uniform_points;query_1;0.02;0.04766666666666667;0.032733333333333337;60;143;98.2
6;0.005;3000;get_points;query_2;0.003;0.009333333333333334;0.0064;9;28;19.2
6;0.001;3000;get_points;query_1;0.018333333333333333;0.050666666666666665;0.04086666666666667;55;152;122.6
6;0.001;3000;get_uniform_points;query_2;0.031;0.047;0.03936666666666667;93;141;118.1
20;0.01;2000;get_points;query_1;0.398;0.625;0.5278;796;1250;1055.6
6;0.01;3000;get_points;query_2;0.001;0.0026666666666666666;0.0017000000000000001;3;8;5.1
6;0.001;3000;get_uniform_points;query_1;0.019666666666666666;0.04733333333333333;0.032499999999999994;59;142;97.5
6;0.005;3000;get_uniform_points;query_2;0.02033333333333333;0.035666666666666666;0.028066666666666663;61;107;84.2
6;0.01;3000;get_uniform_points;query_2;0.013;0.021333333333333333;0.018166666666666668;39;64;54.5
6;0.005;3000;get_uniform_points;query_1;0.018333333333333333;0.04666666666666667;0.0311;55;140;93.3
6;0.005;3000;get_points;query_1;0.014666666666666666;0.04666666666666667;0.03746666666666666;44;140;112.4
6;0.01;3000;get_points;query_1;0.013666666666666667;0.04733333333333333;0.03433333333333334;41;142;103.0
6;0.01;3000;get_uniform_points;query_1;0.018;0.046;0.030400000000000003;54;138;91.2
8;0.0001;3000;get_points;query_1;0.042333333333333334;0.108;0.06873333333333333;127;324;206.2
8;0.0001;3000;get_uniform_points;query_1;0.027666666666666666;0.078;0.05013333333333333;83;234;150.4
8;0.0005;3000;get_points;query_1;0.041666666666666664;0.10766666666666666;0.0679;125;323;203.7
8;0.0005;3000;get_uniform_points;query_1;0.027666666666666666;0.077;0.0498;83;231;149.4
8;0.0005;3000;get_points;query_2;0.028666666666666667;0.114;0.07569999999999999;86;342;227.1
8;0.0001;3000;get_points;query_2;0.03333333333333333;0.13233333333333333;0.08766666666666666;100;397;263.0
8;0.0001;3000;get_uniform_points;query_2;0.027333333333333334;0.12266666666666666;0.09060000000000001;82;368;271.8
8;0.005;3000;get_points;query_2;0.009;0.023333333333333334;0.0167;27;70;50.1
8;0.001;3000;get_points;query_1;0.04133333333333333;0.106;0.06736666666666666;124;318;202.1
8;0.001;3000;get_points;query_2;0.025;0.099;0.06616666666666667;75;297;198.5
8;0.001;3000;get_uniform_points;query_1;0.026333333333333334;0.07566666666666666;0.049733333333333324;79;227;149.2
8;0.01;3000;get_points;query_2;0.003;0.007;0.004633333333333333;9;21;13.9
20;0.01;2000;get_uniform_points;query_1;0.231;0.637;0.5153500000000001;462;1274;1030.7
8;0.0005;3000;get_uniform_points;query_2;0.024333333333333332;0.11933333333333333;0.08563333333333334;73;358;256.9
8;0.005;3000;get_points;query_1;0.04066666666666666;0.101;0.0645;122;303;193.5
8;0.001;3000;get_uniform_points;query_2;0.021666666666666667;0.11466666666666667;0.08149999999999999;65;344;244.5
8;0.005;3000;get_uniform_points;query_1;0.026333333333333334;0.074;0.049;79;222;147.0
8;0.005;3000;get_uniform_points;query_2;0.015666666666666666;0.07433333333333333;0.052500000000000005;47;223;157.5
8;0.01;3000;get_points;query_1;0.03333333333333333;0.09566666666666666;0.05876666666666667;100;287;176.3
8;0.01;3000;get_uniform_points;query_2;0.011333333333333334;0.04466666666666667;0.03046666666666667;34;134;91.4
8;0.01;3000;get_uniform_points;query_1;0.025333333333333333;0.07033333333333333;0.04653333333333333;76;211;139.6
10;0.0001;3000;get_points;query_2;0.058333333333333334;0.12366666666666666;0.08983333333333333;175;371;269.5
10;0.0005;3000;get_points;query_2;0.043333333333333335;0.106;0.074;130;318;222.0
10;0.0001;3000;get_points;query_1;0.08;0.13233333333333333;0.10303333333333334;240;397;309.1
10;0.0001;3000;get_uniform_points;query_2;0.075;0.14233333333333334;0.11206666666666668;225;427;336.2
10;0.0005;3000;get_uniform_points;query_2;0.07366666666666667;0.144;0.11143333333333334;221;432;334.3
10;0.001;3000;get_points;query_2;0.033;0.09066666666666667;0.05963333333333334;99;272;178.9
10;0.0005;3000;get_points;query_1;0.081;0.132;0.10273333333333334;243;396;308.2
10;0.005;3000;get_points;query_2;0.0033333333333333335;0.018;0.013066666666666666;10;54;39.2
10;0.0001;3000;get_uniform_points;query_1;0.07933333333333334;0.16433333333333333;0.12626666666666667;238;493;378.8
10;0.0005;3000;get_uniform_points;query_1;0.07866666666666666;0.164;0.12523333333333334;236;492;375.7
10;0.01;3000;get_points;query_2;0.0006666666666666666;0.004;0.0029;2;12;8.7
10;0.001;3000;get_points;query_1;0.07966666666666666;0.12966666666666668;0.10163333333333333;239;389;304.9
10;0.005;3000;get_uniform_points;query_2;0.04933333333333333;0.08933333333333333;0.06886666666666666;148;268;206.6
10;0.01;3000;get_uniform_points;query_2;0.026;0.05333333333333334;0.03780000000000001;78;160;113.4
10;0.001;3000;get_uniform_points;query_2;0.07;0.13366666666666666;0.10463333333333333;210;401;313.9
10;0.005;3000;get_points;query_1;0.07333333333333333;0.12766666666666668;0.09606666666666666;220;383;288.2
10;0.01;3000;get_points;query_1;0.06833333333333333;0.12033333333333333;0.08596666666666666;205;361;257.9
10;0.001;3000;get_uniform_points;query_1;0.078;0.16366666666666665;0.1246;234;491;373.8
10;0.005;3000;get_uniform_points;query_1;0.07566666666666666;0.16033333333333333;0.12200000000000003;227;481;366.0
10;0.01;3000;get_uniform_points;query_1;0.07233333333333333;0.15433333333333332;0.11723333333333334;217;463;351.7
12;0.0001;3000;get_points;query_2;0.10033333333333333;0.21066666666666667;0.14213333333333333;301;632;426.4
12;0.0001;3000;get_points;query_1;0.12633333333333333;0.25133333333333335;0.1816;379;754;544.8
12;0.0005;3000;get_points;query_2;0.086;0.19733333333333333;0.12536666666666668;258;592;376.1
12;0.0001;3000;get_uniform_points;query_1;0.16233333333333333;0.224;0.18789999999999998;487;672;563.7
12;0.0001;3000;get_uniform_points;query_2;0.17366666666666666;0.24833333333333332;0.20876666666666668;521;745;626.3
12;0.0005;3000;get_points;query_1;0.122;0.24966666666666668;0.1809;366;749;542.7
12;0.005;3000;get_points;query_2;0.014;0.037333333333333336;0.0215;42;112;64.5
12;0.001;3000;get_points;query_2;0.07666666666666666;0.161;0.10566666666666666;230;483;317.0
12;0.0005;3000;get_uniform_points;query_1;0.16266666666666665;0.225;0.18696666666666667;488;675;560.9
12;0.0005;3000;get_uniform_points;query_2;0.15566666666666668;0.24866666666666667;0.20173333333333332;467;746;605.2
12;0.01;3000;get_points;query_2;0.001;0.006333333333333333;0.0041333333333333335;3;19;12.4
12;0.001;3000;get_points;query_1;0.12033333333333333;0.24633333333333332;0.1804;361;739;541.2
12;0.01;3000;get_uniform_points;query_2;0.028333333333333332;0.067;0.05283333333333333;85;201;158.5
12;0.005;3000;get_uniform_points;query_2;0.08566666666666667;0.13433333333333333;0.11023333333333332;257;403;330.7
12;0.005;3000;get_points;query_1;0.11266666666666666;0.22933333333333333;0.16743333333333338;338;688;502.3
12;0.001;3000;get_uniform_points;query_2;0.146;0.23833333333333334;0.18953333333333333;438;715;568.6
12;0.001;3000;get_uniform_points;query_1;0.164;0.22266666666666668;0.18636666666666665;492;668;559.1
12;0.01;3000;get_points;query_1;0.10666666666666667;0.213;0.15400000000000003;320;639;462.0
12;0.005;3000;get_uniform_points;query_1;0.14833333333333334;0.21966666666666668;0.17976666666666666;445;659;539.3
12;0.01;3000;get_uniform_points;query_1;0.145;0.20933333333333334;0.1729;435;628;518.7
14;0.0001;3000;get_points;query_2;0.16933333333333334;0.29433333333333334;0.21346666666666664;508;883;640.4
14;0.0005;3000;get_points;query_2;0.13266666666666665;0.2753333333333333;0.1924;398;826;577.2
14;0.0001;3000;get_points;query_1;0.168;0.32166666666666666;0.23370000000000002;504;965;701.1
14;0.0001;3000;get_uniform_points;query_1;0.12133333333333333;0.30133333333333334;0.21656666666666666;364;904;649.7
14;0.0005;3000;get_points;query_1;0.16266666666666665;0.32033333333333336;0.23166666666666663;488;961;695.0
14;0.0005;3000;get_uniform_points;query_1;0.12133333333333333;0.301;0.21636666666666665;364;903;649.1
14;0.005;3000;get_points;query_2;0.029333333333333333;0.06633333333333333;0.04856666666666666;88;199;145.7
14;0.001;3000;get_points;query_2;0.12266666666666666;0.23366666666666666;0.168;368;701;504.0
14;0.0001;3000;get_uniform_points;query_2;0.31033333333333335;0.379;0.35229999999999995;931;1137;1056.9
14;0.001;3000;get_points;query_1;0.15966666666666668;0.314;0.22803333333333337;479;942;684.1
14;0.01;3000;get_points;query_2;0.004666666666666667;0.017333333333333333;0.011466666666666667;14;52;34.4
14;0.0005;3000;get_uniform_points;query_2;0.2986666666666667;0.36866666666666664;0.3394666666666667;896;1106;1018.4
14;0.001;3000;get_uniform_points;query_1;0.12166666666666667;0.3006666666666667;0.21583333333333332;365;902;647.5
14;0.005;3000;get_points;query_1;0.144;0.28;0.21253333333333332;432;840;637.6
14;0.01;3000;get_uniform_points;query_2;0.07;0.10533333333333333;0.09023333333333335;210;316;270.7
14;0.005;3000;get_uniform_points;query_2;0.15566666666666668;0.21566666666666667;0.18926666666666664;467;647;567.8
14;0.01;3000;get_points;query_1;0.12433333333333334;0.23866666666666667;0.18803333333333333;373;716;564.1
14;0.001;3000;get_uniform_points;query_2;0.27266666666666667;0.355;0.3204;818;1065;961.2
14;0.005;3000;get_uniform_points;query_1;0.119;0.29;0.20723333333333332;357;870;621.7
14;0.01;3000;get_uniform_points;query_1;0.11466666666666667;0.278;0.20116666666666663;344;834;603.5
16;0.0001;3000;get_points;query_1;0.071;0.37633333333333335;0.1974;213;1129;592.2
16;0.0001;3000;get_uniform_points;query_1;0.24633333333333332;0.39366666666666666;0.29943333333333333;739;1181;898.3
16;0.0005;3000;get_points;query_1;0.07066666666666667;0.37266666666666665;0.19610000000000002;212;1118;588.3
16;0.0001;3000;get_points;query_2;0.252;0.4676666666666667;0.358;756;1403;1074.0
16;0.0005;3000;get_points;query_2;0.2693333333333333;0.4186666666666667;0.32513333333333333;808;1256;975.4
16;0.0005;3000;get_uniform_points;query_1;0.245;0.392;0.2967;735;1176;890.1
16;0.005;3000;get_points;query_2;0.04;0.07833333333333334;0.054400000000000004;120;235;163.2
16;0.0001;3000;get_uniform_points;query_2;0.34;0.4846666666666667;0.4012666666666666;1020;1454;1203.8
16;0.001;3000;get_points;query_1;0.075;0.37;0.19576666666666667;225;1110;587.3
16;0.0005;3000;get_uniform_points;query_2;0.313;0.47;0.3806333333333333;939;1410;1141.9
16;0.01;3000;get_points;query_2;0.006666666666666667;0.013;0.009166666666666667;20;39;27.5
16;0.001;3000;get_points;query_2;0.21266666666666667;0.3536666666666667;0.27090000000000003;638;1061;812.7
16;0.005;3000;get_uniform_points;query_2;0.13;0.25;0.1942;390;750;582.6
16;0.005;3000;get_points;query_1;0.07533333333333334;0.3396666666666667;0.18243333333333336;226;1019;547.3
16;0.01;3000;get_uniform_points;query_2;0.03233333333333333;0.11433333333333333;0.08273333333333334;97;343;248.2
16;0.001;3000;get_uniform_points;query_1;0.24333333333333335;0.396;0.2955;730;1188;886.5
16;0.005;3000;get_uniform_points;query_1;0.231;0.383;0.28403333333333325;693;1149;852.1
16;0.001;3000;get_uniform_points;query_2;0.2816666666666667;0.444;0.3572666666666667;845;1332;1071.8
16;0.01;3000;get_points;query_1;0.059;0.311;0.1673333333333333;177;933;502.0
16;0.01;3000;get_uniform_points;query_1;0.22433333333333333;0.36566666666666664;0.27140000000000003;673;1097;814.2
18;0.0001;3000;get_points;query_2;0.2786666666666667;0.41133333333333333;0.3472666666666667;836;1234;1041.8
18;0.0005;3000;get_points;query_2;0.22733333333333333;0.3476666666666667;0.30123333333333335;682;1043;903.7
18;0.0001;3000;get_points;query_1;0.387;0.544;0.45043333333333335;1161;1632;1351.3
18;0.0001;3000;get_uniform_points;query_1;0.30466666666666664;0.5083333333333333;0.40296666666666664;914;1525;1208.9
18;0.0005;3000;get_points;query_1;0.38333333333333336;0.5413333333333333;0.44769999999999993;1150;1624;1343.1
18;0.0005;3000;get_uniform_points;query_1;0.30366666666666664;0.507;0.40206666666666663;911;1521;1206.2
18;0.0001;3000;get_uniform_points;query_2;0.373;0.573;0.5044;1119;1719;1513.2
18;0.005;3000;get_points;query_2;0.034666666666666665;0.056;0.046700000000000005;104;168;140.1
18;0.001;3000;get_points;query_2;0.18866666666666668;0.31266666666666665;0.25396666666666673;566;938;761.9
18;0.0005;3000;get_uniform_points;query_2;0.3556666666666667;0.5576666666666666;0.49066666666666664;1067;1673;1472.0
18;0.01;3000;get_points;query_2;0.005;0.010333333333333333;0.0074333333333333335;15;31;22.3
18;0.001;3000;get_points;query_1;0.37966666666666665;0.531;0.44333333333333336;1139;1593;1330.0
18;0.001;3000;get_uniform_points;query_1;0.303;0.5043333333333333;0.4009333333333333;909;1513;1202.8
18;0.005;3000;get_uniform_points;query_2;0.20866666666666667;0.3983333333333333;0.33280000000000004;626;1195;998.4
18;0.005;3000;get_points;query_1;0.356;0.516;0.4199;1068;1548;1259.7
18;0.01;3000;get_uniform_points;query_2;0.132;0.265;0.2045;396;795;613.5
18;0.001;3000;get_uniform_points;query_2;0.3283333333333333;0.5446666666666666;0.4708;985;1634;1412.4
18;0.01;3000;get_points;query_1;0.3233333333333333;0.4713333333333333;0.3915666666666667;970;1414;1174.7
18;0.005;3000;get_uniform_points;query_1;0.29433333333333334;0.49266666666666664;0.3891;883;1478;1167.3
18;0.01;3000;get_uniform_points;query_1;0.2813333333333333;0.47533333333333333;0.37453333333333333;844;1426;1123.6
20;0.0001;3000;get_points;query_2;0.393;0.6666666666666666;0.5281;1179;2000;1584.3
20;0.0005;3000;get_points;query_2;0.31933333333333336;0.5866666666666667;0.45010000000000006;958;1760;1350.3
20;0.0001;3000;get_uniform_points;query_2;0.37333333333333335;0.581;0.5036666666666667;1120;1743;1511.0
20;0.0001;3000;get_uniform_points;query_1;0.371;0.646;0.5085333333333334;1113;1938;1525.6
20;0.0001;3000;get_points;query_1;0.5973333333333334;0.6876666666666666;0.6469666666666666;1792;2063;1940.9
20;0.0005;3000;get_uniform_points;query_2;0.3516666666666667;0.571;0.48089999999999994;1055;1713;1442.7
20;0.0005;3000;get_uniform_points;query_1;0.372;0.643;0.5072;1116;1929;1521.6
20;0.005;3000;get_points;query_2;0.018;0.057;0.03426666666666667;54;171;102.8
20;0.0005;3000;get_points;query_1;0.5936666666666667;0.6856666666666666;0.6440666666666667;1781;2057;1932.2
20;0.001;3000;get_points;query_2;0.24266666666666667;0.4776666666666667;0.3539333333333333;728;1433;1061.8
20;0.01;3000;get_points;query_2;0.0006666666666666666;0.006;0.0037333333333333337;2;18;11.2
20;0.005;3000;get_uniform_points;query_2;0.126;0.334;0.2694;378;1002;808.2
20;0.01;3000;get_uniform_points;query_2;0.018666666666666668;0.154;0.11156666666666668;56;462;334.7
2;0.0001;4000;get_points;query_1;0.00275;0.00675;0.0040750000000000005;11;27;16.3
2;0.0001;4000;get_points;query_2;0.00425;0.00725;0.00605;17;29;24.2
2;0.0001;4000;get_uniform_points;query_1;0.0035;0.0095;0.00655;14;38;26.2
2;0.0001;4000;get_uniform_points;query_2;0.0025;0.00725;0.004825000000000001;10;29;19.3
2;0.0005;4000;get_points;query_1;0.00275;0.00675;0.0040750000000000005;11;27;16.3
2;0.0005;4000;get_points;query_2;0.00425;0.006;0.005174999999999999;17;24;20.7
2;0.0005;4000;get_uniform_points;query_1;0.0035;0.0095;0.006525;14;38;26.1
2;0.0005;4000;get_uniform_points;query_2;0.00175;0.0065;0.004200000000000001;7;26;16.8
2;0.001;4000;get_points;query_1;0.00275;0.00675;0.0040750000000000005;11;27;16.3
20;0.001;3000;get_uniform_points;query_2;0.32766666666666666;0.5383333333333333;0.4573666666666666;983;1615;1372.1
2;0.001;4000;get_points;query_2;0.00325;0.006;0.00445;13;24;17.8
2;0.001;4000;get_uniform_points;query_1;0.0035;0.00975;0.006525;14;39;26.1
2;0.001;4000;get_uniform_points;query_2;0.002;0.006;0.00375;8;24;15.0
2;0.005;4000;get_points;query_2;0.00125;0.00225;0.001775;5;9;7.1
2;0.005;4000;get_points;query_1;0.00275;0.00675;0.0040750000000000005;11;27;16.3
2;0.005;4000;get_uniform_points;query_1;0.00275;0.0095;0.006225;11;38;24.9
2;0.005;4000;get_uniform_points;query_2;0.00075;0.004;0.0021999999999999997;3;16;8.8
2;0.01;4000;get_points;query_2;0.00075;0.00125;0.0010000000000000002;3;5;4.0
2;0.01;4000;get_points;query_1;0.00275;0.00625;0.004;11;25;16.0
2;0.01;4000;get_uniform_points;query_1;0.00325;0.00875;0.00615;13;35;24.6
2;0.01;4000;get_uniform_points;query_2;0.00075;0.0025;0.0015500000000000002;3;10;6.2
4;0.0001;4000;get_points;query_2;0.011;0.0205;0.015400000000000002;44;82;61.6
4;0.0001;4000;get_points;query_1;0.0085;0.022;0.016800000000000002;34;88;67.2
4;0.0001;4000;get_uniform_points;query_2;0.00475;0.0195;0.013675000000000001;19;78;54.7
4;0.0001;4000;get_uniform_points;query_1;0.01875;0.02875;0.023;75;115;92.0
4;0.0005;4000;get_points;query_1;0.0085;0.02175;0.016725;34;87;66.9
4;0.0005;4000;get_points;query_2;0.00925;0.01975;0.014924999999999999;37;79;59.7
20;0.001;3000;get_uniform_points;query_1;0.37466666666666665;0.64;0.5056333333333333;1124;1920;1516.9
4;0.0005;4000;get_uniform_points;query_2;0.00475;0.0175;0.013175000000000001;19;70;52.7
4;0.0005;4000;get_uniform_points;query_1;0.01875;0.02875;0.022924999999999997;75;115;91.7
4;0.001;4000;get_points;query_1;0.008;0.02175;0.016550000000000002;32;87;66.2
4;0.001;4000;get_points;query_2;0.01;0.01725;0.013550000000000001;40;69;54.2
4;0.001;4000;get_uniform_points;query_1;0.01925;0.0285;0.022949999999999998;77;114;91.8
4;0.001;4000;get_uniform_points;query_2;0.0045;0.01675;0.0123;18;67;49.2
4;0.005;4000;get_points;query_2;0.0035;0.009;0.006525;14;36;26.1
4;0.005;4000;get_points;query_1;0.0075;0.02175;0.015600000000000003;30;87;62.4
4;0.005;4000;get_uniform_points;query_1;0.0185;0.02675;0.022149999999999996;74;107;88.6
4;0.005;4000;get_uniform_points;query_2;0.00325;0.01075;0.008025000000000001;13;43;32.1
4;0.01;4000;get_points;query_1;0.00725;0.0225;0.015300000000000003;29;90;61.2
4;0.01;4000;get_points;query_2;0.002;0.00475;0.00315;8;19;12.6
4;0.01;4000;get_uniform_points;query_2;0.003;0.0075;0.005399999999999999;12;30;21.6
4;0.01;4000;get_uniform_points;query_1;0.01675;0.02525;0.021599999999999998;67;101;86.4
6;0.0001;4000;get_points;query_1;0.0125;0.0445;0.025224999999999997;50;178;100.9
20;0.001;3000;get_points;query_1;0.589;0.6796666666666666;0.6399000000000001;1767;2039;1919.7
6;0.0001;4000;get_uniform_points;query_1;0.01325;0.04225;0.0257;53;169;102.8
6;0.0001;4000;get_points;query_2;0.01625;0.03675;0.028525000000000002;65;147;114.1
6;0.0001;4000;get_uniform_points;query_2;0.0115;0.048;0.033324999999999994;46;192;133.3
6;0.0005;4000;get_points;query_1;0.01225;0.04375;0.0252;49;175;100.8
6;0.0005;4000;get_points;query_2;0.0145;0.0325;0.0254;58;130;101.6
6;0.0005;4000;get_uniform_points;query_1;0.013;0.04225;0.025500000000000002;52;169;102.0
6;0.0005;4000;get_uniform_points;query_2;0.01025;0.04925;0.031975;41;197;127.9
6;0.001;4000;get_points;query_1;0.01225;0.04325;0.024950000000000003;49;173;99.8
6;0.001;4000;get_points;query_2;0.0145;0.0275;0.021249999999999998;58;110;85.0
6;0.001;4000;get_uniform_points;query_1;0.013;0.04175;0.025374999999999998;52;167;101.5
6;0.001;4000;get_uniform_points;query_2;0.01025;0.04725;0.030774999999999997;41;189;123.1
20;0.005;3000;get_uniform_points;query_1;0.36666666666666664;0.6193333333333333;0.4937333333333333;1100;1858;1481.2
6;0.005;4000;get_points;query_2;0.00475;0.00975;0.007250000000000001;19;39;29.0
6;0.01;4000;get_points;query_2;0.0015;0.00325;0.0024749999999999998;6;13;9.9
6;0.005;4000;get_uniform_points;query_2;0.007;0.027;0.017124999999999998;28;108;68.5
6;0.005;4000;get_points;query_1;0.011;0.0405;0.023200000000000002;44;162;92.8
6;0.01;4000;get_points;query_1;0.011;0.0375;0.021725;44;150;86.9
6;0.005;4000;get_uniform_points;query_1;0.012;0.04025;0.0245;48;161;98.0
6;0.01;4000;get_uniform_points;query_2;0.005;0.0155;0.0097;20;62;38.8
6;0.01;4000;get_uniform_points;query_1;0.012;0.03825;0.0234;48;153;93.6
20;0.005;3000;get_points;query_1;0.5633333333333334;0.6686666666666666;0.6143333333333334;1690;2006;1843.0
8;0.0001;4000;get_points;query_1;0.02425;0.07;0.046325;97;280;185.3
8;0.0001;4000;get_uniform_points;query_2;0.02175;0.06225;0.045399999999999996;87;249;181.6
8;0.0005;4000;get_points;query_1;0.02425;0.06925;0.04625;97;277;185.0
8;0.0001;4000;get_points;query_2;0.03775;0.066;0.053125;151;264;212.5
8;0.0001;4000;get_uniform_points;query_1;0.02875;0.06575;0.048125;115;263;192.5
20;0.01;3000;get_points;query_1;0.5166666666666667;0.6343333333333333;0.5782666666666667;1550;1903;1734.8
8;0.0005;4000;get_points;query_2;0.02975;0.0655;0.047475;119;262;189.9
8;0.001;4000;get_points;query_2;0.028;0.05325;0.041625;112;213;166.5
20;0.01;3000;get_uniform_points;query_1;0.3466666666666667;0.6036666666666667;0.4745333333333333;1040;1811;1423.6
8;0.001;4000;get_points;query_1;0.02375;0.06825;0.046275;95;273;185.1
8;0.0005;4000;get_uniform_points;query_2;0.0215;0.058;0.042375;86;232;169.5
8;0.005;4000;get_points;query_2;0.011;0.019;0.014550000000000002;44;76;58.2
8;0.0005;4000;get_uniform_points;query_1;0.0285;0.066;0.047900000000000005;114;264;191.6
8;0.01;4000;get_points;query_2;0.00225;0.008;0.004675;9;32;18.7
8;0.005;4000;get_uniform_points;query_2;0.00575;0.0275;0.01815;23;110;72.6
8;0.01;4000;get_uniform_points;query_2;0.002;0.01275;0.009174999999999999;8;51;36.7
8;0.001;4000;get_uniform_points;query_1;0.028;0.06575;0.047525000000000005;112;263;190.1
8;0.001;4000;get_uniform_points;query_2;0.01775;0.053;0.037474999999999994;71;212;149.9
8;0.005;4000;get_points;query_1;0.02025;0.0625;0.042125;81;250;168.5
8;0.01;4000;get_points;query_1;0.018;0.0555;0.03785;72;222;151.4
8;0.005;4000;get_uniform_points;query_1;0.028;0.064;0.046475;112;256;185.9
8;0.01;4000;get_uniform_points;query_1;0.02675;0.0625;0.045125;107;250;180.5
10;0.0005;4000;get_points;query_2;0.0525;0.12175;0.08804999999999999;210;487;352.2
10;0.0001;4000;get_points;query_1;0.052;0.11675;0.084925;208;467;339.7
10;0.0005;4000;get_points;query_1;0.0515;0.11625;0.084425;206;465;337.7
10;0.0001;4000;get_points;query_2;0.0545;0.14925;0.1079;218;597;431.6
10;0.0001;4000;get_uniform_points;query_1;0.059;0.15325;0.097;236;613;388.0
10;0.0001;4000;get_uniform_points;query_2;0.09675;0.1795;0.143475;387;718;573.9
10;0.005;4000;get_points;query_2;0.00725;0.01375;0.010199999999999999;29;55;40.8
10;0.0005;4000;get_uniform_points;query_1;0.058;0.153;0.09635;232;612;385.4
10;0.001;4000;get_points;query_2;0.04575;0.09975;0.07;183;399;280.0
10;0.0005;4000;get_uniform_points;query_2;0.08725;0.16425;0.133;349;657;532.0
10;0.01;4000;get_points;query_2;0.00125;0.00425;0.0027;5;17;10.8
10;0.001;4000;get_points;query_1;0.0515;0.1155;0.08372500000000001;206;462;334.9
10;0.005;4000;get_uniform_points;query_2;0.01525;0.07025;0.0548;61;281;219.2
10;0.005;4000;get_points;query_1;0.04875;0.1095;0.07959999999999999;195;438;318.4
10;0.001;4000;get_uniform_points;query_2;0.076;0.151;0.12284999999999999;304;604;491.4
10;0.001;4000;get_uniform_points;query_1;0.0535;0.15275;0.09485;214;611;379.4
10;0.01;4000;get_uniform_points;query_2;0.01225;0.0335;0.021525;49;134;86.1
10;0.01;4000;get_points;query_1;0.0455;0.10325;0.07542499999999999;182;413;301.7
10;0.005;4000;get_uniform_points;query_1;0.056;0.1475;0.09167499999999999;224;590;366.7
10;0.01;4000;get_uniform_points;query_1;0.05425;0.14;0.0888;217;560;355.2
12;0.0001;4000;get_points;query_2;0.078;0.1885;0.12195;312;754;487.8
12;0.0001;4000;get_points;query_1;0.1015;0.1865;0.130275;406;746;521.1
12;0.0001;4000;get_uniform_points;query_1;0.10475;0.17225;0.14079999999999998;419;689;563.2
12;0.0005;4000;get_points;query_1;0.10125;0.184;0.1302;405;736;520.8
12;0.0005;4000;get_points;query_2;0.0765;0.17725;0.11372499999999999;306;709;454.9
12;0.0005;4000;get_uniform_points;query_1;0.1045;0.1715;0.139975;418;686;559.9
12;0.005;4000;get_points;query_2;0.02275;0.06025;0.03269999999999999;91;241;130.8
12;0.001;4000;get_points;query_2;0.06675;0.15675;0.09722499999999999;267;627;388.9
12;0.0001;4000;get_uniform_points;query_2;0.19925;0.286;0.242125;797;1144;968.5
12;0.001;4000;get_points;query_1;0.0995;0.18125;0.128525;398;725;514.1
12;0.001;4000;get_uniform_points;query_1;0.10375;0.172;0.139475;415;688;557.9
12;0.005;4000;get_points;query_1;0.09225;0.17;0.118125;369;680;472.5
12;0.0005;4000;get_uniform_points;query_2;0.198;0.2755;0.2318;792;1102;927.2
12;0.01;4000;get_points;query_2;0.00575;0.0135;0.00885;23;54;35.4
12;0.01;4000;get_uniform_points;query_2;0.032;0.055;0.044849999999999994;128;220;179.4
12;0.005;4000;get_uniform_points;query_1;0.0955;0.1685;0.1328;382;674;531.2
12;0.005;4000;get_uniform_points;query_2;0.08925;0.1485;0.11647500000000002;357;594;465.9
12;0.001;4000;get_uniform_points;query_2;0.1775;0.25025;0.21405;710;1001;856.2
12;0.01;4000;get_points;query_1;0.08075;0.15325;0.10834999999999999;323;613;433.4
12;0.01;4000;get_uniform_points;query_1;0.095;0.16275;0.12782500000000002;380;651;511.3
14;0.0001;4000;get_points;query_2;0.08025;0.254;0.1706;321;1016;682.4
14;0.0005;4000;get_points;query_2;0.0645;0.21825;0.139775;258;873;559.1
14;0.0001;4000;get_points;query_1;0.1725;0.28875;0.21455000000000002;690;1155;858.2
14;0.0005;4000;get_points;query_1;0.17275;0.2845;0.21542500000000003;691;1138;861.7
14;0.0001;4000;get_uniform_points;query_1;0.125;0.24525;0.1849;500;981;739.6
14;0.0001;4000;get_uniform_points;query_2;0.149;0.30575;0.22367499999999998;596;1223;894.7
14;0.005;4000;get_points;query_2;0.01;0.0365;0.019825000000000002;40;146;79.3
14;0.0005;4000;get_uniform_points;query_1;0.131;0.24325;0.18505;524;973;740.2
14;0.001;4000;get_points;query_2;0.0615;0.169;0.11595;246;676;463.8
14;0.0005;4000;get_uniform_points;query_2;0.132;0.2835;0.20759999999999995;528;1134;830.4
14;0.01;4000;get_points;query_2;0.00175;0.0055;0.003175;7;22;12.7
14;0.001;4000;get_points;query_1;0.17225;0.28175;0.21539999999999998;689;1127;861.6
14;0.005;4000;get_uniform_points;query_2;0.05175;0.13125;0.09220000000000002;207;525;368.8
14;0.01;4000;get_uniform_points;query_2;0.0125;0.05575;0.031725;50;223;126.9
14;0.005;4000;get_points;query_1;0.16425;0.26925;0.20644999999999997;657;1077;825.8
14;0.001;4000;get_uniform_points;query_1;0.1285;0.25025;0.18519999999999998;514;1001;740.8
14;0.001;4000;get_uniform_points;query_2;0.137;0.2625;0.1916;548;1050;766.4
14;0.01;4000;get_points;query_1;0.15825;0.253;0.1908;633;1012;763.2
14;0.005;4000;get_uniform_points;query_1;0.12375;0.24225;0.17857499999999998;495;969;714.3
14;0.01;4000;get_uniform_points;query_1;0.12;0.23275;0.17054999999999998;480;931;682.2
16;0.0001;4000;get_points;query_1;0.14575;0.34925;0.26285;583;1397;1051.4
16;0.0001;4000;get_points;query_2;0.10575;0.2835;0.21302499999999996;423;1134;852.1
16;0.0001;4000;get_uniform_points;query_1;0.1365;0.3145;0.20149999999999996;546;1258;806.0
16;0.0005;4000;get_points;query_2;0.10125;0.2545;0.194325;405;1018;777.3
16;0.0001;4000;get_uniform_points;query_2;0.1675;0.36175;0.24330000000000002;670;1447;973.2
16;0.0005;4000;get_points;query_1;0.145;0.34775;0.261025;580;1391;1044.1
16;0.0005;4000;get_uniform_points;query_1;0.13575;0.3135;0.20074999999999998;543;1254;803.0
16;0.005;4000;get_points;query_2;0.02175;0.04725;0.038024999999999996;87;189;152.1
16;0.0005;4000;get_uniform_points;query_2;0.1545;0.343;0.2202;618;1372;880.8
16;0.001;4000;get_points;query_2;0.07475;0.21425;0.16325;299;857;653.0
16;0.01;4000;get_points;query_2;0.004;0.01;0.0075;16;40;30.0
16;0.005;4000;get_uniform_points;query_2;0.066;0.158;0.10085000000000002;264;632;403.4
16;0.01;4000;get_uniform_points;query_2;0.01975;0.06;0.035775;79;240;143.1
16;0.001;4000;get_uniform_points;query_2;0.145;0.29875;0.202175;580;1195;808.7
16;0.001;4000;get_uniform_points;query_1;0.13475;0.316;0.19985000000000003;539;1264;799.4
16;0.001;4000;get_points;query_1;0.141;0.3425;0.25800000000000006;564;1370;1032.0
16;0.005;4000;get_points;query_1;0.1295;0.309;0.235925;518;1236;943.7
16;0.01;4000;get_points;query_1;0.11125;0.27525;0.20917500000000003;445;1101;836.7
16;0.005;4000;get_uniform_points;query_1;0.1275;0.30275;0.19090000000000001;510;1211;763.6
16;0.01;4000;get_uniform_points;query_1;0.11975;0.291;0.18439999999999998;479;1164;737.6
18;0.0001;4000;get_uniform_points;query_2;0.203;0.40275;0.297425;812;1611;1189.7
18;0.0001;4000;get_points;query_2;0.20975;0.4155;0.333775;839;1662;1335.1
18;0.0005;4000;get_points;query_2;0.18925;0.3705;0.2953;757;1482;1181.2
18;0.0001;4000;get_points;query_1;0.3155;0.48075;0.37825;1262;1923;1513.0
18;0.0005;4000;get_points;query_1;0.31;0.479;0.37535;1240;1916;1501.4
18;0.0005;4000;get_uniform_points;query_2;0.181;0.36775;0.27817499999999995;724;1471;1112.7
18;0.005;4000;get_points;query_2;0.03725;0.07175;0.05437499999999999;149;287;217.5
18;0.0001;4000;get_uniform_points;query_1;0.2645;0.46625;0.40025000000000005;1058;1865;1601.0
18;0.0005;4000;get_uniform_points;query_1;0.2635;0.464;0.3981;1054;1856;1592.4
18;0.001;4000;get_points;query_2;0.16925;0.30075;0.24677500000000002;677;1203;987.1
18;0.01;4000;get_points;query_2;0.00325;0.01575;0.008700000000000003;13;63;34.8
18;0.005;4000;get_uniform_points;query_2;0.07;0.1795;0.12772500000000003;280;718;510.9
18;0.001;4000;get_uniform_points;query_2;0.17075;0.351;0.26065;683;1404;1042.6
18;0.01;4000;get_uniform_points;query_2;0.03125;0.072;0.047650000000000005;125;288;190.6
18;0.001;4000;get_points;query_1;0.306;0.4755;0.37155000000000005;1224;1902;1486.2
18;0.005;4000;get_points;query_1;0.28275;0.448;0.34457499999999996;1131;1792;1378.3
18;0.01;4000;get_points;query_1;0.24725;0.4105;0.31334999999999996;989;1642;1253.4
18;0.001;4000;get_uniform_points;query_1;0.2625;0.4635;0.396875;1050;1854;1587.5
