2;20000;get_points;query_2;0.00035;0.00095;0.0007099999999999999
2;20000;get_points;query_1;0.0006;0.0009;0.00075
2;20000;get_exponential_points;query_2;0.0008;0.00125;0.000945
2;20000;get_uniform_points;query_2;0.0006;0.0028;0.00103
2;20000;get_exponential_points;query_1;0.0006;0.0014;0.0010149999999999998
2;20000;get_uniform_points;query_1;0.0006;0.0025;0.001025
3;20000;get_points;query_2;0.0007;0.0014;0.00107
3;20000;get_points;query_1;0.0006;0.00155;0.001095
3;20000;get_uniform_points;query_1;0.00075;0.0022;0.00116
3;20000;get_uniform_points;query_2;0.0007;0.00245;0.0012749999999999999
3;20000;get_exponential_points;query_2;0.00085;0.00175;0.001315
3;20000;get_exponential_points;query_1;0.001;0.0029;0.00179
10;20000;get_exponential_points;query_1;0.0016;0.002;0.001755
10;20000;get_exponential_points;query_2;0.00155;0.0021;0.001735
10;20000;get_points;query_2;0.00425;0.021;0.009830000000000002
10;20000;get_points;query_1;0.00515;0.01685;0.01157
20;20000;get_exponential_points;query_1;0.00325;0.00425;0.00377
10;20000;get_uniform_points;query_1;0.0066;0.02075;0.01465
20;20000;get_exponential_points;query_2;0.00335;0.00475;0.0038399999999999997
2;40000;get_points;query_1;0.000325;0.0005;0.0003975
2;40000;get_points;query_2;0.0002;0.000525;0.000345
2;40000;get_uniform_points;query_2;0.0002;0.0008;0.0004
2;40000;get_uniform_points;query_1;0.000225;0.000575;0.00042749999999999993
2;40000;get_exponential_points;query_1;0.00045;0.000775;0.000625
2;40000;get_exponential_points;query_2;0.000375;0.000675;0.0004825
3;40000;get_points;query_1;0.000325;0.00065;0.0005175
10;20000;get_uniform_points;query_2;0.00745;0.02955;0.019844999999999998
3;40000;get_points;query_2;0.000375;0.000675;0.0005024999999999999
3;40000;get_uniform_points;query_1;0.000325;0.000875;0.0006100000000000001
3;40000;get_exponential_points;query_2;0.000425;0.001075;0.0007549999999999999
3;40000;get_uniform_points;query_2;0.0004;0.005225;0.0011924999999999998
3;40000;get_exponential_points;query_1;0.000725;0.001825;0.0011925
10;40000;get_points;query_1;0.00365;0.0102;0.0058649999999999996
10;40000;get_points;query_2;0.004075;0.0074;0.005912499999999999
10;40000;get_exponential_points;query_1;0.000775;0.001175;0.0009949999999999998
10;40000;get_exponential_points;query_2;0.0009;0.001125;0.000995
10;40000;get_uniform_points;query_1;0.002975;0.011175;0.008165
10;40000;get_uniform_points;query_2;0.003575;0.023625;0.0104225
20;20000;get_points;query_2;0.07835;0.1889;0.138465
20;20000;get_uniform_points;query_1;0.07485;0.24115;0.14470999999999998
20;40000;get_exponential_points;query_1;0.00175;0.0026;0.002045
20;20000;get_points;query_1;0.07595;0.25225;0.157605
2;80000;get_points;query_1;0.00015;0.0002;0.0001825
2;80000;get_points;query_2;0.0001;0.00025;0.00017749999999999998
20;40000;get_exponential_points;query_2;0.001825;0.002625;0.00217
2;80000;get_uniform_points;query_1;0.0001375;0.000425;0.000245
2;80000;get_uniform_points;query_2;0.0001375;0.0010125;0.00029250000000000006
2;80000;get_exponential_points;query_1;0.0002;0.0004375;0.00031874999999999997
2;80000;get_exponential_points;query_2;0.0001875;0.0003375;0.00026625000000000005
