   4187.6681647    7195.6328654
   4173.4104380    7200.7512307
   4184.8411264    7182.6435273
   4166.9958750    7199.4043909
   4181.5577414    7192.2460217
   4168.4957650    7194.4663502
   4170.6421845    7209.0730866
   4159.2138553    7214.6921715
   4179.2359542    7208.2698778
   4179.2286065    7196.4076558
   4168.9911448    7193.8872401
   4167.5411662    7208.5484891
   4163.3034395    7199.2773992
   4163.3483200    7194.7928780
   4163.5075857    7203.1182884
   4159.0469435    7205.5890914
   4186.8180688    7210.6653760
   4168.3016915    7194.3686448
   4162.7484641    7220.1694804
   4170.7281246    7196.8749780
   4172.1292019    7224.2474858
   4171.4216366    7209.4169655
   4173.2217502    7199.7224360
   4158.7948650    7199.7515072
   4168.1311047    7209.1111663
   4178.6098812    7212.5559552
   4173.0759203    7212.0963461
   4162.6760676    7215.7736160
   4175.3493452    7200.2640061
   4175.1052285    7202.4892173
     12.4600420    3038.5238945
     22.9995022    3009.3607630
    -13.2973899    3018.2810677
      2.7441189    3032.0874155
      4.3000976    3003.1037142
     -1.9182920    3031.6054727
      3.4446955    3030.9458381
     -1.0795333    3021.3181456
      3.0093621    3027.4262428
      3.1267454    3024.5158128
     -5.5628747    3027.1013642
      2.3619609    3034.6205654
     13.1329270    3025.1772905
     -2.6091013    3016.9384222
      5.3786917    3024.0991270
     -2.2947886    3023.7616949
     -5.0562603    3030.3060467
     -3.3275375    3035.5708034
      5.1786646    3029.2615116
     -9.8053703    3025.0195506
      8.5493127    3013.7887203
     -1.5184369    3023.6518718
    -12.5874250    3026.4773202
      9.6053546    3014.7305669
      4.6492080    3010.2028922
      0.7567931    3007.1680028
     12.3579253    3027.4147317
      0.8975786    3015.5741101
     13.8813075    3042.9967438
    -17.4360705    3035.6873666
   1483.8354157     926.7660647
   1455.5662278     932.0194009
   1465.7497052     917.3467414
   1455.2583268     928.8913226
   1475.4869768     917.1506404
   1472.7646715     911.9425338
   1475.5775185     923.8516207
   1465.6932105     922.3684890
   1476.2477697     930.8900641
   1472.8535614     924.7629598
   1468.3371195     929.5697503
   1469.8838538     930.2114618
   1464.4577404     899.0375700
   1477.9471542     945.2557442
   1471.9725526     922.3843954
   1466.1944607     922.1954058
   1467.7330023     912.1657604
   1462.3879636     913.4156794
   1470.0468998     920.4195362
   1472.5110214     921.6389161
   1477.4222600     925.5212867
   1489.4659055     904.4223385
   1461.0897413     932.4008166
   1492.8421652     920.8995999
   1467.9955981     921.1228053
   1480.8734793     920.5128691
   1474.3596066     920.1879317
   1454.8333206     926.5214249
   1472.5907563     936.3182065
   1466.4544379     917.2123271
   1868.2297247    3458.0146414
   1865.4087645    3454.8761434
   1874.2054995    3459.3021976
   1881.6487009    3466.7178374
   1869.1926117    3439.3328870
   1868.6253066    3459.8100925
   1870.7116305    3466.0516914
   1858.5933319    3463.8473266
   1856.9790595    3475.1560512
   1849.2825971    3438.0003848
   1846.0949011    3446.7017146
   1851.4109598    3475.1680595
   1859.3371188    3442.1805125
   1873.7459435    3449.7420310
   1850.2335800    3464.3656597
   1868.8357355    3451.2577036
   1876.6775138    3456.8982862
   1878.7716098    3460.6346793
   1878.1901692    3456.7012974
   1850.4046698    3480.1009569
   1857.1443721    3453.6188918
   1855.5981287    3453.5733259
   1865.0288082    3457.6255722
   1869.2123167    3473.5288525
   1861.3974681    3443.2760631
   1850.7789325    3448.9497252
   1845.8601557    3463.8575687
   1857.6199781    3452.4974206
   1862.5831989    3441.6410662
   1853.9889502    3462.3543857
   3973.8601336    5383.7356207
   3985.7800914    5375.1100708
   3964.2248702    5385.8589426
   3939.7438923    5407.5426282
   3971.3380625    5377.7214462
   3988.1864767    5394.0239600
   3971.9700037    5382.0973561
   3968.7369695    5372.9105369
   3975.6250033    5384.4229568
   3969.0152243    5400.1878887
   3970.5222234    5390.7920145
   3970.4397354    5380.8346240
   3976.0347895    5403.6009311
   3975.2627989    5397.0164282
   3958.9019271    5379.4894678
   3953.2659821    5400.4898707
   3965.1329436    5402.1657795
   3959.8556255    5383.7922502
   3968.6289932    5397.3818407
   3968.2822443    5390.2785876
   3967.8400180    5389.9392172
   3956.5100421    5388.9766110
   3965.8089524    5387.5990952
   3972.5981079    5381.3605586
   3966.8296620    5385.1937212
   3971.8477624    5396.0150465
   3958.1204897    5394.0264443
   3988.3325755    5373.4557708
   3959.3730234    5379.3615640
   3964.8837651    5404.3958309
