   4184.8411264    7182.6435273
   4166.9958750    7199.4043909
   4181.5577414    7192.2460217
   4168.4957650    7194.4663502
   4170.6421845    7209.0730866
   4159.2138553    7214.6921715
   4179.2359542    7208.2698778
   4179.2286065    7196.4076558
   4168.9911448    7193.8872401
   4167.5411662    7208.5484891
   4163.3034395    7199.2773992
   4163.3483200    7194.7928780
   4163.5075857    7203.1182884
   4159.0469435    7205.5890914
   4186.8180688    7210.6653760
   4168.3016915    7194.3686448
   4162.7484641    7220.1694804
   4170.7281246    7196.8749780
   4172.1292019    7224.2474858
   4171.4216366    7209.4169655
   4173.2217502    7199.7224360
   4158.7948650    7199.7515072
   4168.1311047    7209.1111663
   4178.6098812    7212.5559552
   4173.0759203    7212.0963461
   4162.6760676    7215.7736160
   4175.3493452    7200.2640061
   4175.1052285    7202.4892173
   4181.5363409    7218.4431026
   4192.0758011    7189.2799711
   4155.7789090    7198.2002758
   4171.8204177    7212.0066236
   4173.3763965    7183.0229223
   4167.1580069    7211.5246808
   4172.5209944    7210.8650462
   4167.9967656    7201.2373537
   4172.0856609    7207.3454509
   4172.2030442    7204.4350209
   4163.5134242    7207.0205723
   4171.4382597    7214.5397735
   4182.2092258    7205.0964986
   4166.4671975    7196.8576303
   4174.4549906    7204.0183351
   4166.7815103    7203.6809030
   4164.0200386    7210.2252548
   4165.7487614    7215.4900115
   4174.2549634    7209.1807197
   4159.2709286    7204.9387588
   4177.6256115    7193.7079284
   4167.5578620    7203.5710799
    -12.5874250    3026.4773202
      9.6053546    3014.7305669
      4.6492080    3010.2028922
      0.7567931    3007.1680028
     12.3579253    3027.4147317
      0.8975786    3015.5741101
     13.8813075    3042.9967438
    -17.4360705    3035.6873666
     17.4202557    3026.7058433
    -10.8489321    3031.9591795
     -0.6654548    3017.2865200
    -11.1568332    3028.8311013
      9.0718168    3017.0904190
      6.3495115    3011.8823124
      9.1623585    3023.7913993
     -0.7219495    3022.3082676
      9.8326097    3030.8298427
      6.4384014    3024.7027384
      1.9219595    3029.5095289
      3.4686938    3030.1512404
     -1.9574196    2998.9773487
     11.5319942    3045.1955228
      5.5573926    3022.3241740
     -0.2206993    3022.1351844
      1.3178423    3012.1055390
     -4.0271964    3013.3554580
      3.6317398    3020.3593148
      6.0958614    3021.5786947
     11.0071001    3025.4610653
     23.0507455    3004.3621171
     -5.3254187    3032.3405952
     26.4270052    3020.8393785
      1.5804381    3021.0625839
     14.4583193    3020.4526477
      7.9444466    3020.1277103
    -11.5818394    3026.4612035
      6.1755963    3036.2579851
      0.0392779    3017.1521057
      6.7713591    3025.7330972
      3.9503989    3022.5945993
     12.7471339    3027.0206535
     20.1903353    3034.4362933
      7.7342461    3007.0513429
      7.1669410    3027.5285484
      9.2532649    3033.7701473
     -2.8650337    3031.5657825
     -4.4793061    3042.8745071
    -12.1757685    3005.7188407
    -15.3634645    3014.4201705
    -10.0474058    3042.8865154
   1464.2939132     909.9591898
   1478.7027379     917.5207083
   1455.1903744     932.1443370
   1473.7925299     919.0363809
   1481.6343082     924.6769635
   1483.7284042     928.4133565
   1483.1469636     924.4799747
   1455.3614642     947.8796342
   1462.1011665     921.3975691
   1460.5549231     921.3520032
   1469.9856026     925.4042495
   1474.1691110     941.3075298
   1466.3542625     911.0547403
   1455.7357269     916.7284025
   1450.8169501     931.6362459
   1462.5767725     920.2760979
   1467.5399933     909.4197434
   1458.9457446     930.1330629
   1473.7442995     918.9542284
   1485.6642573     910.3286785
   1464.1090361     921.0775503
   1439.6280582     942.7612358
   1471.2222283     912.9400539
   1488.0706426     929.2425677
   1471.8541696     917.3159637
   1468.6211354     908.1291445
   1475.5091691     919.6415645
   1468.8993901     935.4064963
   1470.4063893     926.0106221
   1470.3239012     916.0532316
   1475.9189554     938.8195388
   1475.1469648     932.2350358
   1458.7860930     914.7080755
   1453.1501479     935.7084784
   1465.0171095     937.3843871
   1459.7397913     919.0108579
   1468.5131590     932.6004484
   1468.1664101     925.4971952
   1467.7241838     925.1578249
   1456.3942080     924.1952187
   1465.6931182     922.8177029
   1472.4822737     916.5791663
   1466.7138279     920.4123289
   1471.7319282     931.2336542
   1458.0046555     929.2450520
   1488.2167414     908.6743784
   1459.2571892     914.5801717
   1464.7679310     939.6144385
   1467.6924349     916.4390117
   1473.7769432     917.3879024
   1873.8362354    3458.6599408
   1876.4899077    3448.9938280
   1892.9106849    3463.8531167
   1869.1479153    3455.0953860
   1855.3461426    3446.9295837
   1861.2423405    3447.6345726
   1865.4288709    3447.3462961
   1868.8129408    3465.1684875
   1855.5437087    3467.5341311
   1860.2226944    3467.1601493
   1866.9837772    3466.8305536
   1852.6319158    3454.5393306
   1877.1164064    3449.4269020
   1842.2301015    3436.1813786
   1837.5377072    3434.4656312
   1858.4857221    3468.3925513
   1858.1798210    3458.8425440
   1861.5021989    3455.6927599
   1860.9201254    3453.8654670
   1867.2137548    3443.8474437
   1872.7033856    3464.8074498
   1860.6515404    3463.6612047
   1855.5886695    3450.2350402
   1864.1647523    3453.7050602
   1858.1147334    3448.8827900
   1857.0271666    3464.9989579
   1843.1688797    3459.1322141
   1860.2377443    3462.8854054
   1867.7528499    3427.7819258
   1868.4485799    3458.8500129
   1862.8207421    3450.9205323
   1871.1349260    3451.4769773
   1880.9492900    3461.2510990
   1883.9803945    3447.7519305
   1845.0428574    3462.7551664
   1871.1291544    3455.9608714
   1847.2141813    3451.1283186
   1868.7819691    3453.7655072
   1861.4422619    3453.8526807
   1853.2629672    3450.2770672
   1848.3365596    3473.2868699
   1857.8483850    3460.3833722
   1852.3832543    3463.5525528
   1843.8705040    3464.8134216
   1862.2484345    3476.7133210
   1849.5367730    3456.3710752
   1866.2744319    3467.9362624
   1858.3735442    3456.4719145
   1841.1774465    3447.3055818
   1867.1182733    3466.6490137
   3964.8573796    5408.7308953
   3985.2772346    5387.5608151
   3943.5397123    5370.3916763
   3959.8961540    5399.3257511
   3970.7774652    5367.2248619
   3965.3870840    5404.3009538
   3963.9266954    5380.6676439
   3988.2209833    5388.7014354
   3962.8831713    5391.6690116
   3967.8463896    5383.8759173
   3979.7593056    5399.3243581
   3976.0833579    5387.1384679
   3979.1437461    5387.6703142
   3972.3411750    5398.5042087
   3975.7631859    5406.0648869
   3972.1875825    5371.3267402
   3956.0730413    5401.6684082
   3964.3619106    5392.0327315
   3959.1601857    5398.1761543
   3963.8264198    5402.7484224
   3962.3524021    5399.3486740
   3974.4187034    5380.9434210
   3978.6647056    5379.1509951
   3959.4500704    5395.3844530
   3961.4213223    5382.2289094
   3964.2357352    5378.1656481
   3978.1246864    5394.2524870
   3966.9814553    5387.0834194
   3972.1762974    5405.8206910
   3976.3844403    5383.0827687
   3975.4489344    5386.9796283
   3965.6847605    5406.8320538
   3963.4853633    5383.3754909
   3948.1536894    5374.1440486
   3972.1859717    5381.2181310
   3972.8288803    5377.0186295
   3960.0016440    5394.9130471
   3982.2836661    5394.0920680
   3979.6530507    5405.2132817
   3978.0756338    5378.9829397
   3966.6212952    5394.4692967
   3963.5262733    5392.6868004
   3951.8831795    5379.8810602
   3972.9635398    5365.7964749
   3956.5976173    5387.9901569
   3950.4807976    5388.7385500
   3959.6792674    5385.2513941
   3965.0849138    5390.0602720
   3962.0368550    5389.0642041
   3961.6631743    5393.7280751
   4208.8832352    6854.1637018
   4193.6438366    6840.5549243
   4198.8788063    6844.6143307
   4183.8566721    6857.7693985
   4193.7555315    6863.2667585
   4206.3739133    6846.7981883
   4193.2289139    6869.7991558
   4201.6105365    6859.3254945
   4205.0072047    6846.1489743
   4198.3109781    6866.2875379
   4208.1542669    6844.1331558
   4189.4284020    6856.0221557
   4189.0551706    6848.2768416
   4198.7851573    6848.6609041
   4174.0660151    6855.8134771
   4187.7002161    6844.8796942
   4176.2877625    6862.3332286
   4169.6740177    6835.2016679
   4189.1866834    6864.4845598
   4205.0422031    6840.6451776
   4190.1688221    6837.0904402
   4202.0572147    6837.4293774
   4190.5131866    6862.5248418
   4189.7210037    6866.8966074
   4183.2450618    6855.8869087
   4200.4779659    6850.7978867
   4205.8082867    6857.6762998
   4175.5706481    6891.7810310
   4198.4315805    6853.2684369
   4177.9570158    6853.0126822
   4187.3457157    6858.6385406
   4195.6618469    6870.7250988
   4193.3676578    6857.3300588
   4195.6697125    6850.7101059
   4190.1111421    6863.2050060
   4199.7454154    6845.9005879
   4180.8107830    6851.5209037
   4203.5595438    6851.9197101
   4209.4094949    6844.4443011
   4193.3615494    6827.0319654
   4185.9884652    6849.1037908
   4197.0545218    6869.3016224
   4192.2945799    6866.7341798
   4198.5619548    6862.0585258
   4187.2835955    6866.0449174
   4181.2155012    6857.1465901
   4182.4245230    6847.0135484
   4177.3311080    6847.0315249
   4195.4563130    6851.5072993
   4178.4674946    6866.9024025
   2047.8947067    8791.2550182
   2052.3747665    8774.5256862
   2025.0720277    8772.0201202
   2056.7740558    8770.6389032
   2052.6829342    8775.0502942
   2048.4535898    8762.9351654
   2056.1932490    8780.7776769
   2053.3807553    8783.0729804
   2052.5031353    8780.1550435
   2051.9560628    8766.0786371
   2033.7153904    8788.4291040
   2044.1307148    8778.8868222
   2042.7263744    8786.1916150
   2038.5890598    8786.2774399
   2035.3645788    8777.1018435
   2054.3720140    8791.8868882
   2033.5509537    8789.5607114
   2034.1306741    8788.5045962
   2025.5343767    8770.0032570
   2039.4327745    8779.5095044
   2058.7586416    8790.2143556
   2060.2771764    8793.2404429
   2041.6938618    8778.5110951
   2055.2122135    8781.5780782
   2042.9525606    8767.8223367
   2043.4578961    8753.2643998
   2039.9613218    8771.3754614
   2051.4482408    8776.3876403
   2041.2319818    8794.6454186
   2034.0318199    8784.3409529
   2025.5698278    8782.0716551
   2048.6251548    8789.7730736
   2035.5356654    8784.3709333
   2047.7040393    8780.9820476
   2046.0226601    8785.8097071
   2048.5013016    8771.2142550
   2032.5638822    8806.2341668
   2063.7204202    8767.2574251
   2049.0246747    8787.4487347
   2052.0358697    8782.5783183
   2035.2537779    8779.3501598
   2039.6112459    8782.5180951
   2041.8387843    8779.8576076
   2054.7080221    8793.4799459
   2032.7114656    8776.5750629
   2036.6144978    8793.4115860
   2043.9288183    8795.6642580
   2039.7466888    8781.4343639
   2031.0355328    8794.1997193
   2040.8963764    8766.3227994
