      1.6243454      -0.6117564
     -0.5281718      -1.0729686
      0.8654076      -2.3015387
      1.7448118      -0.7612069
      0.3190391      -0.2493704
      1.4621079      -2.0601407
     -0.3224172      -0.3840544
      1.1337694      -1.0998913
     -0.1724282      -0.8778584
      0.0422137       0.5828152
     -1.1006192       1.1447237
      0.9015907       0.5024943
      0.9008559      -0.6837279
     -0.1228902      -0.9357694
     -0.2678881       0.5303555
     -0.6916608      -0.3967535
     -0.6871727      -0.8452056
     -0.6712461      -0.0126646
     -1.1173103       0.2344157
      1.6598022       0.7420442
     -0.1918356      -0.8876290
     -0.7471583       1.6924546
      0.0508078      -0.6369956
      0.1909155       2.1002551
      0.1201590       0.6172031
      0.3001703      -0.3522498
     -1.1425182      -0.3493427
     -0.2088942       0.5866232
      0.8389834       0.9311021
      0.2855873       0.8851412
     -0.7543979       1.2528682
      0.5129298      -0.2980928
      0.4885181      -0.0755717
      1.1316294       1.5198168
      2.1855754      -1.3964963
     -1.4441138      -0.5044659
      0.1600371       0.8761689
      0.3156349      -2.0222012
     -0.3062040       0.8279746
      0.2300947       0.7620112
     -0.2223281      -0.2007581
      0.1865614       0.4100516
      0.1982997       0.1190086
     -0.6706623       0.3775638
      0.1218213       1.1294839
      1.1989179       0.1851564
     -0.3752850      -0.6387304
      0.4234944       0.0773401
     -0.3438537       0.0435969
     -0.6200008       0.6980320
     -0.4471286       1.2245077
      0.4034916       0.5935785
     -1.0949118       0.1693824
      0.7405565      -0.9537006
     -0.2662185       0.0326145
     -1.3731173       0.3151594
      0.8461606      -0.8595159
      0.3505460      -1.3122834
     -0.0386955      -1.6157724
      1.1214177       0.4089005
     -0.0246170      -0.7751616
      1.2737559       1.9671017
     -1.8579819       1.2361640
      1.6276508       0.3380117
     -1.1992680       0.8633453
     -0.1809203      -0.6039206
     -1.2300581       0.5505375
      0.7928069      -0.6235307
      0.5205763      -1.1443414
      0.8018610       0.0465673
     -0.1865698      -0.1017459
      0.8688862       0.7504116
      0.5294653       0.1377012
      0.0778211       0.6183803
      0.2324946       0.6825514
     -0.3101168      -2.4348378
      1.0388246       2.1869796
      0.4413644      -0.1001552
     -0.1364447      -0.1190542
      0.0174094      -1.1220187
     -0.5170945      -0.9970268
      0.2487992      -0.2966412
      0.4952113      -0.1747032
      0.9863352       0.2135339
      2.1906997      -1.8963609
     -0.6469167       0.9014869
      2.5283257      -0.2486348
      0.0436690      -0.2263142
      1.3314571      -0.2873079
      0.6800698      -0.3198016
     -1.2725588       0.3135477
      0.5031848       1.2932259
     -0.1104470      -0.6173621
      0.5627611       0.2407371
      0.2806651      -0.0731127
      1.1603386       0.3694927
      1.9046587       1.1110567
      0.6590498      -1.6274383
      0.6023193       0.4202822
      0.8109517       1.0444421
     -0.4008782       0.8240056
     -0.5623054       1.9548781
     -1.3319517      -1.7606886
     -1.6507213      -0.8905556
     -1.1191154       1.9560789
     -0.3264995      -1.3426758
      1.1143830      -0.5865239
     -1.2368534       0.8758389
      0.6233622      -0.4349567
      1.4075400       0.1291016
      1.6169496       0.5027409
      1.5588055       0.1094027
     -1.2197444       2.4493686
     -0.5457742      -0.1988379
     -0.7003985      -0.2033944
      0.2426694       0.2018302
      0.6610203       1.7921582
     -0.1204646      -1.2331207
     -1.1823181      -0.6657545
     -1.6741958       0.8250298
     -0.4982136      -0.3109850
     -0.0018915      -1.3966204
     -0.8613164       0.6747115
      0.6185391      -0.4431719
      1.8105349      -1.3057269
     -0.3449872      -0.2308397
     -2.7930850       1.9375288
      0.3663320      -1.0445894
      2.0511734       0.5856620
      0.4295261      -0.6069984
      0.1062227      -1.5256803
      0.7950261      -0.3744383
      0.1340482       1.2020549
      0.2847481       0.2624674
      0.2764993      -0.7332716
      0.8360047       1.5433591
      0.7588057       0.8849088
     -0.8772815      -0.8677872
     -1.4408760       1.2322531
     -0.2541799       1.3998439
     -0.7819117      -0.4375090
      0.0954251       0.9214501
      0.0607502       0.2111248
      0.0165276       0.1771877
     -1.1164700       0.0809271
     -0.1865790      -0.0568245
      0.4923366      -0.6806781
     -0.0845080      -0.2973619
      0.4173020       0.7847707
     -0.9554253       0.5859104
      2.0657833      -1.4711569
     -0.8301719      -0.8805776
     -0.2790977       1.6228491
      0.0133527      -0.6946936
      0.6218035      -0.5998045
      1.1234122       0.3052670
      1.3887794      -0.6613442
      3.0308571       0.8245846
      0.6545802      -0.0511884
     -0.7255971      -0.8677687
     -0.1359773      -0.7972698
      0.2826757      -0.8260974
      0.6210827       0.9561217
     -0.7058405       1.1926861
     -0.2379419       1.1552879
      0.4381663       1.1223283
     -0.9970198      -0.1067940
      1.4514293      -0.6180368
     -2.0372012      -1.9425892
     -2.5064407      -2.1141639
     -0.4116392       1.2785281
     -0.4422293       0.3235274
     -0.1099915       0.0085489
     -0.1681988      -0.1741803
      0.4611641      -1.1759827
      1.0101272       0.9200179
     -0.1950573       0.8053934
     -0.7013444      -0.5372230
      0.1562639      -0.1902210
     -0.4487380      -0.6724480
     -0.5574947       0.9391687
     -1.9433234       0.3524944
     -0.2364370       0.7278135
      0.5150736      -2.7825345
      0.5846466       0.3242742
      0.0218628      -0.4686738
      0.8532812      -0.4130293
      1.8347176       0.5643829
      2.1378281      -0.7855340
     -1.7559256       0.7147896
      0.8527041       0.0353601
     -1.5387932      -0.4478952
      0.6179855      -0.1841763
     -0.1159852      -0.1754590
     -0.9339147      -0.5330203
     -1.4265554       1.7679599
     -0.4753729       0.4776102
     -1.0218859       0.7945282
     -1.8731610       0.9206151
     -0.0353679       2.1106051
