spanner_method;dim;epsilon;points_generation_method;coeff_points;coeff_edges;cnt;min_sparseness;max_sparseness;max_n_edges_to_n_points_ratio;min_n_edges_to_n_points_ratio
blind-random-bad-ratio-connect-first-lower-bound-first;2;0.01;clustered;1.45028399752797;0.723172573359972;16;0.0731633;0.299592;29.2288;7.34
blind-random-bad-ratio-lower-bound-first;2;0.01;clustered;1.4503111174336;0.723184938922777;16;0.0721558;0.302857;28.8263;7.42
blind-random-bad-ratio;2;0.01;clustered;1.52776874557828;0.761777614949581;16;0.108492;0.368163;43.3425;9.02
blind-random-bad-ratio-connect-first;2;0.01;clustered;1.55847818065613;0.777093600212356;16;0.106843;0.339592;42.6838;8.32
blind-quasi-sorted-shaker;2;0.01;clustered;2.01581352255189;1.00508782339122;16;0.525902;0.953082;356.929;15.6
blind-quasi-sorted-greedy;2;0.01;clustered;2.04211490493629;1.01824415939185;16;0.457959;0.76;234.96;11.22
blind-random-bad-ratio-connect-first-lower-bound-first;2;0.1;clustered;1.33764143817923;0.667012447193503;16;0.0406133;0.225306;16.2414;5.52
blind-random-bad-ratio-lower-bound-first;2;0.1;clustered;1.34710168000743;0.671732719281763;16;0.0404537;0.219592;16.1612;5.38
blind-random-bad-ratio;2;0.1;clustered;1.40572917412077;0.700922978373093;16;0.0560889;0.272653;22.4075;6.68
blind-random-bad-ratio-connect-first;2;0.1;clustered;1.41472806497194;0.705412372029476;16;0.0550125;0.259592;21.9775;6.36
blind-quasi-sorted-shaker;2;0.1;clustered;1.55253193521201;0.774221550802445;16;0.125832;0.393574;56.2436;9.32
blind-quasi-sorted-greedy;2;0.1;clustered;1.56114009912734;0.778511736031836;16;0.0652816;0.196787;27.1689;4.56
blind-random-bad-ratio-connect-first-lower-bound-first;2;0.2;clustered;1.31579448881401;0.656100708719754;16;0.0349562;0.20898;13.965;5.12
blind-random-bad-ratio-lower-bound-first;2;0.2;clustered;1.32319955868552;0.659798259792357;16;0.0344431;0.204898;13.76;5.02
blind-random-bad-ratio;2;0.2;clustered;1.36741649592279;0.681815815867767;16;0.0457947;0.247347;18.295;6.06
blind-random-bad-ratio-connect-first;2;0.2;clustered;1.38610317574273;0.691138062632122;16;0.0463955;0.235102;18.535;5.76
blind-quasi-sorted-greedy;2;0.2;clustered;1.53602180691505;0.765997967658802;16;0.0613267;0.196755;24.79;4.42
blind-quasi-sorted-shaker;2;0.2;clustered;1.53849289083099;0.767230671180689;16;0.12281;0.39196;49.4733;8.8
blind-random-bad-ratio-lower-bound-first;2;0.5;clustered;1.26149603869048;0.629009602955426;16;0.0257478;0.190204;10.52;4.66
blind-random-bad-ratio-connect-first-lower-bound-first;2;0.5;clustered;1.28070127867507;0.638590057878528;16;0.0264987;0.178776;10.5862;4.38
blind-random-bad-ratio;2;0.5;clustered;1.32743558051813;0.661871413758604;16;0.0355507;0.217143;14.2025;5.32
blind-random-bad-ratio-connect-first;2;0.5;clustered;1.34988604504807;0.673075576992405;16;0.0353379;0.199184;14.1175;4.88
blind-quasi-sorted-shaker;2;0.5;clustered;1.52206035441172;0.759031377401308;16;0.110845;0.36845;48.936;8.64
blind-quasi-sorted-greedy;2;0.5;clustered;1.52394717115279;0.759971800482207;16;0.0604537;0.195327;24.4671;4.42
blind-random-bad-ratio-lower-bound-first;2;0.01;exp;1.58034587504793;0.787897191865811;15;0.132198;0.396735;49.508;9.72
blind-random-bad-ratio-connect-first;2;0.01;exp;1.59959016730617;0.797473268424566;15;0.150398;0.453061;56.324;11.1
blind-random-bad-ratio-connect-first-lower-bound-first;2;0.01;exp;1.60126762001228;0.798328072488679;15;0.133686;0.377959;50.0653;9.26
blind-random-bad-ratio;2;0.01;exp;1.61452551528587;0.804926701502558;15;0.148895;0.42449;55.7613;10.4
blind-quasi-sorted-greedy;2;0.01;exp;2.00610066633847;1.00011664706095;15;0.99447;1;374.492;24.5
blind-quasi-sorted-shaker;2;0.01;exp;2.0066328850458;1.00038252654263;15;0.997551;1;374.435;24.44
blind-random-bad-ratio-connect-first-lower-bound-first;2;0.1;exp;1.34822952825967;0.672169084893454;15;0.0487263;0.277551;18.248;6.8
blind-random-bad-ratio-lower-bound-first;2;0.1;exp;1.35899745677572;0.677543746452273;15;0.0475087;0.263673;17.792;6.46
blind-random-bad-ratio;2;0.1;exp;1.43966523319636;0.717744221204621;15;0.0625616;0.290612;23.4293;7.12
blind-random-bad-ratio-connect-first;2;0.1;exp;1.44620220217957;0.721006816277719;15;0.0630031;0.283265;23.5947;6.94
blind-quasi-sorted-greedy;2;0.1;exp;2.00309362440914;0.998614737329136;15;0.925879;1;351.633;24.5
blind-quasi-sorted-shaker;2;0.1;exp;2.01958738450536;1.00684680772276;15;0.949388;0.999766;374.207;23.26
blind-random-bad-ratio-lower-bound-first;2;0.2;exp;1.31145877816511;0.653842149942766;15;0.0345385;0.221224;13.0929;5.42
blind-random-bad-ratio-connect-first-lower-bound-first;2;0.2;exp;1.31300647712273;0.654622421080274;15;0.0349337;0.210612;13.0827;5.16
blind-random-bad-ratio;2;0.2;exp;1.39648000816932;0.696199495435053;15;0.0478861;0.25551;17.9333;6.26
blind-random-bad-ratio-connect-first;2;0.2;exp;1.40737264478931;0.701659425916173;15;0.0468465;0.221224;17.544;5.42
blind-quasi-sorted-greedy;2;0.2;exp;1.98136718088471;0.987790225282591;15;0.816122;0.995347;351.633;22.64
blind-quasi-sorted-shaker;2;0.2;exp;2.02088451316332;1.00749158616956;15;0.949388;0.99971;372.577;23.26
blind-random-bad-ratio-lower-bound-first;2;0.5;exp;1.25169789519142;0.62403662276938;15;0.0238291;0.177143;8.924;4.34
blind-random-bad-ratio-connect-first-lower-bound-first;2;0.5;exp;1.26867098118408;0.632508684034398;15;0.0231562;0.162449;8.672;3.98
blind-random-bad-ratio;2;0.5;exp;1.33378643630794;0.664942121398323;15;0.031733;0.201633;11.884;4.94
blind-random-bad-ratio-connect-first;2;0.5;exp;1.35175506916326;0.673930528099367;15;0.0309782;0.171429;11.7;4.2
blind-quasi-sorted-greedy;2;0.5;exp;1.95031711319509;0.972280110068991;15;0.660387;0.892323;323.413;21.7
blind-quasi-sorted-shaker;2;0.5;exp;2.01888987509128;1.00649938097509;15;0.93551;0.999647;359.619;22.92
blind-random-bad-ratio-connect-first-lower-bound-first;2;0.01;normal;1.54619038666148;0.770862634588905;15;0.252867;0.845714;94.6987;20.72
blind-random-bad-ratio-lower-bound-first;2;0.01;normal;1.55379706401119;0.774659214060929;15;0.250966;0.81551;93.9867;19.98
blind-random-bad-ratio;2;0.01;normal;1.58037381475847;0.7879068565184;15;0.274517;0.826122;102.807;20.24
blind-random-bad-ratio-connect-first;2;0.01;normal;1.58344587395765;0.789435947193804;15;0.27435;0.827755;102.744;20.28
blind-quasi-sorted-greedy;2;0.01;normal;2.00588802549273;1.00001096672336;15;0.999798;1;374.495;24.5
blind-quasi-sorted-shaker;2;0.01;normal;2.00621555177718;1.00017458945416;15;0.997551;1;374.337;24.44
blind-random-bad-ratio-lower-bound-first;2;0.1;normal;1.36775659012159;0.681898405080796;15;0.10097;0.564898;37.8133;13.84
blind-random-bad-ratio-connect-first-lower-bound-first;2;0.1;normal;1.36850362960691;0.682283413820085;15;0.101551;0.545306;38.0307;13.36
blind-random-bad-ratio;2;0.1;normal;1.45853447639492;0.727149672507346;15;0.134455;0.577959;50.3533;14.16
blind-random-bad-ratio-connect-first;2;0.1;normal;1.46829292302744;0.732012532204293;15;0.135213;0.569796;50.6373;13.96
blind-quasi-sorted-shaker;2;0.1;normal;2.00650108552864;1.00031420913757;15;0.976583;1;372.519;24.42
blind-quasi-sorted-greedy;2;0.1;normal;2.00704226172792;1.00058685889497;15;0.995918;0.999987;374.489;24.4
blind-random-bad-ratio-lower-bound-first;2;0.2;normal;1.2836751082616;0.639988388424733;15;0.0699599;0.463673;26.2;11.36
blind-random-bad-ratio-connect-first-lower-bound-first;2;0.2;normal;1.28955521026741;0.642928641997875;15;0.0686426;0.453878;25.9514;11.12
blind-random-bad-ratio-connect-first;2;0.2;normal;1.41640705976435;0.706153663010747;15;0.103245;0.474286;38.6653;11.62
blind-random-bad-ratio;2;0.2;normal;1.4270990940596;0.711475362697911;15;0.102693;0.484898;38.4587;11.88
blind-quasi-sorted-shaker;2;0.2;normal;1.99707053951044;0.995616821272784;15;0.947354;1;354.784;24.42
blind-quasi-sorted-greedy;2;0.2;normal;2.00937510126783;1.00174916957659;15;0.979261;0.999972;374.269;24.34
blind-random-bad-ratio-lower-bound-first;2;0.5;normal;1.19111407540637;0.593816204641161;15;0.038227;0.381224;15.4971;9.34
blind-random-bad-ratio-connect-first-lower-bound-first;2;0.5;normal;1.23824913429381;0.617349579024744;15;0.0416449;0.306939;15.596;7.52
blind-random-bad-ratio;2;0.5;normal;1.37635173131213;0.686166164050634;15;0.0660935;0.370612;24.752;9.08
blind-random-bad-ratio-connect-first;2;0.5;normal;1.38113110041225;0.688553687604787;15;0.0667165;0.358367;24.9853;8.78
blind-quasi-sorted-greedy;2;0.5;normal;1.99078384679109;0.992421959255487;15;0.452048;0.950204;253.387;21.6
blind-quasi-sorted-shaker;2;0.5;normal;2.01630172871411;1.00528479582747;15;0.661856;1;293.925;16.22
blind-random-bad-ratio-connect-first-lower-bound-first;2;0.01;unif;1.54338379530931;0.769466961367819;15;0.264331;0.869388;98.992;21.3
blind-random-bad-ratio-lower-bound-first;2;0.01;unif;1.54511858295227;0.77033589448619;15;0.261526;0.857959;97.9413;21.02
blind-random-bad-ratio-connect-first;2;0.01;unif;1.58221035454683;0.788821481639805;15;0.288684;0.871837;108.112;21.36
blind-random-bad-ratio;2;0.01;unif;1.58389768571242;0.789664194770851;15;0.28952;0.862041;108.425;21.12
blind-quasi-sorted-shaker;2;0.01;unif;2.00583993460834;0.999987072568601;15;0.998528;0.999928;374.368;24.48
blind-quasi-sorted-greedy;2;0.01;unif;2.00584805019614;0.999990949359005;15;0.998395;1;374.496;24.5
blind-random-bad-ratio-lower-bound-first;2;0.1;unif;1.33431306605678;0.665230531932028;15;0.0966444;0.574694;36.4043;14.08
blind-random-bad-ratio-connect-first-lower-bound-first;2;0.1;unif;1.33728184645657;0.666711320104104;15;0.094996;0.570612;36.14;13.98
blind-random-bad-ratio;2;0.1;unif;1.45397212652759;0.724877555874607;15;0.136577;0.579592;51.148;14.2
blind-random-bad-ratio-connect-first;2;0.1;unif;1.45559826087998;0.725693706395846;15;0.13349;0.56898;49.992;13.94
blind-quasi-sorted-shaker;2;0.1;unif;1.79432196373044;0.894605986694003;15;0.578563;0.995918;216.672;24.4
blind-quasi-sorted-greedy;2;0.1;unif;1.95653297351975;0.97541244048878;15;0.826218;1;318.075;24.5
blind-random-bad-ratio-lower-bound-first;2;0.2;unif;1.27684326839152;0.636590662225971;15;0.064534;0.435918;24.168;10.68
blind-random-bad-ratio-connect-first-lower-bound-first;2;0.2;unif;1.28721475353442;0.641763876423957;15;0.0657873;0.421224;24.7286;10.32
blind-random-bad-ratio;2;0.2;unif;1.41590571887264;0.705896842623647;15;0.103;0.487347;38.5733;11.94
blind-random-bad-ratio-connect-first;2;0.2;unif;1.42548671171839;0.710673245594145;15;0.102519;0.477551;38.3933;11.7
blind-quasi-sorted-greedy;2;0.2;unif;1.47458547134804;0.73524351279205;15;0.172418;0.996735;193.616;24.42
blind-quasi-sorted-shaker;2;0.2;unif;1.66016694985644;0.827708483034547;15;0.379149;0.995918;192.826;24.4
blind-quasi-sorted-greedy;2;0.5;unif;1.18139581656501;0.588904970630928;15;0.0720256;0.645714;29.492;14.1133
blind-random-bad-ratio-lower-bound-first;2;0.5;unif;1.2167616062626;0.606644581678078;15;0.0381842;0.291429;14.3;7.14
blind-random-bad-ratio-connect-first-lower-bound-first;2;0.5;unif;1.22180384840004;0.609142737466561;15;0.0389818;0.30449;14.7371;7.46
blind-random-bad-ratio;2;0.5;unif;1.38049391862088;0.688231450708002;15;0.0654846;0.362449;24.5871;8.88
blind-random-bad-ratio-connect-first;2;0.5;unif;1.38084727676608;0.688414806575165;15;0.067101;0.354286;25.1293;8.68
blind-quasi-sorted-shaker;2;0.5;unif;1.43685798827116;0.716322236995882;15;0.146236;0.730612;58.32;17.9
