   4161.6209810    7220.9710107      -9.9598824
   4172.0321897    7208.8883831      -4.5213541
   4177.5198030    7206.9748723       6.4818573
   4169.3003140    7222.3831383       4.4517195
   4181.6394722    7191.9489828      -7.3567756
   4179.8282471    7201.0707527       2.7288970
   4178.9542294    7202.1311007      -9.2366395
   4160.1252488    7192.6623688       7.7065890
   4169.5951311    7185.8583915       2.1753781
   4164.0033785    7206.0021149      -9.7630007
   4164.1201945    7206.3090582      18.0620094
   4162.7405096    7197.4369622       0.0362085
   4190.6403345    7207.7201413       7.9775905
   4170.4489068    7211.8172772       2.9830540
   4166.0589312    7215.7454349      13.6267460
   4162.6433056    7209.1278761       4.6123415
   4183.8903741    7209.9820952     -11.7718789
   4161.7376079    7201.5789387      10.3157084
   4171.0225529    7205.5273222      -7.6610198
   4173.0013355    7202.5433667       7.4396274
   4152.0858114    7218.7194202       4.3943224
   4168.1009178    7187.7776937      11.5957544
   4180.3238018    7203.9533009       8.3196464
   4167.7129979    7202.7296351       1.2750372
   4172.2424376    7207.7944568      -2.8489335
   4172.0307212    7211.3198139       9.2691001
   4172.3290673    7207.4627260       6.9630000
   4166.1179718    7226.2135954      18.0287187
   4176.4781617    7187.1312963       1.7447256
   4174.8442549    7210.0932993      -4.8108551
   3033.3162387    1464.4772008     927.0443311
   3039.4007968    1465.1771345     919.9776649
   3028.2016684    1484.9496385     924.0756457
   3028.0581402    1461.0553579     915.5948781
   3015.5490992    1473.7845361     927.6615684
   3024.0658223    1463.0272221     929.4274841
   3047.1777845    1466.3200749     920.1440110
   3026.4332686    1492.1751913     920.2247108
   3005.1750986    1474.4014032     923.7062730
   3025.2884284    1476.6334198     902.0375995
   3031.4941981    1479.4006213     921.3411420
   3022.2172817    1481.7037354     909.2194977
   3030.0608609    1459.8359639     922.4471773
   3021.6279861    1462.1474619     928.7654238
   3027.2385529    1489.6780569     921.7635014
   3026.2375079    1468.6395347     921.3906185
   3025.6540493    1469.1128408     929.3231992
   3009.8201492    1475.8645549     924.5181281
   3010.8982692    1483.5537389     948.1301418
   3020.0024779    1475.3303734     924.2894595
   3021.4597516    1474.9914939     919.1941670
   3023.3753309    1459.2233355     919.5923588
   3017.8895014    1478.3950845     924.6040085
   3029.8621289    1466.6673587     932.3946641
   3037.3505929    1469.7357337     922.5499531
   3004.9459701    1465.4982841     923.8075021
   3009.2801202    1487.3558134     917.4457535
   3033.2078907    1469.3899489     932.6258776
   3028.6574461    1461.7075778     917.7805785
   3024.7334581    1485.2349177     915.5082103
   1861.9848931    3457.9915383    3968.4224668
   1865.9851614    3458.3880367    3979.9144011
   1848.2971276    3464.1516994    3982.7432487
   1867.8354532    3459.7603830    3973.5086176
   1870.1967401    3459.7341722    3979.3531106
   1850.4772160    3434.0402178    3958.6880661
   1845.5347362    3440.1564998    3977.7486676
   1847.5129568    3459.7149800    3967.0700089
   1852.3125089    3461.6766737    3949.0102377
   1853.8689091    3458.5629034    3969.9897818
   1865.3824546    3462.5075873    3958.4949819
   1854.0837396    3456.5148561    3979.2967670
   1865.8199385    3469.0204487    3969.0914941
   1879.9759605    3459.3649582    3982.4572991
   1841.8004419    3451.0729948    3965.8847961
   1856.2709498    3460.3535421    3962.8291122
   1866.3609581    3463.0877552    3955.7901658
   1865.0382261    3434.6348644    3963.1884360
   1867.3077097    3441.6214882    3973.1635713
   1860.1269636    3453.3559957    3971.4716611
   1861.4451662    3454.1410694    3985.3687277
   1862.5699259    3448.9426691    3959.9563822
   1859.9525070    3466.6800927    3954.1873771
   1868.5111413    3455.9868211    3958.1475021
   1850.5918772    3454.8168306    3975.5736758
   1884.4638889    3446.3403605    3971.6931950
   1854.6431834    3462.8095953    3982.5908589
   1863.6138842    3466.5896518    3968.8262964
   1875.8264214    3465.4388577    3980.2466419
   1867.2278342    3446.4569382    3976.4986271
   5395.5270385    4178.4315243    6863.4372580
   5382.3033089    4206.5451179    6849.4142251
   5392.5334677    4192.3273604    6867.0957740
   5414.1452471    4188.3159879    6843.0256590
   5397.7075039    4188.4313759    6863.2039655
   5399.2763680    4189.4665022    6838.9107574
   5389.8209716    4192.2205876    6845.6959663
   5380.5392164    4200.7687957    6843.8067815
   5381.3820310    4191.2862519    6837.3546385
   5388.6061131    4185.5318024    6861.6441780
   5388.9198839    4188.1402861    6848.5075002
   5398.8235140    4192.6866708    6868.8244507
   5393.8248833    4192.4494307    6849.1432720
   5406.4250779    4188.3232054    6850.1792373
   5378.7407843    4190.2241443    6863.9372781
   5393.3526583    4202.2720179    6859.8292903
   5397.6999795    4187.6027365    6864.7061447
   5385.4168563    4181.9927344    6855.7256348
   5387.4586111    4184.5307831    6846.3097535
   5402.4320144    4188.8072746    6868.4752422
   5376.1922914    4164.6865046    6866.2384788
   5386.9631205    4200.2674255    6850.1877277
   5391.1345819    4182.5722713    6852.4051168
   5385.5039703    4188.2269928    6848.1209310
   5395.9476810    4194.2936842    6856.4959572
   5390.6031555    4177.3091735    6846.3952315
   5384.5508806    4195.1459342    6859.9338441
   5382.4508689    4194.4202296    6835.0320988
   5394.0380692    4189.2935229    6842.3921879
   5368.4690037    4199.1527327    6852.3968800
   2024.2151367    8783.7477916     275.6846442
   2055.6341011    8776.5181526     292.6629290
   2030.1516746    8789.9589222     274.1305573
   2042.8948409    8782.9716895     254.2498020
   2043.0988053    8789.2373625     267.0366507
   2031.0994529    8779.3671221     272.6838622
   2037.2645914    8770.5121282     277.7247870
   2032.8339145    8793.7041318     270.4533400
   2050.3384133    8772.1031998     278.1902294
   2029.4295734    8776.3110346     272.2182254
   2051.5129794    8769.6223002     309.6095227
   2039.3550530    8783.8843650     261.4104275
   2047.9167683    8781.8473337     275.9039926
   2053.0405484    8780.3663242     266.5997808
   2047.0707874    8780.5065861     280.3036786
   2049.8249650    8795.6356780     285.2418272
   2041.3324748    8781.0228926     272.6848386
   2022.4388586    8778.8082068     291.2301935
   2033.3712806    8779.8634664     267.2711289
   2033.0662680    8797.4662370     275.4032990
   2033.9396451    8780.1548791     274.3531298
   2024.7237405    8792.3605128     281.0745298
   2058.2975976    8782.0223332     268.7679707
   2063.3234463    8783.5416293     280.6777298
   2044.4594571    8779.1713651     275.9740635
   2046.8042679    8794.5847007     285.3913388
   2028.2977080    8786.8129237     292.8338458
   2051.2046366    8790.6090079     269.9631638
   2050.7159457    8773.5374425     283.5248048
   2037.1079552    8794.3602766     270.7792333
