   4187.6681647    7195.6328654
   4173.4104380    7200.7512307
   4184.8411264    7182.6435273
   4166.9958750    7199.4043909
   4181.5577414    7192.2460217
   4168.4957650    7194.4663502
   4170.6421845    7209.0730866
   4159.2138553    7214.6921715
   4179.2359542    7208.2698778
   4179.2286065    7196.4076558
   4168.9911448    7193.8872401
   4167.5411662    7208.5484891
   4163.3034395    7199.2773992
   4163.3483200    7194.7928780
   4163.5075857    7203.1182884
   4159.0469435    7205.5890914
   4186.8180688    7210.6653760
   4168.3016915    7194.3686448
   4162.7484641    7220.1694804
   4170.7281246    7196.8749780
      3.0529030    3044.3282777
      2.3453377    3029.4977574
      4.1454514    3019.8032279
    -10.2814338    3019.8322991
     -0.9451942    3029.1919582
      9.5335823    3032.6367471
      3.9996214    3032.1771380
     -6.4002312    3035.8544079
      6.2730464    3020.3447980
      6.0289296    3022.5700092
     12.4600420    3038.5238945
     22.9995022    3009.3607630
    -13.2973899    3018.2810677
      2.7441189    3032.0874155
      4.3000976    3003.1037142
     -1.9182920    3031.6054727
      3.4446955    3030.9458381
     -1.0795333    3021.3181456
      3.0093621    3027.4262428
      3.1267454    3024.5158128
   1460.8522853     927.1615856
   1468.7771209     934.6807868
   1479.5480870     925.2375119
   1463.8060587     916.9986436
   1471.7938517     924.1593484
   1464.1203714     923.8219163
   1461.3588997     930.3662680
   1463.0876225     935.6310247
   1471.5938246     929.3217329
   1456.6097897     925.0797720
   1474.9644727     913.8489417
   1464.8967231     923.7120932
   1453.8277350     926.5375416
   1476.0205146     914.7907883
   1471.0643680     910.2631136
   1467.1719531     907.2282241
   1478.7730853     927.4749531
   1467.3127386     915.6343315
   1480.2964675     943.0569652
   1448.9790895     935.7475880
   1878.8786213    3458.9873874
   1850.6094335    3464.2407236
   1860.7929108    3449.5680642
   1850.3015324    3461.1126454
   1870.5301824    3449.3719631
   1867.8078771    3444.1638565
   1870.6207241    3456.0729434
   1860.7364161    3454.5898117
   1871.2909753    3463.1113868
   1867.8967670    3456.9842825
   1863.3803251    3461.7910731
   1864.9270594    3462.4327845
   1859.5009460    3431.2588928
   1872.9903598    3477.4770669
   1867.0157582    3454.6057181
   1861.2376663    3454.4167286
   1862.7762079    3444.3870831
   1857.4311692    3445.6370022
   1865.0901054    3452.6408589
   1867.5542270    3453.8602388
   3977.5380942    5390.3026790
   3989.5817396    5369.2037308
   3961.2055754    5397.1822090
   3992.9579994    5385.6809923
   3968.1114322    5385.9041976
   3980.9893134    5385.2942614
   3974.4754407    5384.9693240
   3954.9491548    5391.3028172
   3972.7065904    5401.0995989
   3966.5702720    5381.9937194
   3973.3023533    5390.5747110
   3970.4813931    5387.4362130
   3979.2781280    5391.8622672
   3986.7213294    5399.2779070
   3974.2652403    5371.8929566
   3973.6979351    5392.3701621
   3975.7842590    5398.6117610
   3963.6659604    5396.4073962
   3962.0516880    5407.7161208
   3954.3552256    5370.5604544
