   4189.3582509    7206.5529057      12.5631734
   4158.9240954    7194.7444106      10.7519482
   4168.0458653    7204.8300833       9.8779305
   4169.1062133    7192.8645468      -8.9510501
   4159.6374814    7209.8077752       0.5188322
   4152.8335041    7204.2765644      -5.0729203
   4172.9772275    7192.3381856      -4.9561044
   4173.2841708    7220.1631957      -6.3357892
   4164.4120748    7202.1373947      21.5640356
   4174.6952539    7210.0787767       1.3726079
   4178.7923898    7205.0842402      -3.0173676
   4182.7205475    7215.7279323      -6.4329932
   4176.1029887    7206.7135278      14.8140752
   4176.9572078    7190.3293074      -7.3386910
   4168.5540513    7212.4168946       1.9462541
   4172.5024348    7194.4401665       3.9250366
   4169.5184793    7209.5408137     -16.9904875
   4185.6945328    7206.4955087      -0.9753811
   4154.7528063    7213.6969407      11.2475030
   4170.9284135    7210.4208327      -1.3633009
   4169.7047477    7203.3762235       3.1661387
   4174.7695694    7199.2522527       2.9544223
   4178.2949265    7211.3702863       3.2527685
   4174.4378386    7209.0641863      -2.9583270
   4193.1887081    7220.1299050       7.4018629
   4154.1064089    7203.8459118       5.7679561
   4177.0684119    7197.2903311      11.1342606
   4167.1383396    7206.9033179      17.2188186
   4167.8382733    7199.8366516       6.0196902
   4187.6107773    7203.9346325       5.8761621
   4163.7164968    7195.4538649      -6.6328789
   4176.4456750    7207.5205552       1.8838442
   4165.6883610    7209.2864708      24.9958063
   4168.9812137    7200.0029977       4.2512905
   4194.8363301    7200.0836975     -17.0068795
   4177.0625420    7203.5652597       3.1064502
   4179.2945586    7181.8965863       9.3122199
   4182.0617601    7201.2001288       0.0353036
   4184.3648743    7189.0784844       7.8788827
   4162.4971028    7202.3061641      -0.5539921
   4164.8086007    7208.6244106       5.0565747
   4192.3391958    7201.6224882       4.0555298
   4171.3006736    7201.2496053       3.4720712
   4171.7739797    7209.1821860     -12.3618290
   4178.5256937    7204.3771148     -11.2837090
   4186.2148778    7227.9891285      -2.1795003
   4177.9915122    7204.1484462      -0.7222266
   4177.6526327    7199.0531538       1.1933527
   4161.8844744    7199.4513455      -4.2924767
   4181.0562233    7204.4629953       7.6801507
   3022.4341768    1476.5676246     937.4108143
   3025.5025518    1466.7229136     905.0061914
   3021.2651022    1467.9804626     909.3403416
   3043.1226316    1461.6187140     933.2681121
   3025.1567670    1476.7988381     928.7176675
   3017.4743959    1461.9535390     924.7936795
   3041.0017359    1459.6811708     922.7687270
   3025.7099942    1468.3066327     926.7689953
   3026.1064926    1479.7985670     909.0809616
   3031.8701553    1482.6274146     928.6192871
   3027.4788389    1473.3927835     930.9805741
   3027.4526281    1479.2372765     911.2610499
   3001.7586737    1458.5722319     906.3185701
   3007.8749556    1477.6328335     908.2967907
   3027.4334358    1466.9541748     913.0963428
   3029.3951296    1448.8944036     914.6527430
   3026.2813592    1469.8739477     926.1662885
   3030.2260432    1458.3791478     914.8675735
   3024.2333120    1479.1809329     926.6037724
   3036.7389046    1468.9756600     940.7597944
   3027.0834141    1482.3414649     902.5842758
   3018.7914507    1465.7689620     917.0547837
   3028.0719980    1462.7132780     927.1447920
   3030.8062111    1455.6743316     925.8220600
   3002.3533203    1463.0726018     928.0915436
   3009.3399440    1473.0477371     920.9107975
   3021.0744516    1471.3558270     922.2290001
   3021.8595253    1485.2528936     923.3537599
   3016.6611250    1459.8405481     920.7363409
   3034.3985486    1454.0715430     929.2949752
   3023.7052770    1458.0316680     911.3757112
   3022.5352865    1475.4578416     945.2477228
   3014.0588164    1471.5773608     915.4270173
   3030.5280512    1482.4750248     924.3977181
   3034.3081077    1468.7104622     936.6102553
   3033.1573136    1480.1308078     928.0116681
   3014.1753941    1476.3827929     930.7456462
   3009.8121066    1478.8011622     917.5219166
   3037.9257001    1464.7781293     927.7520754
   3023.7079427    1482.4596782     949.3638548
   3019.6965702    1458.3895632     932.9261115
   3019.8119582    1478.5678697     934.4949756
   3020.8470845    1454.2746616     925.0395792
   3023.6011699    1461.0598705     915.7578241
   3032.1493779    1459.1706857     916.6006387
   3022.6668342    1452.7185427     923.8247208
   3016.9123847    1477.0080822     924.1384915
   3019.5208684    1463.8714044     934.0421216
   3024.0672531    1484.1883549     929.0434909
   3023.8300130    1464.5071762     941.6436855
   1858.9801752    3453.5915037    3958.2481866
   1860.8811141    3467.3495446    3972.8600606
   1872.9289877    3463.2415568    3977.2073818
   1858.2597063    3468.1184111    3964.9242586
   1852.6497041    3459.1379013    3966.9660133
   1855.1877529    3449.7220200    3981.9394166
   1859.4642443    3471.8875086    3955.6996937
   1835.3434744    3469.6507453    3966.4705228
   1870.9243953    3453.5999942    3970.6419842
   1853.2292410    3455.8173832    3965.0113726
   1858.8839625    3451.5331974    3975.4550833
   1864.9506539    3459.9082237    3970.1105578
   1847.9661433    3449.8074980    3964.0582829
   1865.8029039    3463.3461105    3961.9582711
   1865.0771993    3438.4443652    3973.5454715
   1859.9504926    3445.8044544    3947.9764060
   1869.8097024    3455.8091465    3947.3673817
   1865.1755414    3457.4159826    3978.7863461
   1857.9459024    3474.3942674    3953.3039196
   1871.3866720    3455.8618958    3966.0470858
   1864.3994393    3435.9811405    3966.2510503
   1870.6651123    3448.7679891    3954.2516979
   1860.7948720    3454.4152007    3960.4168364
   1851.9398780    3459.4561254    3955.9861595
   1875.1318817    3452.1846784    3973.4906582
   1853.5309496    3459.9215679    3952.5818184
   1857.7387845    3453.9495638    3974.6652244
   1851.0500500    3491.3408612    3962.5072980
   1865.3121149    3443.1417660    3971.0690133
   1863.2750836    3457.6353310    3976.1927933
   1861.7940741    3448.3311192    3970.2230324
   1861.9343360    3462.0350170    3972.9772100
   1877.0634279    3466.9731656    3964.4847198
   1862.4506425    3454.4161771    3945.5911036
   1860.2359567    3472.9615320    3956.5235256
   1861.2912163    3449.0024673    3956.2185130
   1878.8939869    3457.1346375    3957.0918901
   1861.5826289    3456.0844683    3947.8759855
   1873.7882627    3462.8058683    3981.4498426
   1863.4500831    3450.4993091    3986.4756913
   1864.9693792    3462.4090682    3967.6117021
   1860.5991149    3457.7054020    3969.9565129
   1876.0124506    3467.1226773    3951.4499529
   1868.2406735    3474.5651843    3974.3568816
   1872.0367578    3451.6945023    3973.8681907
   1854.9651924    3465.2561432    3960.2602002
   1875.7880265    3452.5105717    3955.8463541
   1856.5510988    3448.0675264    3978.2060827
   1871.6607637    3464.2498776    3960.8779149
   1855.9784729    3451.6325219    3964.3274201
   5385.2894523    4191.1978620    6855.4608027
   5380.8883157    4184.8608238    6845.6940683
   5390.4989831    4196.5499999    6833.8779209
   5393.2164435    4189.5984970    6864.3411653
   5390.3091547    4196.3467785    6841.4582523
   5387.5363107    4188.7778153    6838.5074006
   5377.3862032    4189.0213883    6844.0291106
   5394.1836104    4204.7030252    6859.4138816
   5392.7794659    4178.7298644    6859.4803594
   5401.2880795    4175.8645800    6859.8318085
   5402.3573258    4188.2018737    6847.9618326
   5375.7486599    4187.0848847    6849.8809616
   5385.7029399    4199.6248111    6845.9263575
   5420.8729970    4188.8747380    6848.3475155
   5388.3192315    4183.8189466    6844.3169834
   5375.0251918    4193.9312378    6849.4879476
   5390.9798119    4179.4049366    6853.4262545
   5374.4713422    4185.2709616    6856.7721689
   5373.5461379    4194.5809989    6860.2359582
   5397.5170104    4194.5099353    6849.9031231
   5367.3509536    4204.6148121    6860.2460489
   5397.7704043    4196.2946386    6858.9971256
   5406.8561802    4193.4521969    6846.5084231
   5400.9167189    4199.4524787    6860.2923892
   5373.7862913    4208.5356701    6855.3057297
   5390.3244850    4187.1976656    6848.9315916
   5381.0661748    4181.9083739    6853.3374832
   5398.3048966    4184.7447971    6847.9484395
   5396.3680284    4176.8319151    6847.4439325
   5368.5722657    4204.5215964    6850.0531789
   5369.4702512    4183.0205518    6841.2353323
   5395.0524667    4172.4725748    6848.7517544
   5397.2169268    4194.9873036    6866.7481978
   5385.4910445    4212.4122305    6846.5572232
   5386.2391309    4181.3527307    6854.2405603
   5396.1051353    4192.2243784    6868.0424504
   5400.4497095    4191.8754982    6853.4075891
   5381.0149634    4192.2252697    6859.1395079
   5392.3315051    4188.2884877    6860.6129808
   5377.7516710    4198.3673931    6852.7710844
   5398.9198873    4195.9008347    6849.9015883
   5382.7225017    4194.6017539    6854.5685923
   5372.0721274    4187.9802851    6851.1642284
   5402.2609816    4191.7390376    6861.8476849
   5385.6800347    4202.8418097    6843.1406974
   5404.4516050    4178.1428721    6852.4502893
   5402.0600474    4194.9869707    6866.8627449
   5388.5231968    4202.1027940    6859.3517982
   5405.4891137    4180.9830026    6846.7737282
   5378.4248152    4188.6054634    6840.2273725
   2039.2822884    8766.6164695     283.8294549
   2041.0446279    8767.2581696     280.5872800
   2041.3363210    8795.0883079     260.0585726
   2032.9223095    8770.4451258     283.0292442
   2038.4530151    8790.3144983     265.7093663
   2074.3540106    8784.5771257     261.2926401
   2043.2686998    8790.4401905     271.8286722
   2048.4303635    8797.0652704     283.3546431
   2051.1442415    8779.9167689     285.4961886
   2038.0020653    8776.1990619     263.6366778
   2048.9802330    8773.8657721     284.5234655
   2055.7806660    8789.6002018     263.0740828
   2040.5029531    8766.6272273     259.2739716
   2031.5972011    8782.7888082     268.4512456
   2052.8400979    8796.3552471     263.5019087
   2049.1840840    8781.6553342     261.9813885
   2042.7547755    8783.2736870     249.8994991
   2031.9853559    8768.6834274     273.7758975
   2032.0378557    8772.9135061     277.8143250
   2049.0404354    8800.3341885     260.7415601
   2044.8401896    8769.4580003     281.4899318
   2040.2237604    8792.3807652     288.2832332
   2043.6897116    8770.5494325     264.0788051
   2048.6038178    8790.4418642     293.5121889
   2019.5701761    8770.3095419     284.7273387
   2047.6005235    8785.9997859     289.1450442
   2041.0829912    8767.7941371     276.5285044
   2036.1040638    8782.6988026     270.5879265
   2033.5600637    8796.3835434     279.8149010
   2037.0254591    8792.2802794     267.8727925
   2075.1654434    8766.7310880     274.5667916
   2042.2640071    8769.0349234     267.1810274
   2024.5683282    8769.9493681     277.8639161
   2044.2712251    8793.7342913     267.6684295
   2054.2635258    8782.4952829     261.1699360
   2037.2804392    8781.9434946     280.0221338
   2044.7880803    8774.1536030     274.5657628
   2039.9779194    8785.7886530     262.6173822
   2062.4761834    8777.0262624     273.5907724
   2059.8655584    8769.2876752     274.8471621
   2034.7214678    8777.5966914     272.0898028
   2062.1525253    8791.0894258     272.5627917
   2019.8625249    8788.6662174     270.9534889
   2042.9444157    8777.3223749     273.2110063
   2044.8364495    8762.4915045     273.8678803
   2065.1242350    8776.1277139     277.7997402
   2042.6802910    8773.5556289     268.1991008
   2049.9901325    8773.5199102     283.6502217
   2028.1049308    8767.1835088     268.3026089
   2046.5922221    8784.3330857     265.8390672
   6688.0277186    4163.9935715    5588.4781389
   6704.8605118    4178.1694817    5595.4797458
   6704.2077017    4165.3220712    5592.1746818
   6702.8549785    4203.6358456    5578.8480380
   6703.4028748    4182.4710789    5583.3623770
   6710.0852477    4163.9537605    5574.9136030
   6689.8406677    4175.5691431    5578.2010980
   6708.8490196    4167.1199394    5573.2147811
   6713.9864881    4198.8660548    5589.2262039
   6686.6014999    4179.7492256    5567.2137427
   6692.4608659    4184.8947654    5579.8666681
   6715.7550631    4176.0124080    5591.4893159
   6702.8322636    4188.9055945    5585.2241371
   6704.0307013    4183.7845908    5599.1163135
   6719.5669261    4169.1815389    5581.2578078
   6705.1165001    4170.2471430    5583.5618344
   6700.5914136    4171.5489904    5589.7393901
   6729.4364981    4161.6448008    5606.6993913
   6703.1150327    4184.8552858    5597.2707599
   6709.6911435    4183.6721271    5584.6106318
   6704.1367214    4164.6708652    5590.1486550
   6700.2149045    4156.9414289    5586.0602081
   6707.8308950    4173.8073937    5594.2992569
   6701.7891527    4157.9075117    5583.1499103
   6706.3195909    4176.9832341    5595.1088268
   6720.4331378    4163.9682538    5595.4556434
   6716.9435584    4176.9665527    5590.6057463
   6715.4030198    4156.6976035    5588.9306643
   6711.7244228    4169.1719557    5580.0218310
   6703.4384214    4171.9174760    5588.4113713
   6729.8719290    4169.6575780    5609.7216958
   6709.6609208    4168.5783553    5594.1823877
   6706.4096850    4182.8818637    5584.1146951
   6700.7505610    4158.6550592    5592.2003421
   6707.9358341    4184.0530808    5585.9380163
   6707.5596691    4189.3855136    5602.6811760
   6698.7867416    4174.5935620    5573.1292869
   6706.2282168    4178.9536407    5584.4695530
   6715.5147502    4175.7448058    5598.7511694
   6708.5211955    4169.4750540    5594.4724740
   6708.3842314    4166.7285998    5576.4532784
   6703.0058421    4168.3819765    5587.8016963
   6710.6224488    4166.8630995    5570.1629929
   6711.3190416    4173.1779032    5594.7236050
   6727.3064262    4161.3789976    5577.9717340
   6693.8620011    4159.6887237    5580.1888672
   6721.6222706    4180.3641588    5594.2933229
   6710.7877484    4170.5562848    5588.3914112
   6676.7821754    4163.6504162    5581.1377412
   6724.0563549    4183.3733033    5598.5120863
   1412.9526333    1996.1138592    8011.8874973
   1397.9251266    1983.0703432    8008.8752142
   1397.3710512    1975.6639870    7991.5165665
   1394.2018639    1985.2959176    8019.3422246
   1399.6598875    1996.1455813    7995.5881107
   1398.9663201    1984.7574300    8019.4936035
   1402.9418985    2000.7168982    8005.8829327
   1401.4400583    1967.0129287    8005.6619075
   1394.7480322    1993.1106773    8005.0181649
   1415.5221019    1984.8130278    8016.2644825
   1390.5242532    1984.6284255    8017.1008340
   1404.5926452    1988.4531758    8003.5353820
   1401.1889813    1987.4537255    8013.9918871
   1406.8713363    1984.9417614    8003.9747271
   1391.8027266    1993.9697609    8011.3468671
   1393.8225727    1984.1626528    8010.8471349
   1408.3205436    1982.2658502    7994.4275923
   1407.7434917    1962.3565230    7999.3688656
   1403.9595660    1983.3777489    7998.4275869
   1400.7635581    1969.4984567    8025.4425869
   1400.6650358    1970.3223987    8030.9946053
   1389.0248455    1980.3214003    8022.6282639
   1388.1357307    1975.7258475    8002.8029488
   1408.6550475    1970.3468629    8021.1320701
   1404.4626182    1980.5389705    7990.2930812
   1411.3692995    1977.4206828    8003.1481869
   1401.0981193    1999.8288473    8007.2795225
   1416.8936971    1967.3055632    7999.1056500
   1402.0228893    1987.9547826    7990.5928863
   1403.3808036    1978.3083840    8016.3710369
   1414.4311627    1971.1894306    8005.3817519
   1402.1983226    1986.0424220    8014.3855375
   1389.1754951    1986.1881910    8022.3250024
   1417.1239046    1976.0559871    8005.4687030
   1402.7868478    1991.3024511    7999.6546335
   1412.2227031    1966.1503295    8026.5234683
   1394.4349838    1978.0351163    8005.3157888
   1402.5745446    1991.6616188    7998.7618956
   1419.4827793    1991.4306110    7991.7052922
   1404.0554391    1976.6269686    8002.9172686
   1401.4164352    1987.6641673    8009.9052998
   1418.7063269    1980.3211730    8020.9355828
   1417.4653776    1985.2722272    8008.3093384
   1394.5398832    1993.7799388    7991.0447590
   1402.7603612    1985.7623935    8020.4342298
   1399.0863582    1969.0721047    8023.7734829
   1395.4768520    1997.5340392    8005.9522581
   1392.8589520    1969.7775532    8000.8482392
   1406.0255812    1985.8559397    8022.2069758
   1409.7833512    1999.5054256    8011.3157086
   9677.3927673    3126.9085863    6930.4524245
   9670.7541220    3124.5347234    6923.2955573
   9690.4022660    3111.4636780    6930.0430560
   9663.0070857    3111.2866797    6930.9418933
   9693.3279940    3146.0216040    6929.2444960
   9700.9476946    3146.7907484    6907.4811857
   9684.0778855    3140.8174038    6922.7748127
   9686.2849848    3135.3385049    6939.1072712
   9698.1741149    3136.2641973    6923.9375084
   9676.1349001    3139.8510530    6934.5132652
   9686.6183279    3132.1108942    6928.5385447
   9696.7305087    3139.0234980    6932.0508159
   9660.9715458    3132.4850542    6910.3927198
   9674.9857874    3136.6815437    6927.6702924
   9682.2541021    3129.7860400    6926.0637896
   9686.6436701    3144.9324753    6917.0882460
   9670.6746881    3123.3421743    6929.5330659
   9682.9444795    3134.7083874    6933.2658508
   9697.0338590    3125.5197431    6945.6221488
   9673.1738584    3127.7978842    6920.6278569
   9683.7651838    3120.7537890    6936.4722546
   9678.9635563    3130.7304732    6921.7457788
   9673.1205743    3120.6477711    6922.9118436
   9688.8024097    3134.4861239    6905.1954685
   9674.4814844    3137.2413944    6929.1742734
   9686.9771702    3124.2959507    6902.3136254
   9680.5484670    3131.2378884    6926.2931396
   9691.4388319    3128.1184488    6911.7858595
   9680.6452291    3122.2001396    6929.3933924
   9672.8398713    3144.4931627    6925.2527692
   9689.3731117    3120.9277985    6923.4111263
   9677.2994459    3134.1846781    6920.3733492
   9668.7976795    3143.6626510    6929.3617542
   9667.0071395    3149.2043789    6914.3998990
   9705.6039721    3133.5728834    6909.8474111
   9673.4054075    3132.7726891    6926.1836320
   9686.5242979    3117.1151191    6920.8085856
   9669.4749933    3139.7116608    6923.1533456
   9680.2270791    3156.3161240    6937.6848280
   9694.4344826    3127.5280136    6922.2181201
   9650.7944683    3127.5999002    6917.0799621
   9690.3634898    3120.2591758    6917.3834929
   9686.9315097    3129.9109420    6919.8783216
   9688.7881874    3122.0443126    6898.2798338
   9672.1628888    3138.2109714    6904.0983718
   9688.1356596    3129.2391739    6927.1834822
   9674.4459746    3124.2061156    6915.7975227
   9686.2109100    3134.5248860    6920.8073062
   9682.1343686    3134.0773127    6928.8021057
   9688.0983030    3138.0662150    6931.5331801
   8785.4949508    8928.8175889     869.9942201
   8764.5159320    8948.2737116     870.3149453
   8764.1195482    8959.0263182     844.9220015
   8772.1116254    8937.3468344     859.2247593
   8769.3925806    8947.0482238     837.3287469
   8769.5620194    8949.9298432     865.4739932
   8756.5186608    8949.1908709     852.6084200
   8756.6939324    8938.0485642     848.6885448
   8778.5943099    8935.0542568     844.1327983
   8779.3822824    8937.3919009     860.4153619
   8773.0309862    8930.0497771     860.0946248
   8766.3092873    8954.4216646     842.7396060
   8785.0638251    8942.8429509     846.8896211
   8767.7480047    8942.3577332     860.1812248
   8750.2129550    8964.2513164     855.1101418
   8753.5906182    8945.9505405     850.1567707
   8773.6661112    8930.0075531     860.1617491
   8768.1279204    8948.1815734     856.0779117
   8745.4072397    8960.3332748     847.3008845
   8770.4584226    8965.1593880     855.5270219
   8757.5326992    8941.0232162     865.1042358
   8764.3176268    8938.9665893     854.0275622
   8763.4177979    8955.4357770     851.2143316
   8770.3468438    8950.5513849     858.1568179
   8760.8150079    8953.1781887     871.8393808
   8767.8753049    8931.9013220     855.4159502
   8748.4656128    8941.5851000     852.0711908
   8760.5909290    8957.0957885     835.5046880
   8771.8292520    8933.3526975     836.0257085
   8754.8379975    8933.0995616     855.5988401
   8756.0780782    8952.8721207     845.2829731
   8770.4451673    8960.2520659     859.3018498
   8757.3398491    8960.5379788     853.8860420
   8766.1122733    8937.8335778     852.1993185
   8762.6580792    8944.9860525     855.2889014
   8760.5870584    8946.8222873     853.8362398
   8762.6156461    8949.0995535     855.9893268
   8769.2305786    8944.7686739     861.7152942
   8762.8177597    8947.9765761     852.1500335
   8770.1205386    8950.9310748     867.1505634
   8746.8093718    8945.5291628     838.8581460
   8755.8847958    8952.5439393     844.3739629
   8755.3602902    8946.1156558     852.2842476
   8779.0551477    8947.1665494     867.5469145
   8765.5488390    8945.7256123     848.7575717
   8770.5452150    8951.4046420     837.6567236
   8768.6920679    8940.9681308     841.8781033
   8753.8180286    8957.2548715     851.5330929
   8746.4388959    8940.4264986     867.5227603
   8761.3349148    8959.5903180     858.9777210
    391.4870638    1706.0146006    8765.6040658
    406.1562982    1683.7606886    8790.7640931
    387.3281169    1687.5498675    8785.4616651
    412.1113515    1686.9470154    8775.9023431
    399.9324954    1711.3077674    8798.6848051
    386.1150071    1702.6152565    8790.8483290
    378.0021887    1680.0843541    8788.8422846
    390.2437346    1697.6220366    8792.6601559
    400.9490960    1699.8147323    8782.8888795
    395.2728727    1690.7239866    8794.1214777
    401.3508443    1699.8338983    8784.9132571
    394.5049858    1699.3639667    8770.5541160
    392.5857295    1701.3199223    8784.9362492
    389.9652744    1690.3585507    8769.5236537
    377.1325077    1692.2053939    8791.7984319
    381.6533495    1695.3201762    8798.9293069
    401.9367845    1680.1869033    8805.5846968
    406.6485653    1683.8181452    8797.4554989
    383.0839344    1706.4557430    8784.6140124
    391.6267219    1699.3938427    8771.6949170
    377.1728070    1704.9079146    8783.6002519
    397.9076709    1705.7116739    8774.0676522
    391.8697890    1688.8610168    8783.1387881
    381.9764483    1705.9768230    8768.7446836
    392.5817172    1716.4541244    8792.0680977
    395.8990716    1702.9803952    8793.4401145
    368.4307492    1686.5554636    8785.2318615
    397.5777799    1701.0152722    8768.4303990
    393.8663965    1701.8851255    8775.8342675
    390.5398660    1697.0431471    8776.9165058
    378.3556945    1703.0933006    8803.7773518
    398.0633989    1696.3597348    8765.8992456
    406.3794006    1697.7707781    8776.0968865
    412.5961796    1692.7670914    8801.2518733
    411.5845571    1701.7152718    8786.6458174
    384.7696259    1700.9066157    8781.9823536
    388.7089013    1683.1703441    8783.6588656
    399.2609086    1692.2216969    8797.3453055
    394.0231820    1699.7402077    8787.0119395
    385.0981858    1694.8207469    8778.8322664
    389.2153153    1699.1551042    8793.2049799
    388.5278254    1689.0102100    8804.8233281
    417.7037240    1702.9534844    8767.9527202
    387.9240376    1699.1361813    8775.0797059
    386.5230048    1708.2382568    8780.0986605
    382.9639606    1684.4589017    8800.3579314
    394.5133517    1705.4948424    8801.1038935
    387.3486559    1703.7573220    8787.0048000
    381.8339425    1691.1349130    8792.8205481
    388.2255089    1705.5195917    8780.6027697
    995.8675879    4195.7765377    9578.4099170
    977.4148115    4215.0650189    9558.4134190
    976.9711795    4207.3738552    9591.1923118
    994.8790917    4216.2286791    9583.6038913
    971.8993766    4216.8219561    9573.5452482
    967.8074541    4196.5011445    9605.8975486
    995.7663270    4209.8987046    9580.9942067
    985.9207457    4212.9704222    9588.9732260
    984.4586338    4215.3893169    9562.6802687
    992.7959251    4207.6579529    9580.2778067
    973.1199073    4216.0231273    9575.3392516
    982.2286976    4199.0902517    9579.2092507
    990.3451711    4211.4330087    9575.9476104
    993.4552573    4220.6739301    9570.9696853
    975.5004217    4202.6626151    9599.5355445
    966.0635135    4219.2880270    9585.4514249
    970.2975743    4208.8875250    9579.9586427
    989.6392642    4213.8348621    9588.4338058
    975.0293958    4200.7965144    9584.4073451
    983.8610653    4211.5015813    9565.3381437
    995.3659633    4204.1857201    9575.5769630
    996.7903469    4204.6905503    9570.4403416
    993.3061961    4213.6812201    9590.1630554
    991.9982105    4210.5924649    9581.6797197
   1003.2702965    4214.5660340    9559.8575422
    984.6884923    4207.9505181    9573.1600802
    990.0240456    4223.5956898    9579.7013453
    997.6551496    4217.2997114    9565.8659169
    981.7544865    4219.7569749    9594.7108973
    978.6257381    4205.8976293    9569.3539090
    983.1716005    4194.5053900    9581.8605977
    986.1864000    4196.6529593    9584.2149450
    989.3622491    4203.4844006    9581.2583307
    967.7439312    4202.9441920    9586.3549488
    984.4247885    4210.1170995    9576.7246602
    980.3629349    4211.3174491    9578.2562640
    978.8265975    4196.6636908    9575.5356327
    973.5986379    4201.9634664    9553.4252148
    974.4383477    4209.3223187    9573.9156380
    987.2097399    4194.8276102    9573.5009629
    993.9566313    4198.9716355    9565.1096940
    984.2595308    4190.3061163    9574.9000050
    973.5850789    4218.4550871    9579.8153661
    995.5695740    4194.2477917    9578.9376314
    982.2529773    4197.5410657    9587.7803321
    977.0688725    4198.7065387    9588.1080479
    975.9169421    4193.5916925    9594.3125709
    990.6931952    4215.3338200    9587.2947208
    976.4717917    4221.2902043    9585.9070877
    979.8805815    4214.3047656    9569.8498654
