   2060.1420661  320016.7386806
      2.0038090     305.7019073
     22.9773638       9.2928832
     44.3310329     627.4938238
   1470.8346783   15625.3579145
   2135.9591576  178463.3139364
     59.9984778 4417560.5335136
      3.1542614  139627.1765308
   2069.8568168   21747.4086314
     20.6674218      53.9830931
1219509.5693920 19790130.8734349
    367.6477323  200847.7502737
4292360.0174267 5811825.3712937
      8.2309621       3.8299214
     33.7292906 4419403.0559879
     10.2697134    2205.0306592
16653807.5718544   14223.2825601
 199364.7380198     380.6642153
 182308.4952459 2142726.2648159
      2.7111758  525548.1996373
27878819.4320861  508530.8263535
    212.4023341 1007748.2748847
     11.1380453    3442.9860692
7334626.5166114     264.4295434
    239.9530143      17.3960244
      2.7602654  160482.0918179
     67.6057844     165.7792723
   7120.4653899       4.8591403
  28110.5202090      22.9669249
  36190.7374667  227294.0890134
     10.9740663    1960.9590696
 207910.5996231    1964.9848427
      4.5912373   14884.4030504
 124956.9383680   10494.4481883
13349423.8668989   34572.1084629
6727532.2304450      19.6900231
     20.2890911 1362090.3089498
   1493.2542242      31.3088960
10046613.3871793     650.9399432
 531419.0703277  351691.6723373
4815807.1479444   64104.2758428
 532572.5025777     663.3195365
    178.3131638 5936862.3652519
   2476.6744986 18695155.4514421
 124224.9940860   62030.8074927
     13.4907940 14481846.3048449
   3560.5667986   30180.9530904
   1777.0681159     103.1533973
6725026.3673475   27906.3859894
      2.0978156   57508.1148995
