   4163.3483200    7194.7928780      -5.5687131    3023.1990803    1456.3858047     925.7301047    1879.2001355    3463.0277120    3965.7563868    5379.2910504
   4162.7484641    7220.1694804       1.6518257    3016.9557699    1469.4680630     944.3884991    1863.8037033    3461.7793015    3970.6764455    5384.6448416
   4158.7948650    7199.7515072      -0.9451942    3029.1919582    1475.9487423     932.6969685    1865.4579870    3464.4586821    3960.1307629    5400.6960216
   4175.3493452    7200.2640061       6.0289296    3022.5700092    1478.8752020     938.5841159    1884.4578678    3441.6423071    3953.2336043    5383.1226814
   4171.8204177    7212.0066236       4.3000976    3003.1037142    1464.4968680     931.6656941    1864.9030611    3463.2273822    3965.4514609    5386.1597593
   4172.0856609    7207.3454509       3.1267454    3024.5158128    1460.8522853     927.1615856    1863.8203265    3466.9021095    3979.6639211    5390.0189042
   4166.4671975    7196.8576303       5.3786917    3024.0991270    1464.1203714     923.8219163    1856.4021053    3462.5875908    3963.2034567    5400.4124171
   4174.2549634    7209.1807197      -9.8053703    3025.0195506    1474.9644727     913.8489417    1859.9399287    3455.9334159    3953.9435691    5391.3189340
   4178.6816535    7194.6497750       4.6492080    3010.2028922    1467.1719531     907.2282241    1873.8162909    3459.6962758    3967.4285727    5380.4157238
   4182.9576063    7222.9159519     -17.4360705    3035.6873666    1483.8354157     926.7660647    1850.6094335    3464.2407236    3965.8655393    5382.1281338
   4157.9194657    7208.7503094       9.0718168    3017.0904190    1472.7646715     911.9425338    1870.6207241    3456.0729434    3965.8090446    5387.1498813
   4178.9089086    7210.7490508       6.4384014    3024.7027384    1468.3371195     929.5697503    1864.9270594    3462.4327845    3964.5735746    5363.8189624
   4180.6082930    7225.1147309       5.5573926    3022.3241740    1466.1944607     922.1954058    1862.7762079    3444.3870831    3962.5037977    5378.1970718
   4172.7080386    7200.2785229       6.0958614    3021.5786947    1477.4222600     925.5212867    1884.5091111    3436.6436612    3961.2055754    5397.1822090
   4195.5033041    7200.7585866       1.5804381    3021.0625839    1480.8734793     920.5128691    1869.4028122    3452.4092544    3954.9491548    5391.3028172
   4175.2518952    7216.1771932       0.0392779    3017.1521057    1473.1865191     925.7933186    1865.4087645    3454.8761434    3979.2781280    5391.8622672
   4189.2666341    7214.3555014       7.7342461    3007.0513429    1473.5821010     927.5887697    1870.7116305    3466.0516914    3963.6659604    5396.4073962
   4164.5969927    7222.7937152     -12.1757685    3005.7188407    1451.0516955     914.4803918    1851.4109598    3475.1680595    3964.4097473    5374.7405821
   4181.3638768    7197.3796950     -11.2247856    3032.0841156    1473.7925299     919.0363809    1876.6775138    3456.8982862    3983.8442383    5393.1947489
   4185.8081024    7204.3389614     -11.0536958    3047.8194128    1462.1011665     921.3975691    1855.5981287    3453.5733259    3970.1014367    5390.1856418
   4176.8302499    7221.1665165      -0.0608975    3010.9945190    1455.7357269     916.7284025    1845.8601557    3463.8575687    3962.6926067    5385.0574903
   4170.2011322    7189.2787302      -7.4694154    3030.0728416    1473.7442995     918.9542284    1880.7074629    3442.5500012    3964.2248702    5385.8589426
   4142.2891970    7222.6202226       4.8070683    3012.8798325    1488.0706426     929.2425677    1866.8973752    3449.5372864    3968.7369695    5372.9105369
   4178.1703080    7199.5005512       2.4842301    3035.3462749    1470.4063893     926.0106221    1865.3671068    3448.2745544    3976.0347895    5403.6009311
   4177.8081036    7212.0940226      -7.6290670    3014.6478541    1453.1501479     935.7084784    1860.0603151    3469.6057099    3959.8556255    5383.7922502
   4171.1742979    7212.4594351       1.7512501    3025.4369739    1467.7241838     925.1578249    1851.4374136    3456.4165414    3965.8089524    5387.5990952
   4175.1434126    7196.4381530       0.2986679    3020.3521075    1471.7319282     931.2336542    1853.0478612    3461.4663747    3988.3325755    5373.4557708
   4161.9183281    7194.4391584      -1.6472290    3039.5542172    1467.6924349     916.4390117    1868.8201488    3449.6092251    3978.9088639    5391.2200104
   4184.1078410    7196.6314920      31.4523193    3031.5715726    1474.1047097     922.8740632    1855.3461426    3446.9295837    3966.3149690    5380.1946422
   4173.0468041    7194.9839601       7.3545752    3032.8869434    1460.5005031     935.3128084    1860.2226944    3467.1601493    3972.0564058    5399.3906233
   4160.2498491    7202.1769946      15.6580408    3017.1453578    1447.1868959     903.9600559    1837.5377072    3434.4656312    3963.5583507    5400.9526209
   4165.7977542    7206.4802080       0.0438333    3023.4112158    1465.8769198     921.6441442    1867.2137548    3443.8474437    3977.7760141    5397.3675194
   4168.2694736    7211.2988687      -5.8696961    3017.9534961    1469.1215467     921.4837374    1858.1147334    3448.8827900    3962.0997951    5397.5590275
   4150.7868130    7206.7698781      -1.2206213    3030.6038613    1472.7096443     895.5606030    1868.4485799    3458.8500129    3967.8933707    5383.4806019
   4178.7528592    7199.1146413      19.4909244    3028.9695549    1488.9371888     915.5306077    1845.0428574    3462.7551664    3976.2017829    5388.5209410
   4154.8321146    7198.7659826       7.3236035    3021.4839631    1466.3990563     921.6313580    1853.2629672    3450.2770672    3953.4091881    5405.8469395
   4165.4663183    7208.0210362      -9.0751113    3031.2710087    1448.8272984     932.5920989    1862.2484345    3476.7133210    3954.6094016    5388.9311448
   4173.8923652    7215.5739263      -3.0848214    3024.1903704    1446.1342409     915.0842590    1867.1182733    3466.6490137    3964.8573796    5408.7308953
   4187.8225393    7202.6384095     -22.9912818    3005.5500626    1459.7803199     934.5443588    1865.7048367    3434.6647923    3965.3870840    5404.3009538
   4166.4720002    7195.7452382      21.6899892    3023.8598217    1462.7673372     926.8876193    1862.7737610    3451.3158476    3979.7593056    5399.3243581
   4178.6286626    7202.2160622      12.6127519    3022.8287005    1472.2253408     933.7228164    1870.6905574    3473.5048173    3972.1875825    5371.3267402
   4158.6183460    7216.7460026      -2.1690835    3027.1911178    1459.0443516     933.3947619    1858.7537913    3470.1883528    3962.3524021    5399.3486740
   4176.9640081    7196.0210154      12.1337115    3014.3093814    1459.3342363     930.6030606    1856.3486938    3449.6688398    3964.2357352    5378.1656481
   4180.6699911    7209.3300814       0.4504612    3022.2418056    1472.0604633     941.0392987    1871.3118118    3450.5226991    3975.4489344    5386.9796283
   4168.2300652    7221.9096482      -3.0456308    3018.5338772    1448.0378553     909.3626562    1867.1133432    3448.6580614    3972.8288803    5377.0186295
   4162.5469488    7209.9906415      15.7526720    3029.2504543    1479.5372166     940.4318894    1873.0030053    3446.4228700    3966.6212952    5394.4692967
   4166.0715780    7207.7643948     -14.6478147    3015.0394465    1472.8477056     901.0150826    1851.5249888    3455.4300873    3950.4807976    5388.7385500
   4162.2245721    7200.3289885      -1.4460804    3025.2186583    1461.9210208     924.2828118    1856.5905458    3461.1680055    3984.6128334    5390.1360378
   4171.9187396    7191.6048547       8.0774104    3015.7450530    1459.4704362     928.9603422    1864.4125012    3466.6790249    3982.1035116    5382.7705244
   4171.5038169    7220.8490863      10.8091407    3030.4562168    1480.6209688     917.3399180    1868.9679479    3469.6998043    3983.8838652    5380.1054919
   4189.4284020    6856.0221557    2041.6325239    8777.2562015     280.7159453    6701.1410020    4155.1688948    5590.5167576    1399.6244580    1973.6995810
   4176.2877625    6862.3332286    2022.2513710    8764.1810279     271.1174714    6716.9646576    4186.1450827    5575.3484581    1402.0930640    1965.9103271
   4202.0572147    6837.4293774    2043.0905399    8791.5042017     271.6517917    6719.3767052    4164.3479414    5590.5901892    1412.4022078    1979.6177735
   4205.8082867    6857.6762998    2028.1480014    8820.7603909     280.3623684    6705.7485347    4159.0598955    5587.7159626    1399.2699576    1987.4584275
   4195.6618469    6870.7250988    2045.9450110    8786.3094187     277.6005005    6703.1902038    4171.2140217    5597.9082865    1411.6696573    1974.7204748
   4180.8107830    6851.5209037    2056.1368971    8780.8990700     291.3402829    6696.9243989    4174.4644290    5561.7352458    1397.9127071    1977.9236777
   4197.0545218    6869.3016224    2044.8719332    8795.7135397     280.4927427    6714.5386236    4168.3864751    5600.7481979    1393.1397432    1985.9664770
   4182.4245230    6847.0135484    2029.9084613    8776.0108848     277.3871009    6703.9873972    4159.5703743    5601.6056830    1407.2415953    1991.0955452
   4199.7974132    6845.5463263    2025.0720277    8772.0201202     286.1274905    6694.1396410    4181.2084605    5580.7742147    1407.8004784    1962.7756923
   4203.6158957    6851.7983170    2053.3807553    8783.0729804     281.8565699    6703.6557814    4180.4815891    5571.8025576    1393.0622790    1988.2696309
   4191.5533615    6849.9074623    2042.7263744    8786.1916150     267.9424944    6709.7781778    4163.8901052    5582.8257640    1413.7189027    1991.7274151
   4180.9736004    6860.5813514    2034.1306741    8788.5045962     254.8878114    6693.5039949    4167.9583009    5585.2334249    1418.1055302    1990.0548826
   4207.6998231    6864.2610829    2041.6938618    8778.5110951     284.5656482    6705.0788161    4171.4780869    5573.5462572    1402.8047847    1953.1049268
   4187.3839685    6842.3961015    2051.4482408    8776.3876403     270.5854165    6718.1461564    4162.5573462    5590.0648734    1384.9167165    1981.9121820
   4196.0478015    6860.7937137    2035.5356654    8784.3709333     277.0574740    6704.4827854    4174.5481865    5591.5336277    1407.8481902    1971.0547820
   4179.9865289    6877.2548068    2063.7204202    8767.2574251     278.3781094    6710.9494726    4180.5613960    5588.3022388    1394.6006666    1979.1906868
   4187.0338927    6853.5387351    2041.8387843    8779.8576076     284.0614567    6716.9806838    4161.2369919    5582.2989834    1395.9613864    1993.2521130
   4191.3514650    6866.6848980    2039.7466888    8781.4343639     260.3889675    6717.7004571    4169.4219028    5572.0467199    1397.9447731    1957.9658115
   4191.6269723    6853.3198814    2047.4032790    8796.1554457     270.8661704    6712.7496610    4176.1704106    5584.9650681    1383.1013657    1990.4899025
   4186.9054045    6852.3745629    2031.8178896    8784.0043192     274.9562402    6704.9692780    4171.7000924    5597.3904674    1413.5315946    1988.2740594
   4225.1559316    6846.1927507    2040.7273222    8771.0263270     278.2357939    6697.8002279    4146.0644063    5574.7649032    1404.5919049    1991.1127642
   4176.3757285    6846.0705827    2043.1289793    8773.8889890     279.1875699    6704.7151102    4176.2606828    5579.6461352    1419.2347492    1981.0111408
   4204.8806402    6847.8050273    2050.4228920    8774.3805261     264.3668395    6697.6315985    4172.5893568    5584.7109499    1419.2614560    1969.5278486
   4181.0417607    6869.1968854    2050.6103339    8762.3602552     278.8486230    6707.0484288    4151.6035832    5583.2026602    1403.6948364    1988.3289160
   4201.4901007    6853.1524717    2054.8570053    8779.7116312     265.3009637    6695.3332834    4178.4744766    5567.3165936    1410.6474617    1969.9491602
   4188.3529031    6857.2488230    2056.7019063    8761.7675543     265.8141499    6705.1657187    4167.0871603    5595.5145155    1383.0054803    1984.6329073
   4196.2043458    6852.6858079    2055.5448646    8768.8786214     284.9620996    6697.6458978    4180.3035289    5583.6562423    1412.0128172    1988.8195901
   4177.3046083    6850.6500920    2043.5981741    8778.7956113     266.3193043    6723.1894807    4175.1389904    5602.4484444    1398.1778994    1970.3969232
   4193.2676218    6846.5626379    2068.4239569    8783.6285924     285.4019233    6702.4327441    4169.7874106    5586.5891703    1407.4265586    1989.5107593
   4190.7236039    6845.3864882    2033.8437316    8780.4075703     279.6055592    6709.2545725    4172.8698482    5580.8968965    1405.3370386    1986.7329396
   4191.5769675    6853.3186889    2043.0174541    8790.3293566     269.4939293    6706.5304580    4176.9923040    5594.1535100    1418.8282336    1987.7694289
   4197.9372764    6837.4926331    2050.5865368    8804.1115400     265.5758221    6694.4799033    4170.9014852    5597.1107657    1409.1168909    1976.2436488
   4191.5852422    6862.5653938    2051.2486948    8805.4631336     283.9327988    6708.2107739    4179.1952864    5583.4084425    1394.0916559    1982.7344622
   4196.8507545    6838.2421737    2039.2989327    8777.4818049     276.5323560    6702.0704412    4177.4989908    5587.8794069    1414.4726610    1963.9032143
   4208.5163904    6866.3717441    2045.0256682    8787.6775961     279.9414160    6697.3022055    4174.6946743    5594.6800262    1406.9675535    1991.5280985
   4192.8951051    6853.0025139    2036.8444599    8777.5289834     269.2787552    6721.7299370    4175.4530792    5576.9040194    1407.8553698    1979.0948539
   4161.4075002    6856.9935277    2028.9955095    8786.9590081     264.2632960    6690.0918572    4177.9914402    5571.9563468    1399.4023939    1983.0586648
   4198.0674693    6859.6438493    2044.1596844    8772.8504104     293.1140862    6698.6152886    4191.0839135    5582.3730347    1415.4822429    1991.7145462
   4181.4898016    6855.7478490    2052.0764176    8788.1841851     271.8865575    6707.6947022    4169.1011269    5575.1801507    1413.7095083    1975.4180766
   4205.7427259    6858.2195130    2035.5960306    8779.5623807     271.0120828    6695.9662253    4178.0623196    5582.1121437    1420.1863011    1989.6238033
   4183.1432534    6852.0049988    2042.2548954    8765.5292854     283.1884888    6714.1731899    4182.3030358    5582.3284059    1414.5592457    1978.9173615
   4201.2966218    6870.3202821    2045.9235961    8766.9828761     270.7069200    6711.0849604    4185.2467675    5575.5603641    1401.9639030    1983.3482821
   4196.2951273    6861.2992400    2035.0381008    8776.9395809     283.9555968    6708.5984509    4177.5318302    5598.1515194    1404.9099198    1986.2949251
   4188.7995054    6838.7449038    2031.5699185    8781.9175694     271.8803248    6698.1290701    4176.2281666    5577.9955689    1404.9827586    1980.8196653
   4183.5452549    6829.2129452    2059.0877712    8784.3407363     247.2346726    6700.4108156    4176.9859010    5584.6168776    1409.6726871    1971.2822150
   4193.6968213    6851.6601670    2042.6918774    8778.9640749     275.8735275    6714.0023159    4167.7468257    5582.8258842    1405.4750359    1979.8133911
   4195.8011670    6859.3779113    2057.4343863    8780.0099224     251.1029520    6703.9788564    4176.5867279    5585.0287343    1402.3370243    1956.6898057
   4197.0249874    6848.9546807    2029.4117312    8772.4601433     265.2276326    6710.7625926    4178.6644046    5602.0457883    1410.3486341    1967.4983970
   4177.8530513    6863.5022575    2060.1893593    8778.7968829     279.4639619    6689.6261889    4153.6088061    5575.1580477    1400.2975107    1975.8011270
   4189.6440034    6847.2848596    2051.3155088    8795.4498334     274.2379066    6724.9750767    4166.7039766    5581.6472505    1407.7467326    1977.4669032
   8019.2162093    9676.2046790    3147.4687214    6925.1679069    8789.5460508    8941.4254860     848.4151746     392.0043505    1676.4939160    8787.4476856
   8012.2541479    9683.7089408    3118.7978238    6907.7605463    8769.7577081    8957.8184219     866.3867600     381.5934171    1687.9962154    8778.7056463
   7987.6883853    9676.7264454    3142.7596780    6939.5721817    8766.6830775    8962.4721715     854.5508431     392.4614715    1696.5897838    8783.2944048
   8004.8971573    9681.2066497    3127.6228632    6925.8164757    8764.0360071    8931.2708347     848.0351087     381.9911184    1677.8221911    8786.2638708
   8023.0325693    9706.3130591    3149.8659769    6914.5181412    8775.6439729    8957.2656251     830.5638184     399.1607175    1704.5759660    8783.0531168
   8010.3318539    9683.1988310    3150.5611401    6919.2082684    8761.8921290    8946.1405249     853.1987544     372.9153343    1712.1839337    8783.6870319
   8013.1369327    9684.5889171    3132.3773689    6919.6737416    8764.8526644    8947.5871584     861.9947313     394.0084098    1696.9693090    8801.2906854
   7994.6514252    9669.2136654    3137.7878021    6921.1024238    8746.1455631    8942.9443384     843.3355560     401.8591183    1692.0916779    8791.9311808
   8012.0435038    9680.5524481    3134.4534999    6927.5127441    8740.8111378    8949.3373191     846.6509176     408.5270260    1691.3915061    8792.8506735
   7982.2964405    9690.7620073    3137.0028091    6920.7559918    8762.6826299    8943.4610291     854.6721458     389.2053467    1680.4268186    8779.5669257
   8029.7929041    9683.0842192    3137.1496611    6918.8456116    8765.6320676    8947.8460906     847.8300945     399.1804663    1689.0734161    8780.1230822
   8012.4962243    9679.9457154    3122.0029851    6928.8087989    8754.0699134    8941.5935534     842.1606378     389.4405482    1694.0103359    8776.6791356
   8014.2554760    9700.2418462    3130.6666395    6928.4527084    8760.3373881    8947.0560575     861.7196271     391.0507647    1690.1487221    8774.1257682
   8001.2782225    9682.4827150    3142.8218961    6909.6381883    8753.5186313    8936.8212229     832.9480595     403.8070592    1697.9404092    8800.4328275
   7993.2023500    9695.5575803    3127.2252963    6919.1524598    8754.0018784    8936.5679964     837.2046596     392.7111619    1685.1621853    8779.0070156
   8007.3536713    9689.2818640    3135.2456988    6926.4394150    8769.0356386    8945.8941264     854.0755929     380.7506304    1690.5494913    8800.4001424
   8007.3283446    9675.5107504    3148.0405806    6921.6577306    8757.4266127    8931.5767196     858.2370324     379.6848233    1692.9138698    8787.8660342
   8009.2820225    9681.7514885    3132.1019038    6934.6854302    8786.1942644    8940.5790267     856.1311546     409.8358354    1709.0947662    8774.5567180
   8003.1388805    9676.6360718    3125.1073475    6916.9871052    8766.5102777    8940.1963450     859.2041123     391.7803870    1694.3329388    8790.2859335
   8010.6354050    9685.2644335    3144.6421661    6928.9588112    8762.8025383    8955.4421835     853.5352917     419.7209200    1709.2910807    8792.9571605
   8020.3556205    9683.4141533    3147.3707357    6923.4597270    8755.5797889    8940.4267705     855.7216192     374.9366334    1700.3877249    8774.1415334
   8014.6278506    9675.1540201    3152.9648142    6930.9043380    8751.2029334    8963.6542285     848.1695886     383.2730712    1688.0662025    8787.1026817
   8022.4909054    9676.8314875    3124.2655732    6911.8291558    8778.8555761    8962.7739273     846.9574023     395.9248832    1698.2751411    8780.8187313
   8017.0859131    9687.0253172    3137.5366813    6920.3003673    8772.0475266    8943.2465760     850.9413386     392.7426073    1686.2926391    8778.4340846
   8004.3196566    9683.6277881    3123.1236007    6911.3606397    8780.1261440    8957.6310711     859.3325073     408.7960202    1702.5001480    8780.5142469
   8012.2674442    9663.8228873    3123.2609501    6930.8125273    8764.2176778    8933.2902717     857.0274824     400.5368488    1704.9829913    8781.1220665
   7999.0851920    9683.6917066    3138.5110249    6919.6402687    8769.9218821    8949.2109544     853.7732592     370.2224344    1709.1151256    8798.6689515
   8003.4210105    9667.8467674    3140.6310748    6918.5695594    8754.2213993    8958.2437976     836.6083202     397.7221185    1685.8268544    8796.0477141
   8012.6112114    9680.0418072    3135.7354812    6929.0470306    8772.1904667    8954.3445493     855.9094164     385.7740157    1704.9449911    8768.3117905
   8017.4866178    9691.3458156    3148.1825920    6917.3383606    8765.7536399    8954.6494950     853.6206925     386.2811595    1701.3775063    8782.1053546
   8017.4027262    9676.3311317    3137.6366596    6926.1554679    8771.4648042    8945.3377126     851.7152601     389.8383356    1698.6448543    8781.5086259
   8004.1782412    9710.8887551    3125.8026667    6911.4920576    8755.9352568    8938.9661095     850.5564794     404.8571603    1715.1880335    8783.7982779
   7982.4635596    9686.4593507    3121.1352359    6918.2191409    8752.3942951    8950.3228608     844.1760393     398.2690291    1703.0772196    8779.0243386
   8008.2512905    9691.7899549    3130.5204624    6932.3823455    8763.6983629    8948.7606096     858.4345224     403.8631576    1703.5123176    8782.0087531
   8014.6525461    9667.1612808    3150.6313976    6909.9712440    8772.9286173    8940.4249957     855.5146295     389.3821581    1701.3400932    8773.4171639
   7985.8394067    9686.6823137    3128.2367382    6916.7397990    8756.6382916    8965.9107475     844.6201893     393.8159621    1686.6997637    8796.6560014
   8001.8830071    9656.6093391    3161.3612803    6912.2446704    8776.9808463    8953.3973606     856.9639101     388.2329840    1700.1961832    8793.6643944
   8004.4363796    9685.1288535    3143.5246837    6924.0600451    8759.6416910    8960.5834241     853.8589997     389.2961057    1690.5452474    8771.3690621
   8016.3835278    9692.1084381    3112.5346710    6917.0712403    8773.5404043    8970.3097012     871.9456518     399.9664941    1712.0375202    8776.1508397
   8015.1910320    9670.2441102    3128.6230181    6926.4358675    8785.5708937    8953.5462683     853.1803846     388.8469967    1685.0797659    8787.4536643
   8003.9547498    9685.0062043    3125.3484725    6924.4387062    8748.5212343    8951.1056972     863.6393728     399.6873405    1719.4424332    8784.6705695
   8012.4993212    9687.7644056    3125.4444836    6944.7584914    8773.7773038    8943.6383708     841.4137963     396.3629252    1706.8796712    8782.8038830
   8009.3064319    9680.7345889    3134.2143076    6936.5775700    8777.8977018    8931.0648662     851.8309024     378.5068188    1684.9472411    8787.2845622
   7999.0299934    9651.0821827    3140.6933081    6936.0475750    8784.2792944    8942.1037021     864.8965668     364.3377160    1687.8701996    8786.6147280
   8012.1610294    9695.8199363    3143.8086765    6922.4104565    8779.1840016    8952.9314614     867.6130010     382.5050624    1701.3067324    8777.1290776
   8015.5048198    9680.4202355    3131.7232596    6909.9612602    8766.9735643    8957.2215288     860.5240698     360.3875125    1682.1077387    8801.4764395
   8005.5694233    9681.1263449    3145.8951360    6925.1926096    8757.5656215    8943.9681656     869.4137206     376.7339208    1711.3164440    8778.3011131
   8004.7333996    9701.2448881    3127.8130456    6931.5767403    8760.2609885    8931.7459648     848.7819150     402.2370961    1696.4452739    8786.9192526
   8009.3312199    9683.0840708    3130.0668034    6924.5439797    8743.5625884    8941.5834185     832.4026774     393.2448208    1701.8508005    8773.4643818
   8015.4587628    9686.5740627    3137.1775025    6919.6121181    8768.6194530    8956.6087054     843.8376818     382.3793881    1710.1943032    8758.2407495
    957.2954374    4192.9289792    9580.7127118    5333.1765918    6923.7361899    3155.9160830    6880.3830749    8362.0145534     194.4728798    7489.8851467
    987.1041172    4202.4142232    9573.8881978    5321.4192277    6918.8782638    3160.5975509    6865.7961973    8334.3230321     167.6224216    7493.8223014
    975.6919548    4218.9189817    9575.7024929    5329.7661863    6917.2017888    3166.1247915    6881.3704280    8350.5273043     180.3997151    7515.4681647
    987.8507523    4206.8652812    9589.0010386    5333.7251492    6904.4308322    3161.4253731    6868.0075288    8327.6903048     161.3723419    7502.8061595
    990.3019009    4217.1620506    9565.2855038    5328.1827502    6925.4370387    3139.7987880    6865.8621066    8348.3900117     192.1203331    7476.9042301
    984.9182116    4231.2574686    9572.6832281    5328.4904565    6928.3110618    3147.5248840    6876.5788257    8351.6620506     167.1420392    7502.4490836
    968.8785187    4220.6017282    9562.0885568    5313.5353126    6907.3980954    3147.1255834    6878.1586847    8346.0741436     185.7928189    7512.1921469
    976.4902393    4205.2929929    9570.4207761    5339.5018962    6935.1039016    3157.7437350    6858.7764769    8341.0531087     171.7596305    7508.7546031
    972.8390507    4208.5299194    9567.2056881    5312.6582187    6893.3715855    3146.2566950    6867.1900618    8343.0785633     180.6470246    7490.7293506
    974.1515227    4200.3992266    9581.0076381    5352.1293981    6917.4074144    3141.4635060    6877.7355101    8336.2710548     188.4580999    7497.0165954
    984.2791704    4245.4028844    9571.4200388    5325.7860453    6922.5234940    3154.9368424    6860.9485678    8339.3726435     188.7877121    7512.2169151
    973.9474976    4199.7119190    9597.1943639    5317.4012880    6925.9244740    3159.5475838    6853.9795813    8353.8516549     171.8506100    7490.5476385
    969.5728359    4219.4190821    9574.4018430    5342.5053629    6910.6697392    3161.3029359    6879.0833828    8345.3965838     171.6282460    7498.0174400
    996.0357130    4218.4671884    9575.0354206    5314.2091260    6925.9265074    3171.4653726    6881.4952176    8350.5846210     180.9724817    7493.5819367
    977.7423202    4194.5787470    9600.2408171    5331.3832058    6942.6151909    3154.4113359    6848.8260975    8364.8723700     174.2845032    7497.0640673
    999.9538492    4225.6639822    9558.6332373    5331.6633974    6907.8757895    3160.5476923    6883.1310477    8341.0818207     197.8150014    7492.1567067
   1005.1910435    4202.8197111    9574.2619218    5334.6224234    6904.7651950    3170.6523986    6854.3091078    8352.3962346     169.9914730    7502.5409789
    983.3630766    4207.1938410    9583.7874934    5320.4845272    6933.9897972    3157.1807836    6837.0948364    8366.3123347     187.4099097    7516.9788017
    981.6989728    4188.4500968    9574.6981228    5319.3921501    6918.3863149    3150.3290414    6867.0993996    8328.6126382     183.4205975    7496.8473311
    989.8034270    4194.1532246    9574.6445917    5348.2368431    6906.9605105    3162.5368469    6878.3143380    8346.1558213     192.7678799    7511.8575458
    999.1658934    4207.3979280    9577.7723107    5339.6940782    6911.3146990    3155.6368171    6858.0235702    8322.9663077     186.2319249    7518.4674499
    979.7476915    4211.9192240    9574.3642520    5324.2432163    6920.1321841    3165.8856210    6887.1677102    8354.5214845     173.2691354    7487.1729932
    996.5366442    4214.2434000    9572.7906691    5321.0911284    6910.6939158    3167.4905592    6864.7856831    8332.2520192     191.6085633    7504.5441754
    980.5570166    4217.1534025    9570.6184619    5341.2918957    6904.5225305    3146.1218828    6851.2404464    8342.0911284     175.3082631    7497.8166903
    983.5160166    4216.6187754    9580.3606222    5334.1714468    6934.8143789    3152.4914045    6850.4259174    8355.7705371     201.2414689    7503.3160364
    991.8636806    4204.5200832    9580.7520550    5338.0231029    6922.5568953    3149.7593335    6881.3155747    8347.9848798     192.1847555    7505.5009393
    992.2050806    4220.4087830    9576.7337500    5339.9896379    6940.3756968    3175.1462302    6872.6496910    8363.1292712     169.8030600    7516.1671125
    984.2170993    4193.2068960    9580.5474074    5341.4158127    6911.8108628    3174.5276259    6878.5015536    8333.5055803     192.9736761    7502.5628763
    977.9515359    4207.9099336    9574.4453515    5319.4901395    6914.2879084    3162.0831992    6879.2686971    8360.8401023     177.1491661    7500.2706727
    974.8746252    4221.3762749    9562.4137723    5318.0200842    6912.4126725    3157.6710445    6861.7977970    8346.5873580     183.3581197    7503.7759467
    973.1237085    4207.6826523    9584.6714249    5334.4551413    6929.7042058    3147.6940673    6874.0718910    8360.9229664     181.4568705    7504.1024509
    985.7202327    4216.4329559    9582.7745127    5346.3477268    6923.9047889    3163.8013271    6868.3245441    8335.8390162     187.2163770    7499.1435892
    977.1174641    4202.1325436    9578.1913307    5325.5782087    6939.1678622    3171.1240290    6862.3399739    8353.3482907     194.4523984    7499.7147557
   1001.9506720    4220.2973537    9577.8782104    5313.6598584    6909.1115874    3158.3432355    6860.6266373    8346.0491864     175.0096380    7503.9123768
    978.8853180    4195.5491913    9575.4788690    5325.9325909    6903.2545631    3169.3880819    6864.2487672    8342.9880582     190.3865216    7500.6171971
    991.1412746    4196.2697039    9568.5287428    5337.1051256    6933.6901131    3155.4564253    6867.1736195    8338.0222799     182.5834147    7494.3537823
    981.8659572    4218.2990513    9558.9076621    5333.7831070    6910.7257237    3148.6904879    6876.3910045    8349.2111156     192.2190697    7483.8054023
    979.3661701    4206.5395788    9573.0010048    5336.0551948    6927.7303543    3144.0885214    6855.3826512    8333.7371446     194.3588402    7496.2958002
    982.4545305    4207.7541433    9569.2587357    5335.3854595    6922.6014082    3164.5695659    6862.7550760    8343.2858448     177.0275560    7516.3245651
    993.5440082    4210.6723980    9585.3850376    5325.7944123    6939.3158871    3149.2406476    6861.2123873    8342.5464038     199.8951231    7502.9191738
    994.3125240    4209.9752805    9566.7655518    5339.4076515    6912.5065740    3141.9710849    6860.8485214    8352.5732900     200.5256240    7487.5683701
    961.4777584    4220.3778200    9581.8958141    5326.0181206    6922.9547587    3162.4507408    6884.1299643    8344.9532997     195.6807752    7496.9255900
    978.3716509    4215.3139844    9567.7456265    5318.6332595    6928.4030705    3135.5255594    6866.1427594    8343.0092963     179.1525715    7488.1200965
    963.1093140    4204.4671653    9567.2431215    5327.3986595    6919.6515005    3147.7387077    6854.2840238    8349.1571326     175.2644265    7491.8478312
    980.4768056    4213.9311644    9599.9827858    5347.7884652    6906.1373301    3141.9138179    6865.6564505    8351.8267084     181.5657178    7523.1664774
    995.2390405    4227.4768237    9574.7165953    5322.6840539    6908.0682566    3154.0184944    6852.4257776    8339.9187984     178.5750760    7510.8859967
    978.7395827    4197.0056089    9574.4205688    5333.5386789    6924.3803201    3145.9397195    6871.4830280    8360.1249749     187.7779396    7503.8311080
    978.9872203    4204.9683000    9558.5958508    5337.7323156    6915.2300507    3156.6821250    6870.0220253    8338.3926913     193.0527303    7502.5742553
    998.4382908    4212.7656267    9582.0815485    5328.9190783    6933.5352794    3134.1213822    6859.6809572    8343.2061790     167.5785661    7493.4961229
    961.7471112    4212.9801224    9564.8430261    5335.3514545    6916.1533225    3146.8291749    6849.4714507    8339.4282405     185.9890116    7500.1886775
   9895.2733271    7473.7732411    2820.4998559    7890.4137504    1023.8081115    4492.0368541    9099.5306957    2935.2397906    2872.9103647    1309.3864676
   9879.6695194    7491.0084592    2790.5681154    7891.9593518    1032.3776208    4491.0162564    9067.6628346    2938.4858510    2876.5462812    1300.3148041
   9879.7698336    7468.6375955    2799.8085500    7890.3766467    1047.0119006    4480.0490782    9085.9122684    2943.1249467    2861.6348395    1307.5113857
   9897.7646505    7490.7279825    2801.1099800    7880.4407846    1022.4107807    4481.4098004    9091.3226794    2948.9069815    2892.9677263    1308.9982040
   9888.9501770    7484.3057434    2802.0867969    7903.3419690    1038.2027813    4481.0938585    9073.3990256    2946.6080976    2862.4845222    1312.6035431
   9898.4571841    7465.7858556    2803.9552773    7880.3793419    1030.8138726    4484.4869615    9084.5886499    2922.5028035    2880.3616586    1302.8805982
   9888.3385410    7471.2051541    2800.9421040    7895.4785562    1030.7095676    4500.0614830    9088.5158253    2934.0738704    2882.5793654    1289.2313977
   9892.8184411    7497.8244861    2795.6022075    7895.7816347    1039.9311967    4462.0017747    9102.3439202    2925.6915018    2874.4028453    1304.0924430
   9886.2848602    7489.6859105    2805.9491748    7898.4907974    1033.0098000    4493.6552779    9065.8000508    2939.7824262    2874.7472346    1290.6953950
   9880.4947890    7475.9367440    2810.2240260    7883.8319802    1030.6282300    4481.6877505    9074.3971144    2947.2649703    2901.9692789    1293.5455481
   9897.8053609    7478.5597490    2809.7735952    7890.9762326    1054.3466821    4475.6919436    9093.8943350    2942.2151453    2866.9137845    1278.6830271
   9894.4017612    7490.1017282    2799.0728665    7886.4595378    1042.0280983    4487.4635960    9095.5137974    2938.7555041    2869.8706213    1288.1059874
   9868.6795236    7481.0797262    2823.6316082    7897.5722301    1031.4626633    4463.7277996    9079.2757303    2936.1908715    2875.5311911    1309.3691181
   9887.0248214    7488.6096038    2803.2977380    7890.8956129    1044.8514011    4471.4154874    9083.1245023    2923.2141097    2878.7207794    1310.9807312
   9895.4249082    7488.9966619    2814.9703444    7899.0454664    1039.8426601    4482.9725025    9076.2011455    2941.4024347    2887.2122496    1291.3666246
   9890.9707889    7492.4846745    2800.7051561    7879.5822188    1032.8754055    4494.8721174    9076.8255767    2935.0875830    2870.2430764    1296.6960482
   9890.9586019    7496.4246799    2797.2734804    7885.7067346    1023.5350414    4467.9973573    9070.6080303    2927.6288617    2876.6952532    1300.6943750
   9900.3353809    7473.4405390    2796.6405394    7885.2249121    1034.2175250    4477.3505376    9093.7271189    2928.2500757    2886.8859744    1309.7108526
   9885.9862120    7475.4311693    2806.2516115    7884.8779469    1052.1821131    4480.3441348    9093.8794386    2923.4704107    2860.2458100    1307.1583832
   9893.7697563    7474.0504962    2798.7721641    7885.9938465    1034.5383349    4488.1737830    9070.5064288    2940.9289350    2869.0117087    1294.9764015
   9887.0065370    7468.0420034    2832.8793063    7917.0430593    1039.7827644    4485.4954136    9075.5189290    2959.9149725    2877.9365585    1299.0517661
   9900.6508249    7484.2645445    2796.6738845    7890.6040702    1028.4992080    4479.5818187    9091.4996063    2941.4690728    2890.7654048    1300.2446905
   9898.1915742    7498.7231622    2792.1796946    7899.9189901    1021.5367447    4463.8645059    9101.8016513    2947.4963234    2882.9871153    1295.5164072
   9903.6465013    7467.9848665    2805.1138498    7897.6450601    1045.1313351    4463.6709848    9055.3136174    2937.2951869    2880.9276574    1302.0225239
   9879.8384205    7481.2149358    2789.0391299    7896.9992184    1041.1859497    4471.6149429    9065.9156133    2934.8436666    2875.7683827    1299.4796512
   9901.6466436    7483.0424986    2825.2811491    7896.6007190    1021.3877291    4490.2713963    9085.0515873    2931.2537752    2880.5473994    1301.4335593
   9873.0249471    7473.1613560    2815.9599863    7894.5525634    1038.6499253    4489.1367882    9103.8811616    2929.7505187    2870.7194353    1291.0406252
   9882.6063836    7472.5306761    2804.2899133    7891.7109568    1038.0724485    4467.0287494    9079.4167857    2939.7360944    2884.7398656    1277.1195481
   9882.5901828    7479.1203399    2784.0283789    7897.2802881    1044.3013410    4459.5042676    9070.3057433    2945.6633050    2889.1067781    1287.5579648
   9878.7346819    7488.2507319    2802.0096833    7887.5801202    1048.2014396    4481.9132521    9067.7605425    2938.6746228    2863.7008093    1307.7062870
   9898.4308256    7486.0421638    2813.7181192    7912.4360791    1039.5268654    4475.2156624    9075.0219918    2938.3859911    2867.4030042    1285.8982685
   9883.9923940    7463.8733625    2791.4351828    7897.8048484    1027.5075130    4475.8689180    9085.6958699    2916.5995656    2879.6156233    1300.2474218
   9888.1588244    7485.0850069    2782.7906449    7911.9115796    1029.2265546    4464.5931246    9087.0703297    2923.4298065    2878.4173129    1305.6917435
   9875.4219208    7490.1108081    2805.7508426    7896.2841214    1036.3007468    4484.0596032    9097.1586489    2944.7460282    2882.6224894    1292.6423249
   9891.4742001    7476.0782043    2789.9523979    7892.3795158    1023.1319648    4490.2866756    9085.5779390    2936.5941094    2885.5054470    1296.1044820
   9886.0449405    7493.3032554    2790.6031346    7884.1237323    1030.9231271    4486.7831537    9088.4529557    2924.5663154    2868.5556462    1317.2303214
   9891.7735819    7475.4721316    2799.5971454    7930.1957736    1045.6627849    4462.5705216    9081.3672812    2943.3697106    2874.9985750    1311.6762541
   9906.2533849    7481.7321477    2807.3873158    7891.1066616    1041.0880564    4493.9345134    9095.2989847    2925.3117077    2885.2970166    1294.4981818
   9906.0945087    7486.4193820    2815.0212080    7892.5826907    1031.9366867    4483.2430381    9085.6470178    2951.9306228    2866.3314229    1307.1398857
   9882.7442911    7490.2670062    2786.4687597    7905.6545470    1029.1663780    4466.5985302    9093.1218740    2934.2237153    2880.5247742    1312.5648082
   9877.6989835    7474.2927724    2805.2439919    7898.4684385    1025.2239160    4471.0038086    9093.6683839    2945.9778702    2891.7261184    1297.3343679
   9862.7885411    7486.8904466    2812.0392417    7878.1250530    1033.1638682    4481.6883446    9089.3585806    2931.4945390    2878.5877178    1306.2896661
   9870.8491546    7490.7673681    2800.7815541    7900.4383057    1025.2338630    4461.8176131    9097.7664182    2952.5528456    2859.1480785    1287.3629550
   9889.5526206    7471.1629406    2812.0424381    7884.8226455    1027.0842605    4481.0496114    9064.1727800    2932.9422579    2897.8998746    1306.1545686
   9878.6197939    7492.1166950    2825.0717750    7905.5399693    1026.4139574    4472.3593004    9082.2502624    2925.6509501    2878.0455438    1290.2288280
   9879.8584952    7484.8647315    2798.8037001    7890.7494364    1053.7418482    4482.6174566    9097.8582633    2940.5206651    2883.7831760    1286.7939691
   9883.1411699    7479.0340051    2799.9736541    7890.7641995    1033.8590832    4476.7091377    9092.8509591    2933.6635087    2888.5929056    1300.1547671
   9882.6641265    7469.1426362    2796.7460844    7890.2501774    1044.2806593    4466.2165260    9096.3565583    2935.2238418    2869.4389351    1287.0948089
   9894.1008403    7462.5942153    2799.8247909    7888.3896652    1030.6288157    4484.7471112    9079.8086217    2937.3449080    2865.5749254    1300.8626421
   9894.6944428    7478.1396250    2808.1265776    7893.8396077    1028.8171743    4478.3270870    9084.0048222    2916.3990061    2862.7617572    1304.6142435
