   4178.9542294    7202.1311007      -9.2366395
   4160.1252488    7192.6623688       7.7065890
   4169.5951311    7185.8583915       2.1753781
   4164.0033785    7206.0021149      -9.7630007
   4164.1201945    7206.3090582      18.0620094
   4162.7405096    7197.4369622       0.0362085
   4190.6403345    7207.7201413       7.9775905
   4170.4489068    7211.8172772       2.9830540
   4166.0589312    7215.7454349      13.6267460
   4162.6433056    7209.1278761       4.6123415
   4183.8903741    7209.9820952     -11.7718789
   4161.7376079    7201.5789387      10.3157084
   4171.0225529    7205.5273222      -7.6610198
   4173.0013355    7202.5433667       7.4396274
   4152.0858114    7218.7194202       4.3943224
   4168.1009178    7187.7776937      11.5957544
   4180.3238018    7203.9533009       8.3196464
   4167.7129979    7202.7296351       1.2750372
   4172.2424376    7207.7944568      -2.8489335
   4172.0307212    7211.3198139       9.2691001
   4172.3290673    7207.4627260       6.9630000
   4166.1179718    7226.2135954      18.0287187
   4176.4781617    7187.1312963       1.7447256
   4174.8442549    7210.0932993      -4.8108551
   4180.2105594    7200.1632270       4.8021316
   4186.2951175    7200.8631607      -2.2645347
   4175.0959891    7220.6356647       1.8334462
   4174.9524609    7196.7413842      -6.6473214
   4162.4434199    7209.4705624       5.4193689
   4170.9601430    7198.7132484       7.1852846
   4194.0721052    7202.0061011      -2.0981886
   4173.3275893    7227.8612175      -2.0174887
   4152.0694193    7210.0874294       1.4640735
   4172.1827491    7212.3194460     -20.2046000
   4178.3885188    7215.0866475      -0.9010575
   4169.1116024    7217.3897617     -13.0227018
   4176.9551816    7195.5219902       0.2049778
   4168.5223068    7197.8334881       6.5232243
   4174.1328736    7225.3640832      -0.4786981
   4173.1318286    7204.3255610      -0.8515810
   4172.5483700    7204.7988671       7.0809997
   4156.7144699    7211.5505811       2.2759286
   4157.7925899    7219.2397652      25.8879423
   4166.8967986    7211.0163996       2.0472600
   4168.3540723    7210.6775201      -3.0480325
   4170.2696516    7194.9093618      -2.6498407
   4164.7838221    7214.0811107       2.3618090
   4176.7564496    7202.3533849      10.1524646
   4184.2449136    7205.4217599       0.3077536
   4151.8402908    7201.1843103       1.5653026
   3009.2801202    1487.3558134     917.4457535
   3033.2078907    1469.3899489     932.6258776
   3028.6574461    1461.7075778     917.7805785
   3024.7334581    1485.2349177     915.5082103
   3022.7085057    1469.9431761     924.1336722
   3026.7087740    1470.3396744     935.6256065
   3009.0207402    1476.1033372     938.4544541
   3028.5590657    1471.7120207     929.2198230
   3030.9203527    1471.6858099     935.0643160
   3011.2008285    1445.9918556     914.3992714
   3006.2583488    1452.1081375     933.4598730
   3008.2365693    1471.6666177     922.7812143
   3013.0361215    1473.6283115     904.7214431
   3014.5925217    1470.5145411     925.7009872
   3026.1060671    1474.4592250     914.2061873
   3014.8073522    1468.4664939     935.0079724
   3026.5435510    1480.9720865     924.8026995
   3040.6995731    1471.3165959     938.1685045
   3002.5240544    1463.0246325     921.5960015
   3016.9945624    1472.3051798     918.5403175
   3027.0845707    1475.0393929     911.5013711
   3025.7618387    1446.5865022     918.8996413
   3028.0313222    1453.5731259     928.8747767
   3020.8505762    1465.3076334     927.1828665
   3022.1687788    1466.0927072     941.0799331
   3023.2935385    1460.8943068     915.6675876
   3020.6761195    1478.6317305     909.8985825
   3029.2347538    1467.9384589     913.8587075
   3011.3154898    1466.7684684     931.2848811
   3045.1875014    1458.2919982     927.4044003
   3015.3667959    1474.7612331     938.3020643
   3024.3374967    1478.5412895     924.5375017
   3036.5500339    1477.3904955     935.9578473
   3027.9514467    1458.4085759     932.2098324
   3030.6854248    1454.0452885     934.6282017
   3017.4616952    1482.1588820     920.6051688
   3027.6918540    1467.9411246     938.2867177
   3049.3036334    1463.9297520     914.2166027
   3032.8658901    1464.0451400     934.3949093
   3034.4347542    1465.0802663     910.1017011
   3024.9793578    1467.8343518     916.8869100
   3015.6976027    1476.3825598     914.9977252
   3016.5404173    1466.9000161     908.5455822
   3023.7644994    1461.1455665     932.8351217
   3024.0782702    1463.7540503     919.6984439
   3033.9819003    1468.3004349     940.0153944
   3028.9832696    1468.0631949     920.3342157
   3041.5834641    1463.9369696     921.3701810
   3013.8991706    1465.8379085     935.1282218
   3028.5110446    1477.8857821     931.0202340
   1872.1347532    3451.2648629    3980.1858830
   1859.8516300    3445.6548608    3971.2053732
   1861.8933848    3448.1929095    3961.7894918
   1876.8667881    3452.4694010    3983.9549805
   1850.6270651    3428.3486310    3981.7182172
   1861.3978943    3463.9295519    3965.6674660
   1865.5693557    3446.2343977    3967.8848551
   1859.9387440    3451.8891192    3963.6006693
   1870.3824548    3457.9558106    3971.9756956
   1865.0379293    3440.9712999    3961.8749699
   1858.9856544    3458.8080606    3975.4135824
   1856.8856426    3458.0823560    3950.5118371
   1868.4728430    3452.9556493    3957.8719263
   1842.9037774    3462.8148591    3967.8766184
   1842.2947531    3458.1806981    3969.4834545
   1873.7137175    3450.9510591    3986.4617393
   1848.2312910    3464.3918287    3967.9293677
   1860.9744573    3457.4045960    3948.0486123
   1861.1784218    3463.6702690    3960.8354610
   1849.1790693    3453.8000286    3966.4826726
   1855.3442079    3444.9450347    3971.5235973
   1850.9135310    3468.1370383    3964.2521503
   1868.4180297    3446.5361063    3971.9890397
   1847.5091898    3450.7439411    3966.0170357
   1869.5925959    3444.0552067    4003.4083330
   1857.4346695    3458.3172716    3955.2092378
   1865.9963848    3456.2802402    3969.7028029
   1871.1201648    3454.7992307    3960.3985911
   1865.1504039    3454.9394927    3974.1024889
   1867.9045815    3470.0685846    3979.0406375
   1859.4120913    3455.4557991    3966.4836490
   1840.5184751    3453.2411134    3985.0290039
   1851.4508971    3454.2963729    3961.0699392
   1851.1458844    3471.8991435    3969.2021093
   1852.0192615    3454.5877856    3968.1519402
   1842.8033569    3466.7934193    3974.8733401
   1876.3772141    3456.4552397    3962.5667810
   1881.4030628    3457.9745358    3974.4765401
   1862.5390735    3453.6042716    3969.7728738
   1864.8838844    3469.0176072    3979.1901492
   1846.3773244    3461.2458302    3986.6326562
   1869.2842531    3465.0419144    3963.7619742
   1868.7955622    3447.9703490    3977.3236151
   1855.1875717    3468.7931831    3964.5780436
   1850.7737255    3449.5562554    3960.1349983
   1873.1334541    3464.6659204    3976.3173495
   1855.8052864    3448.9836296    3963.6999937
   1859.2547916    3452.7293827    3966.9274603
   1865.8679125    3448.3282461    3960.5904220
   1856.1011781    3457.9389135    3972.2795982
   5369.8502570    4196.9942475    6849.8483569
   5400.3135013    4194.0869587    6856.5966385
   5377.4305884    4191.3141147    6849.0276752
   5374.4797367    4181.1640072    6849.2712483
   5380.0014467    4197.9614144    6864.9528852
   5395.3862177    4196.5572699    6838.9797243
   5395.4526955    4205.0658835    6836.1144399
   5395.8041446    4206.1351298    6848.4517337
   5383.9341686    4179.5264639    6847.3347446
   5385.8532977    4189.4807439    6859.8746710
   5381.8986936    4224.6508010    6849.1245980
   5384.3198515    4192.0970355    6844.0688065
   5380.2893195    4178.8029958    6854.1810978
   5385.4602837    4194.7576159    6839.6547965
   5389.3985905    4178.2491462    6845.5208215
   5392.7445050    4177.3239419    6854.8308588
   5396.2082943    4201.2948144    6854.7597952
   5385.8754592    4171.1287575    6864.8646721
   5396.2183849    4201.5482083    6856.5444985
   5394.9694616    4210.6339842    6853.7020568
   5382.4807592    4204.6945229    6859.7023386
   5396.2647253    4177.5640953    6868.7855300
   5391.2780657    4194.1022890    6847.4475255
   5384.9039277    4184.8439788    6842.1582339
   5389.3098193    4202.0827006    6844.9946570
   5383.9207756    4200.1458324    6837.0817750
   5383.4162686    4172.3500697    6864.7714563
   5386.0255150    4173.2480552    6843.2704117
   5377.2076684    4198.8302707    6832.7224347
   5384.7240905    4200.9947308    6855.2371635
   5402.7205338    4189.2688485    6872.6620904
   5382.5295592    4190.0169349    6841.6025907
   5390.2128963    4199.8829393    6852.4742383
   5404.0147865    4204.2275135    6852.1253582
   5389.3799252    4184.7927674    6852.4751297
   5395.1118440    4196.1093091    6848.5383476
   5396.5853169    4181.5294750    6858.6172531
   5388.7434204    4202.6976913    6856.1506947
   5385.8739243    4186.5003057    6854.8516139
   5390.5409284    4175.8499314    6848.2301451
   5387.1365644    4206.0387856    6851.9888975
   5397.8200210    4189.4578387    6863.0916697
   5379.1130334    4208.2294090    6838.3927320
   5388.4226253    4205.8378514    6855.2368306
   5402.8350810    4192.3010008    6862.3526539
   5395.3241342    4209.2669177    6841.2328625
   5382.7460642    4182.2026192    6848.8553233
   5376.1997086    4186.7049351    6837.6371096
   5398.1208630    4188.4672746    6838.2788097
   5394.8786881    4188.7589677    6866.1089479
   2030.7051379    8769.5741761     263.1466939
   2053.6758096    8775.1048817     283.0160664
   2036.3559316    8811.0058772     277.2786938
   2031.9392054    8779.9205664     283.1417586
   2042.4752375    8785.0822301     289.7668384
   2054.0012084    8787.7961081     272.6183370
   2056.1427540    8774.6539319     268.9006300
   2034.2832431    8785.6320996     266.5673401
   2055.1700308    8792.4325326     282.3017698
   2033.7206481    8777.1548196     259.3287954
   2029.9205369    8768.2490677     275.4903763
   2039.0978109    8789.4919645     289.0568152
   2034.1484741    8785.8359506     274.3569023
   2032.6279539    8779.4066421     275.9752551
   2020.5460644    8768.6372225     261.3849954
   2044.4224628    8768.6897223     265.6150742
   2048.4608903    8785.6923020     293.0357566
   2031.3881254    8781.4920562     262.1595683
   2052.1364971    8776.8756270     285.0823332
   2058.9297986    8780.3415782     263.2510005
   2034.7253704    8785.2556844     283.1434323
   2064.1587542    8756.2220427     263.0111100
   2055.3739040    8784.2523901     278.7013540
   2059.7916095    8777.7348578     260.4957051
   2047.1750697    8772.7559304     275.4003707
   2041.2344918    8770.2119303     289.0851114
   2050.4614663    8773.6773257     284.9818475
   2038.5193578    8811.8173100     259.4326560
   2045.2133569    8778.9158736     261.7364915
   2037.8275927    8761.2201948     262.6509362
   2048.5104815    8780.9230917     286.4358594
   2038.3149948    8790.9153924     275.1968510
   2031.8165013    8773.9323058     274.6450627
   2050.6686992    8781.4399469     266.8551711
   2045.2123281    8776.6297860     278.4902211
   2033.2639475    8799.1280500     269.7278304
   2044.2373377    8796.5174250     261.9892432
   2045.4937275    8771.3733344     270.2982595
   2042.7363681    8798.8043919     283.7909939
   2043.2093570    8756.5143915     281.3677854
   2041.6000542    8779.5962823     270.0239430
   2043.8575716    8781.4883161     255.1930726
   2044.5144456    8801.7761016     268.8292819
   2048.4463055    8779.3321576     266.2571970
   2038.8456661    8786.6419991     266.2214782
   2054.2967870    8764.7567974     259.8850769
   2038.9491742    8783.2440887     277.0346538
   2036.4856326    8764.5269807     264.8214798
   2046.1023517    8781.3597739     278.9973900
   2053.1039587    8780.7069639     266.1499796
   6709.9514991    4171.2279004    5617.4861064
   6696.6248553    4171.7757967    5596.3213397
   6701.1391944    4178.4581696    5577.8040213
   6692.6904203    4158.2135896    5589.4194039
   6695.9779153    4177.2219414    5580.9702002
   6690.9915984    4182.3594100    5612.7163156
   6707.0030212    4154.9744218    5593.5994864
   6684.9905600    4160.8337878    5598.7450262
   6697.6434855    4184.1279850    5589.8626688
   6709.2661332    4171.2051854    5602.7558553
   6703.0009544    4172.4036231    5597.6348516
   6716.8931309    4187.9398480    5583.0317997
   6699.0346251    4173.4894220    5584.0974038
   6701.3386517    4168.9643355    5585.3992512
   6707.5162075    4197.8094200    5575.4950616
   6724.4762086    4171.4879545    5598.7055466
   6715.0475772    4178.0640653    5597.5223879
   6702.3874491    4172.5096433    5578.5211260
   6707.9254723    4168.5878264    5570.7916897
   6703.8370254    4176.2038169    5587.6576545
   6712.0760742    4170.1620746    5571.7577725
   6700.9267276    4174.6925128    5590.8334949
   6712.8856442    4188.8060597    5577.8185146
   6713.2324607    4185.3164802    5590.8168134
   6708.3825637    4183.7759417    5570.5478643
   6706.7074816    4180.0973447    5583.0222165
   6697.7986483    4171.8113433    5585.7677367
   6706.1881886    4198.2448508    5583.5078388
   6727.4985131    4178.0338426    5582.4286161
   6711.9592050    4174.7826069    5596.7321245
   6701.8915124    4169.1234828    5572.5053200
   6709.9771594    4176.3087560    5597.9033416
   6703.7148337    4175.9325910    5603.2357744
   6720.4579933    4167.1596635    5588.4438228
   6690.9061042    4174.6011387    5592.8039015
   6702.2463703    4183.8876721    5589.5950666
   6716.5279868    4176.8941174    5583.3253148
   6712.2492913    4176.7571533    5580.5788606
   6694.2300957    4171.3787640    5582.2322373
   6705.5785136    4178.9953707    5580.7133603
   6687.9398102    4179.6919635    5587.0281640
   6712.5004223    4195.6793481    5575.2292584
   6695.7485513    4162.2349230    5573.5389845
   6697.9656845    4189.9951925    5594.2144196
   6712.0701402    4179.1606703    5584.4065456
   6706.1682285    4145.1550973    5577.5006770
   6698.9145585    4192.4292768    5597.2235640
   6716.2889037    4182.1312710    5601.9972528
   6709.1169123    4167.1037643    5588.9537368
   6706.1046292    4166.5496889    5581.5473806
   1387.9402657    1971.3473688    8011.7267135
   1415.7659238    1976.8053924    8022.5763772
   1392.0118099    1976.1118250    8011.1882259
   1415.9173027    1980.0874034    8027.1476941
   1402.3066319    1978.5855631    7993.4437246
   1402.0856067    1971.8935371    8019.5414732
   1401.4418641    1992.6676068    8011.2438237
   1412.6881817    1967.6697581    8011.0592215
   1413.5245332    1981.7381500    8014.8839717
   1399.9590812    1978.3344862    8013.8845214
   1410.4155863    1984.0168412    8011.3725573
   1400.3984263    1968.9482315    8020.4005568
   1407.7705663    1970.9680776    8010.5934487
   1407.2708341    1985.4660485    8008.6966461
   1390.8512915    1984.8889966    7988.7873189
   1395.7925648    1981.1050709    8009.8085448
   1394.8512861    1977.9090630    7995.9292526
   1421.8662861    1977.8105407    7996.7531946
   1427.4183045    1966.1703504    8006.7521962
   1419.0519631    1965.2812356    8002.1566435
   1399.2266480    1985.8005524    7996.7776588
   1417.5557693    1981.6081231    8006.9697664
   1386.7167804    1988.5148043    8003.8514788
   1399.5718861    1978.2436242    8026.2596432
   1403.7032217    1994.0392020    7993.7363591
   1395.5293492    1979.1683942    8014.3855785
   1387.0165855    1980.5263085    8004.7391799
   1412.7947361    1991.5766676    7997.6202265
   1401.8054511    1979.3438275    8012.4732180
   1410.8092367    1966.3210000    8012.6189869
   1418.7487016    1994.2694095    8002.4867830
   1401.8924022    1979.9323527    8017.7332470
   1396.0783327    1989.3682080    7992.5811254
   1422.9471675    1971.5804887    8004.4659122
   1401.7394880    1979.7200495    8018.0924147
   1395.1855948    1996.6282842    8017.8614069
   1388.1289914    1981.2009440    8003.0577645
   1399.3409678    1978.5619401    8014.0949632
   1406.3289989    1995.8518318    8006.7519689
   1417.3592820    1994.6108825    8011.7030231
   1404.7330376    1971.6853881    8020.2107347
   1387.4684582    1979.9058661    8012.1931894
   1416.8579290    1976.2318631    7995.5029006
   1420.1971821    1972.6223569    8023.9648351
   1402.3759573    1970.0044569    7996.2083491
   1397.2719384    1983.1710861    8012.2867356
   1418.6306750    1986.9288561    8025.9362216
   1407.7394078    1975.7919010    8000.1124914
   1411.0956538    1969.1532557    7997.7386286
   1403.9387866    1988.8013996    7984.6675832
   9689.4326565    3114.6331101    6900.2710548
   9690.3314938    3144.9540184    6935.0059791
   9688.6340965    3152.5737190    6935.7751235
   9666.8707862    3135.7039099    6929.8017789
   9682.1644132    3137.9110092    6924.3228800
   9698.4968717    3149.8001393    6925.2485724
   9683.3271089    3127.7609245    6928.8354281
   9693.9028657    3138.2443523    6921.0952693
   9687.9281452    3148.3565331    6928.0078731
   9691.4404164    3112.5975702    6921.4694293
   9669.7823203    3126.6118118    6925.6659188
   9687.0598929    3133.8801265    6918.7704151
   9685.4533901    3138.2696945    6933.9168504
   9676.4778465    3122.3007125    6912.3265494
   9688.9226664    3134.5705039    6923.6927625
   9692.6554513    3148.6598834    6914.5041182
   9705.0117493    3124.7998828    6916.7822593
   9680.0174574    3135.3912082    6909.7381641
   9695.8618551    3130.5895807    6919.7148483
   9681.1353793    3124.7465987    6909.6321462
   9682.3014441    3140.4284341    6923.4704990
   9664.5850690    3126.1075088    6926.2257695
   9688.5638739    3138.6031946    6913.2803258
   9661.7032259    3132.1744914    6920.2222635
   9685.6827401    3143.0648563    6917.1028239
   9671.1754600    3132.2712535    6911.1845147
   9688.7829929    3124.4658957    6933.4775378
   9684.6423697    3140.9991361    6909.9121736
   9682.8007268    3128.9254703    6923.1690532
   9679.7629497    3120.4237039    6932.6470261
   9688.7513547    3118.6331639    6938.1887540
   9673.7894995    3157.2299965    6922.5572585
   9669.2370116    3125.0314319    6921.7570642
   9685.5732325    3138.1503223    6906.0994942
   9680.1981861    3121.1010177    6928.6960359
   9682.5429461    3131.8531035    6945.3004991
   9697.0744285    3146.0605070    6916.5123887
   9681.6077206    3102.4204927    6916.5842753
   9676.4695626    3141.9895142    6909.2435509
   9676.7730934    3138.5575341    6918.8953171
   9679.2679221    3140.4142118    6911.0286877
   9657.6694343    3123.7889132    6927.1953465
   9663.4879723    3139.7616840    6918.2235490
   9686.5730827    3126.0719990    6913.1904907
   9675.1871232    3137.8369344    6923.5092611
   9680.1969067    3133.7603930    6923.0616878
   9688.1917062    3139.7243274    6927.0505901
   9690.9227806    3155.8452094    6905.9771106
   9702.1678636    3134.8661906    6925.4332333
   9702.4885888    3134.4698068    6936.1858399
   8758.3714107    8954.2867375     841.7223130
   8772.6741686    8951.5676927     851.4237024
   8750.7781562    8951.7371315     854.3053218
   8778.9234025    8938.6937728     853.5663496
   8766.0578292    8938.8690444     842.4240428
   8762.1379540    8960.7694220     839.4297355
   8757.5822076    8961.5573945     841.7673795
   8773.8647712    8955.2060983     834.4252557
   8773.5440340    8948.4843994     858.7971432
   8756.1890153    8967.2389372     847.2184296
   8760.3390303    8949.9231168     846.7332118
   8773.6306341    8932.3880671     868.6267951
   8768.5595511    8935.7657303     850.3260192
   8763.6061799    8955.8412233     834.3830318
   8773.6111583    8950.3030325     852.5570521
   8769.5273210    8927.5823518     864.7087535
   8760.7502938    8952.6335347     869.5348667
   8768.9764312    8939.7078113     845.3986949
   8778.5536451    8946.4927389     843.3420680
   8767.4769715    8945.5929100     859.8112557
   8764.6637408    8952.5219558     854.9268636
   8771.6062271    8942.9901200     857.5536674
   8785.2887901    8950.0504170     836.2768007
   8768.8653595    8930.6407249     845.9605787
   8765.5206001    8942.7660410     861.4712671
   8748.9540973    8954.0043641     837.7281761
   8749.4751178    8937.0131096     837.4750403
   8769.0482494    8938.2531903     857.2475994
   8758.7323824    8952.6202794     864.6275445
   8772.7512591    8939.5149612     864.9134575
   8767.3354513    8948.2873854     842.2090564
   8765.6487278    8944.8331913     849.3615311
   8768.7383106    8942.7621705     851.1977659
   8767.2856491    8944.7907582     853.4750322
   8769.4387361    8951.4056907     849.1441525
   8775.1647035    8944.9928718     852.3520547
   8765.5994428    8952.2956507     855.3065535
   8780.5999727    8928.9844838     849.9046415
   8752.3075553    8938.0599079     856.9194179
   8757.8233722    8937.5354022     850.4911345
   8765.7336568    8961.2302598     851.5420280
   8780.9963237    8947.7239511     850.1010909
   8762.2069809    8952.7203271     855.7801207
   8751.1061329    8950.8671799     845.3436095
   8755.3275126    8935.9931407     861.6303502
   8764.9825022    8928.6140080     844.8019773
   8780.9721695    8943.5100269     863.9657966
   8772.4271303    8947.0058665     858.1525186
   8748.0705545    8961.6751009     835.8986066
   8773.2305817    8942.8469196     839.6877855
    394.5844631    1719.8677149    8770.0678540
    385.0251412    1707.6888587    8794.4286061
    407.8076031    1693.8713704    8785.7360951
    399.9711270    1685.7585520    8763.2051927
    397.9650826    1698.0000979    8780.7428752
    401.7829539    1708.7054593    8782.9355709
    392.0116775    1703.0292360    8773.8448252
    403.2442758    1709.1072076    8782.9547369
    394.0360551    1702.2613491    8782.4848053
    379.6769141    1700.3420928    8784.4407609
    394.0590473    1697.7216377    8773.4793894
    378.6464517    1684.8888710    8775.3262325
    400.9212300    1689.4097128    8778.4410148
    408.0521049    1709.6931478    8763.3077419
    414.7074948    1714.4049286    8766.9389839
    406.5782969    1690.8402977    8789.5765816
    393.7368104    1699.3830852    8782.5146814
    380.8177151    1684.9291703    8788.0287533
    392.7230499    1705.6640343    8788.8325125
    383.1904502    1699.6261524    8771.9818554
    392.2615862    1689.7328116    8789.0976616
    377.8674816    1700.3380806    8799.5749631
    401.1908957    1703.6554349    8786.1012338
    402.5629126    1676.1871125    8769.6763023
    394.3546595    1705.3341432    8784.1361108
    377.5531971    1701.6227598    8785.0059642
    384.9570655    1698.2962293    8780.1639857
    386.0393038    1686.1120578    8786.2141392
    412.9001499    1705.8197623    8779.4805734
    375.0220436    1714.1357639    8780.8916167
    385.2196845    1720.3525429    8775.8879301
    410.3746714    1719.3409204    8784.8361105
    395.7686155    1692.5259892    8784.0274543
    391.1051517    1696.4652646    8766.2911827
    392.7816636    1707.0172719    8775.3425355
    406.4681035    1701.7795454    8782.8610463
    396.1347375    1692.8545492    8777.9415855
    387.9550645    1696.9716786    8782.2759429
    402.3277779    1696.2841887    8772.1310487
    413.9461262    1725.4600873    8786.0743231
    377.0755182    1695.6804010    8782.2570199
    384.2025040    1694.2793681    8791.3590955
    389.2214585    1690.7203239    8767.5797403
    409.4807295    1702.2697150    8788.6156811
    410.2266916    1695.1050192    8786.8781607
    396.1275980    1689.5903058    8774.2557517
    401.9433462    1695.9818722    8788.6404303
    389.7255678    1710.7034453    8766.1253219
    390.0624478    1692.2506688    8785.4138032
    370.0659499    1691.8070368    8777.7226395
    995.7653487    4222.4870034    9584.0477305
    988.1769281    4199.5072883    9584.6410075
    978.1182850    4195.4153658    9564.3201960
   1010.4705854    4223.3742387    9577.7177561
    985.5672435    4213.5286575    9580.7894737
    993.5462628    4212.0665456    9583.2083684
    967.2533055    4220.4038368    9575.4770043
    984.8508435    4200.7278190    9583.8421788
    979.9122884    4209.8366093    9566.9093032
    983.7822875    4217.9530828    9579.2520602
    980.5206472    4221.0631690    9588.4929816
    975.5427222    4203.1083335    9570.4816665
   1004.1085813    4193.6714252    9587.1070785
    990.0244617    4197.9054860    9576.7065765
    984.5316795    4217.2471759    9581.6539135
    993.0068426    4202.6373075    9568.6155659
    988.9803820    4211.4689770    9579.3206327
    969.9111805    4222.9738750    9572.0047716
    980.1499998    4224.3982586    9572.5096018
    975.0133784    4220.9141078    9581.5002715
    994.7360922    4219.6061222    9578.4115164
    986.2527565    4230.8782082    9582.3850854
    964.4305790    4212.2964040    9575.7695695
    977.7331170    4217.6319573    9591.4147412
    984.2743822    4225.2630613    9585.1187628
    970.4389538    4209.3623983    9587.5760263
    999.2839341    4206.2336498    9573.7166808
    973.9269458    4210.7795123    9562.3244415
    986.4336345    4213.7943117    9564.4720108
    988.7879819    4216.9701609    9571.3034520
    985.8313675    4195.3518430    9570.7632434
    990.9279857    4212.0327002    9577.9361509
    981.2976970    4207.9708466    9579.1365005
    982.8293008    4206.4345092    9564.4827422
    980.1086696    4201.2065496    9569.7825179
    957.9982516    4202.0462594    9577.1413702
    978.4886748    4214.8176516    9562.6466617
    978.0739997    4221.5645430    9566.7906869
    969.6827309    4211.8674425    9558.1251677
    979.4730418    4201.1929907    9586.2741385
    984.3884029    4223.1774857    9562.0668431
    983.5106682    4209.8608890    9565.3601171
    992.3533689    4204.6767842    9566.5255902
    992.6810847    4203.5248539    9561.4107439
    998.8856077    4218.3011069    9583.1528715
    991.8677576    4204.0797034    9589.1092557
    990.4801245    4207.4884933    9582.1238171
    974.4229023    4219.0839067    9573.4552088
    997.0522909    4203.1903270    9578.0574535
    969.5788466    4206.7921291    9591.5213913
   5336.0792259    6908.7162446    3146.8736984
   5341.1984775    6927.9706691    3154.0389441
   5335.5535307    6925.7744409    3167.5436346
   5335.2006699    6931.0363996    3134.6297726
   5327.6512037    6921.0402687    3139.6528251
   5324.6006882    6918.0472655    3127.7644154
   5331.1509049    6940.1106119    3167.6890245
   5349.9667275    6912.8212804    3145.0470132
   5334.6524720    6908.0384149    3155.1768019
   5356.1525379    6930.0438962    3141.9790139
   5327.6653853    6935.3532040    3145.9440983
   5337.4395484    6917.1040626    3149.1743756
   5325.4077813    6921.8528822    3153.0699456
   5317.8713694    6932.5650699    3161.8374835
   5334.3684408    6910.2671319    3170.9445031
   5321.1973852    6920.1212958    3140.8204555
   5318.1207534    6918.2119942    3160.8740903
   5353.2802091    6913.5014322    3168.6921879
   5331.7425527    6921.6568565    3171.7314581
   5330.2456906    6899.6646437    3165.2542616
   5317.8819447    6918.2946927    3151.4143072
   5330.8056609    6901.3179465    3152.2564765
   5326.8141950    6919.0457543    3137.3618465
   5336.3882577    6934.7832457    3160.4868501
   5350.9656366    6911.7089596    3155.0262712
   5316.5550533    6924.4200119    3163.5329851
   5326.5264047    6936.4660117    3157.4774082
   5333.0576840    6931.0678716    3129.3680250
   5330.0269345    6912.3112914    3164.7555760
   5330.8569608    6921.9830135    3149.7446401
   5353.8977508    6928.2656489    3163.4053633
   5335.4215512    6938.1902541    3176.2869276
   5316.4057429    6927.6908594    3165.8269151
   5312.6769282    6913.3658790    3160.7574406
   5343.3871835    6910.4396728    3151.3000958
   5330.2968364    6914.9409987    3150.8568972
   5354.5093200    6917.9443926    3165.8472853
   5323.5163005    6910.2655801    3141.0752931
   5324.7736873    6902.2506923    3148.4479118
   5321.0801824    6926.9427691    3155.2332366
   5328.8313173    6935.1927859    3161.8922888
   5345.0498865    6920.8861418    3135.9935901
   5321.6152923    6929.7174363    3145.6240966
   5334.9064109    6920.4564985    3171.2905950
   5337.5214492    6922.9256495    3156.6804799
   5336.0668538    6923.1813197    3161.5966211
   5338.4840502    6923.0950350    3147.5551234
   5329.7478924    6920.2732366    3167.8722613
   5344.5368404    6920.4382672    3172.9998712
   5342.6655036    6904.5582513    3147.1857909
   6875.1833212    8346.5048206     201.8704109
   6872.6078365    8350.6807955     182.3334803
   6857.2533222    8359.2203695     188.6032076
   6885.6178671    8342.8089379     188.7692619
   6864.4345609    8345.5271126     193.2611051
   6861.6983342    8354.0275564     168.7901509
   6852.0516167    8363.6671852     174.9964795
   6849.1442003    8361.3811283     171.5340622
   6866.0318213    8337.7782002     166.2508090
   6879.1355844    8350.7416337     174.8356438
   6862.2089140    8352.5044677     175.1641778
   6874.6889320    8346.2984925     182.9771799
   6871.3412094    8348.0944865     186.1986562
   6863.2014395    8357.2478601     190.0957620
   6877.0836700    8348.8471386     174.8863045
   6869.4959584    8331.3217096     190.4938418
   6885.1776409    8327.8979237     191.5411563
   6866.5804548    8339.3400108     162.7691713
   6867.4635150    8357.4766684     169.9853173
   6873.9702546    8369.9114492     180.4325285
   6864.4208206    8336.1634815     183.5162587
   6862.6202063    8343.7885179     178.8944456
   6855.2755269    8344.3942799     183.1863680
   6866.3290977    8343.3475523     182.1353391
   6855.5574201    8324.3090332     181.2651426
   6868.1569843    8361.9292484     193.7742216
   6865.2595063    8332.6219706     181.2161752
   6866.1928585    8342.9269659     183.6277439
   6872.9994044    8345.9076204     175.6171284
   6863.3945963    8346.8631853     194.2390189
   6866.4113045    8345.7084702     182.6337824
   6865.4639929    8350.1819172     169.6996301
   6860.4887927    8355.7395611     171.2481022
   6867.9865174    8352.3316299     175.7834016
   6860.3969611    8339.3626356     170.9956535
   6850.9141617    8359.7082088     169.1076748
   6856.7442913    8349.3840056     189.5807653
   6857.0452261    8342.2017959     157.6618959
   6863.1548725    8343.5728213     180.9110896
   6878.7080602    8335.8817310     187.7648181
   6865.8026259    8333.5743747     180.2630261
   6881.7847501    8349.9561509     191.4068408
   6856.8609795    8338.5445134     196.3075487
   6858.4200768    8340.5729920     167.4367792
   6874.2324989    8368.2233670     174.4934161
   6862.6787187    8341.3506045     185.4110235
   6863.7950062    8364.9018555     174.5498559
   6880.8118238    8352.3229345     189.1836363
   6860.3408354    8337.4296084     170.5454031
   6850.8383164    8340.7791984     183.6792875
   7490.4362233    9894.5122373    7468.6732569
   7479.3570311    9876.6278209    7466.1260242
   7523.2302539    9900.2596796    7477.5306009
   7496.0069757    9896.8228310    7476.3526848
   7503.2166498    9876.8220100    7462.6484627
   7509.7149980    9892.1688751    7480.4988700
   7521.5000252    9895.6160914    7503.7446121
   7500.0484480    9878.0944867    7484.7759809
   7496.6078904    9868.4076257    7478.3320727
   7492.4069546    9894.1821812    7477.2980084
   7489.7197466    9881.8085809    7498.5463545
   7492.9718043    9899.2544447    7489.8550079
   7510.6136120    9891.4586351    7486.9100558
   7492.8949718    9891.5059409    7465.7665713
   7514.4731403    9877.9566014    7482.4261492
   7493.7048901    9889.4628632    7491.9065864
   7495.2501434    9894.2109073    7478.9614709
   7504.5739520    9887.5088096    7475.4064911
   7506.0374922    9889.1486967    7479.1115330
   7496.8475102    9886.2261788    7473.0612345
   7502.6105725    9870.0915766    7487.4916581
   7499.3754669    9892.9325624    7485.1275138
   7503.5434106    9878.2453229    7485.8667589
   7498.1821470    9875.3027352    7464.8092625
   7496.4722948    9885.8693561    7478.1199882
   7494.0367102    9880.1217469    7490.3376827
   7500.1434833    9876.7064522    7489.8316480
   7510.5859887    9885.5321981    7459.8717126
   7505.5819380    9892.4521234    7480.2186317
   7483.7845407    9892.6981393    7478.0302158
   7535.2717654    9892.8177786    7482.7030806
   7482.9600893    9875.5062384    7472.4831284
   7501.8977883    9879.9684765    7507.5186420
   7500.6955358    9880.8850543    7477.0510846
   7505.4161326    9882.3165068    7473.9125021
   7507.1058383    9905.8170691    7465.8585058
   7504.4046436    9884.7221502    7496.1883030
   7516.5765655    9899.4417167    7483.5109715
   7519.5994752    9879.0559077    7483.8465013
   7507.1166146    9897.7643679    7466.6289359
   7487.9905786    9877.3508914    7470.6199093
   7505.0238858    9895.3803929    7481.4550987
   7489.4527407    9884.1358142    7493.9153658
   7500.3226185    9891.7923565    7484.9822773
   7516.1865410    9888.1070916    7485.1489930
   7493.3192323    9874.6042339    7481.1104279
   7500.1246731    9890.1782203    7494.9227889
   7509.1030474    9908.7174835    7491.4370698
   7497.8592703    9881.4971125    7464.1117159
   7516.0384355    9897.7284176    7485.9036338
   2810.1494066    7891.2880505    1044.9511204
   2809.5751442    7922.3440428    1046.2793111
   2796.3007416    7889.0072335    1019.3595436
   2799.1815546    7894.6014413    1030.7220579
   2809.1947806    7895.1074006    1032.9793184
   2806.2576018    7889.9631652    1012.8639769
   2787.6858629    7905.9774581    1036.0387738
   2810.6965588    7891.4757195    1036.2794403
   2804.0914544    7900.0824998    1045.4658102
   2812.3820233    7888.6384268    1044.6491868
   2817.5544662    7890.6416480    1034.5933295
   2805.5913763    7900.2972892    1022.8071856
   2810.5190169    7907.3684926    1028.7514364
   2809.7776389    7892.0828616    1010.9582532
   2809.1271297    7873.7126491    1021.6173822
   2811.3849370    7895.1327306    1032.1904846
   2802.9405132    7892.2258453    1032.4005601
   2817.9231510    7899.7880376    1030.7041840
   2797.1295387    7891.1016480    1024.9080435
   2791.9345247    7885.5156320    1038.0481790
   2814.7635745    7890.8840739    1022.7559300
   2805.2484725    7900.2367021    1043.4911603
   2813.3968282    7882.0064296    1036.1718465
   2812.6616926    7886.6183254    1023.8274436
   2810.8489855    7897.0451224    1018.8974795
   2807.9244361    7882.2026938    1029.7769204
   2805.6001763    7894.6240205    1002.2967824
   2811.0320645    7889.8841522    1025.8079334
   2807.2586495    7889.0058628    1017.0658855
   2806.9405241    7885.4458424    1023.8026850
   2795.3024825    7877.2412524    1042.6583405
   2792.7157619    7892.1475225    1030.5134118
   2798.2449200    7900.0294650    1025.4691211
   2798.5827305    7889.6895484    1036.7887600
   2796.3848454    7901.4966200    1027.8398063
   2806.8724541    7896.4954191    1030.8291449
   2811.3464190    7894.3092868    1032.6559455
   2793.2981686    7883.4900050    1037.4762491
   2791.3369483    7902.0713113    1032.5304958
   2802.6826436    7884.4271308    1027.6457064
   2809.9325470    7895.9876589    1029.4492202
   2807.6333184    7883.7255627    1034.4761154
   2807.3396480    7880.4929627    1023.8476307
   2793.9850903    7888.4488620    1027.6552596
   2812.8118712    7861.7787884    1033.7385328
   2804.4743587    7896.4719839    1026.9409175
   2808.3332748    7906.2671775    1041.9173312
   2803.5252716    7910.4869535    1050.1250723
   2800.6044685    7903.9179676    1033.9287174
   2796.0859837    7892.2246635    1030.3051140
