      1.6243454      -0.6117564
     -0.5281718      -1.0729686
      0.8654076      -2.3015387
      1.7448118      -0.7612069
      0.3190391      -0.2493704
      1.4621079      -2.0601407
     -0.3224172      -0.3840544
      1.1337694      -1.0998913
     -0.1724282      -0.8778584
      0.0422137       0.5828152
     -1.1006192       1.1447237
      0.9015907       0.5024943
      0.9008559      -0.6837279
     -0.1228902      -0.9357694
     -0.2678881       0.5303555
     -0.6916608      -0.3967535
     -0.6871727      -0.8452056
     -0.6712461      -0.0126646
     -1.1173103       0.2344157
      1.6598022       0.7420442
     -0.1918356      -0.8876290
     -0.7471583       1.6924546
      0.0508078      -0.6369956
      0.1909155       2.1002551
      0.1201590       0.6172031
      0.3001703      -0.3522498
     -1.1425182      -0.3493427
     -0.2088942       0.5866232
      0.8389834       0.9311021
      0.2855873       0.8851412
     -0.7543979       1.2528682
      0.5129298      -0.2980928
      0.4885181      -0.0755717
      1.1316294       1.5198168
      2.1855754      -1.3964963
     -1.4441138      -0.5044659
      0.1600371       0.8761689
      0.3156349      -2.0222012
     -0.3062040       0.8279746
      0.2300947       0.7620112
     -0.2223281      -0.2007581
      0.1865614       0.4100516
      0.1982997       0.1190086
     -0.6706623       0.3775638
      0.1218213       1.1294839
      1.1989179       0.1851564
     -0.3752850      -0.6387304
      0.4234944       0.0773401
     -0.3438537       0.0435969
     -0.6200008       0.6980320
