   2060.1420661  320016.7386806       2.0038090     305.7019073      22.9773638       9.2928832      44.3310329     627.4938238    1470.8346783   15625.3579145
   2135.9591576  178463.3139364      59.9984778 4417560.5335136       3.1542614  139627.1765308    2069.8568168   21747.4086314      20.6674218      53.9830931
1219509.5693920 19790130.8734349     367.6477323  200847.7502737 4292360.0174267 5811825.3712937       8.2309621       3.8299214      33.7292906 4419403.0559879
     10.2697134    2205.0306592 16653807.5718544   14223.2825601  199364.7380198     380.6642153  182308.4952459 2142726.2648159       2.7111758  525548.1996373
27878819.4320861  508530.8263535     212.4023341 1007748.2748847      11.1380453    3442.9860692 7334626.5166114     264.4295434     239.9530143      17.3960244
      2.7602654  160482.0918179      67.6057844     165.7792723    7120.4653899       4.8591403   28110.5202090      22.9669249   36190.7374667  227294.0890134
     10.9740663    1960.9590696  207910.5996231    1964.9848427       4.5912373   14884.4030504  124956.9383680   10494.4481883 13349423.8668989   34572.1084629
6727532.2304450      19.6900231      20.2890911 1362090.3089498    1493.2542242      31.3088960 10046613.3871793     650.9399432  531419.0703277  351691.6723373
4815807.1479444   64104.2758428  532572.5025777     663.3195365     178.3131638 5936862.3652519    2476.6744986 18695155.4514421  124224.9940860   62030.8074927
     13.4907940 14481846.3048449    3560.5667986   30180.9530904    1777.0681159     103.1533973 6725026.3673475   27906.3859894       2.0978156   57508.1148995
    458.0869465   12849.2314895 5031685.7203359     762.4369563 7327266.3164496   63772.3214540       2.6021603 10374177.4022347  196140.2396910 32092846.2857702
     35.1675323      19.5793096 10933796.6458464  216444.2389747       5.9960156  574167.9445591  559209.1817003 9324460.6828350  276437.5757868      15.8071250
      2.7839305       3.0931219       3.2028488     120.1810501 3269572.9190056   15629.0833315   19724.8606613 2423635.6759198      15.7814686     207.9954698
  34117.4574352 20234276.9314726   22610.8132455       2.7274163 1217241.6254715      96.4281572 1355623.0996852    1268.2781419 3466394.7101150  499775.0745676
  20879.0089808      19.3589046       5.4189921      15.0557528       4.1966702      11.9576261      85.4509204  283253.7497481   22122.2049753       2.4645829
      6.6225311 19468412.6035945   25432.9481450      58.8527381     133.0493701  473111.4325308      51.6360789   31709.2086873 20377584.8555439 2625009.5409124
    108.1092547    7385.4655103   60261.0103463 1950674.4427729      27.1521300       2.7241929       6.4109202    6527.3544266   48038.6197546   25752.6716765
    392.5405336 27765455.0718074   30869.3024380    1115.4329997   19119.5011110  485134.8658250  136788.6917628     164.0588242       6.0294902     943.5928980
  70886.3471821      65.9900332  548880.7775400       6.0497501     151.9615335 1303635.8758905      49.9503466   83359.6234988   12348.8358244 9605247.0454613
    159.6891510       5.9921186  408955.1535777  758228.2632910 7240111.3761559 10820993.7561972       2.5224711      98.6802911   57158.5052274 14368356.3135145
14648269.0777290   21022.9355820 8241939.2230376   86330.8764524    1314.3967833    6488.9800280   46451.9516084   18679.2656253 9827235.7901074 8682038.8955542
   1425.2652376 18210922.6570885      36.1252584      16.3578186      18.9207818    9001.1397526       2.8611504 14120472.8920702 1891069.9627487       2.5676624
     37.4971784     501.2983880      17.6785038 1410501.3450890     618.9502592 12389198.9655485   32056.7449027 4470384.9117928 2535127.1715769 6954019.3414288
   4202.7746288   17710.5768765 1176839.5346724     231.8828708    6965.8541109   42602.4087761       2.5897245   38794.2118714    2717.8165730 1361393.4973836
    378.9530411 5648079.6556454   29914.8283995      42.7023878  985366.9869271   52818.2268366       4.9035362    2171.7590288  161106.1539297 8663044.3441658
      2.0134206 22795086.9543949    1051.2773027 21694183.0136957   46766.4540398 1946295.5749503   28389.6238368   68977.0476415     231.3335592   34732.5370374
 524477.8532452 3177657.2159997  570541.5869342  220952.0763073 3520884.1352633     428.8543440  140375.4360861    3617.9944359    1152.4321103    1857.9196539
   1590.7705056     392.6811956   62262.0228848    2567.1190726 21700874.8700146  157743.5395198      54.4053764    2420.0551745     604.7980822 1158102.3220456
4557966.6106750 6776960.5370324  122742.5126849     179.1467783     133.1400529 3002120.8536982   12990.3394642 1248587.9492388   27358.9342691  396076.7818488
  11239.4129189  742079.3068920   25755.4794612    4630.7722410     598.2206041       6.2204733    1075.0442316       7.5215285 25212061.1206310      41.0328777
1467174.2012594 4191628.6503527  188201.4290571   26029.6069372      29.1074083    4721.7977962     623.4496438      84.5046595   38173.5265220     360.6551225
8338366.0893377 7462629.3326116     144.0912631      12.6528565      49.5600442    8135.5270472  367161.6957318      63.8522929     123.8805086 2845251.9871236
   2020.3215868   57069.8682392      97.5444133      10.9072404   10664.7934728    5600.6699205      25.3536132   62144.9509447   17035.3368144  106411.6312954
     22.1478226  537784.1131790      80.4031075   11303.2010939  943134.9413985       2.8997535     441.0196213 4051815.4493611 2534079.8991089   15527.8904263
3647808.5423202 14558352.7672757 1868912.9510443 2963294.6448098      10.3376879  101512.9301638  241959.7778508   51268.3022605 1196812.9677314       3.5546543
 734157.2734988  386869.2182130     150.4104964     143.9738683   74002.1526930     624.7516855 1138046.6547832    3344.3487114  904014.2288984 28635923.7394216
    295.2841582      21.5877335 6497271.0993914   16354.7840916 22042261.2961026   79491.0932998 30323072.1584744   17629.4433210   12714.8111500      19.0308708
    742.8484501       3.0935120      28.8297078  487584.4615428       3.3163415     889.6131687 3398131.0669655  202037.7311488  196287.8582729      46.1188049
   3116.4821580   31824.6665205 28294944.7375678      59.4559548     123.2624569     156.7317888  525793.9146124    4004.5040363       5.1561939    9438.8133172
     67.9802589 1176852.3306592     281.2975459       3.1657433   38762.6286115 2497702.6323994    1131.7871737  523053.6683563    9860.1609376   16190.3137032
17087330.6701933 1286536.8911762       3.4241683  266780.5622801    4576.5209118 14021861.8826436      79.5828480     170.0397782       7.7563352    2498.5093263
     12.2647875   75851.0880342 1265361.0803851  216380.6412391  686582.3028995     595.8886161 2582676.6381373    2504.7494802 1795851.8271908   67187.6200524
     21.7380883       7.3680640       2.7131775       6.0687523    4113.1031260      13.1793393       3.1750964  568450.6389048    1424.6694703  498254.7021340
   3711.3178335    3570.9245297    5688.1356736    5315.8852141 1269580.2948672    1615.1142164 6872806.2010883       3.7049784  779929.5163307      16.1716295
  58832.4952531       2.3763417   15576.1901604       2.1029739 14898366.8041484 6955143.2998201 1126336.6025888 8196540.4221218      22.5240999      27.5794480
     45.3540710   62862.0480343 7002447.8541554 28390880.9655383  274593.7018678  387331.6371054 7420252.8051045    1574.8182016     127.6824408      35.8108312
     14.5906192 1485641.0079602      22.9913131     162.3698082 1654702.3400914     350.7001028 25044991.4454611     168.8184592   14339.2334259     374.0813597
7605164.1046986     889.8136701    2714.0204095   10050.8132151 12140087.2708468       3.3467856  302188.2264377 5475103.8657322       3.1489991   11822.3558778
    453.1219228 3240407.2297494   21684.8106024  193969.3040193    3739.1224406   69244.7417417     249.4011730       2.3365273   29371.7669919     355.7354992
  10918.0104608 8352290.5751934    2410.9648862     122.5736344     962.7719306 10801039.2751081 11739284.5584885 2518125.5164366 8897424.4282141      88.6228587
      8.5716505      87.7564750     373.5192500      36.6154604   48653.6320469    1945.7005283 1581033.2564026      43.5056105  235446.0043841     109.0264975
  28158.0173010     664.3051705       5.1591936      89.9797281  125598.6409987    7825.6899689   11240.2275195      36.5876184   26563.9199762 31790275.9762247
1593803.7996318   39373.6536454 22504928.4151351 6524799.0152950   40191.1547000       3.4300552       9.4863316       5.9336555    3670.0794221    1031.4341453
22266953.0678320      32.7086211 21337712.8135782  701166.1641320 1802675.3267704   74387.8614692  135655.3560665    5576.6229111       2.4884934     710.2317537
   7179.7765808  376473.5716768    4861.1442359    4033.2244700      19.7517118       2.3971657  601697.2558091     409.8261165 25877641.5895422      78.0118525
    559.8872869   12190.8175171  568734.1738868    4490.2710336      15.9528362     362.0469743    8831.6058582  147706.7460208  733073.8164628      17.4851558
      2.9280966   11252.6387472 1422235.6124382       2.4665429  144356.4727224  183242.8574638    3521.3723879 8130589.2479427   90439.5400281       2.1821588
   6322.5143559 3231174.7494495 1997258.5587247   97946.1205358  147337.1967470   30236.2146344     191.1915038   22423.4364727  142590.1535621     703.4534388
3048949.4782334      51.3004531  501433.7050312     247.3595704  778956.3135413    2462.1379896 1369067.1877092     716.5068585      69.9686962  698949.2601322
    339.5327066  396753.0052612  478233.5019313      79.5351575      70.4579837      54.7485998      21.4133722    1060.0983354       3.1146482      12.6589765
 149474.1592207 1200028.2061921       7.6354260      94.4091936      63.2509781 8482190.8533921  275472.4344879   20076.6461750     317.0203650 2150882.2905869
   2792.5027442 9391662.6889326  252380.9170159    5684.2385704      16.3253554 22525334.7634464      28.5616537      58.1799844    2607.3384006    1664.4683687
     22.9756781  371667.7708053      46.2019425   89741.9842933  563221.4734519      66.6058694   43929.4846559  515024.3099879   81654.7422465   41219.9538940
    272.7763688  386084.0181069 13508859.6597777    2374.6075201  895518.4337023       5.0890097 2165874.8617560      48.9759103    1430.5208931     294.4635195
      7.5815217 6866502.7931857     944.6920200   13651.1845573    7428.1662099      18.0242510      62.0301373       7.1035068    9345.9188733     155.1144462
    759.8014280      12.0717915  979200.0808997      11.7779214 26454535.8372380      38.1039313   27321.0005480       4.2172076  972130.8243183      46.8683710
  13031.3188617  444511.4438436      24.2238394   19163.7487096      73.4562326  610954.4016965  334110.2332901      37.7178836 3376734.6511879       2.7790704
3280963.1009960   21824.9611887    1637.5137784  606406.7742348  302441.3849735 27175970.0089445     204.2286089       2.1302875 11174156.5316704 3155704.1102010
 368785.1557750   10813.3864876  256206.9144900  871239.2141056    1021.8889039  735181.3319202  529761.5679239   53865.3189950    1601.0272804  218215.2590450
      2.1062966  793306.8723322 5989476.4062593     107.1566057      14.9121092      78.0764584     304.5048826 4793620.2925826   16797.9123573     235.7443837
     19.9803861     249.5987873   54459.8788967     439.3797948    4030.2241394    3233.3423813 1923428.3496101    2405.8912251     628.9370032  150491.0866522
     79.6481715    4750.6189422     375.9446592   67590.5742905 4362281.3566904    3431.2915614  930068.8876042    4003.8627736  110180.0854407      17.9285064
   2686.5820183 7422571.8753290   47363.7610008  693045.2826745    8858.3027784    7931.2634813 2458924.7674067       6.1789702   27717.9802969 12948680.9908081
  11026.1472750      50.8148911 2673958.0819177     131.5383270  230982.6358845   16005.3052282 14325388.3964176   64816.8306152 2265614.6821154       2.2821427
28101841.7169896       7.2861146     424.9379337 13699856.9281273       2.3206653 1758020.0944407 3334593.1521924    3010.8174880     140.8372011 1259612.4322164
   5668.2516954      18.6891184 10103668.1722702 5945139.4022655    7117.1483889 3093610.0302226    2114.1655238  173329.4895632    1501.0697969    9013.1046026
     46.8260964 18741514.1452747     267.0889570      11.1814032      22.0631917       2.5283831  297534.3659078   23953.6798711 1100616.4976075    9215.9562891
1051272.2817522  212682.4024278  833234.7280813    1728.8402560   95717.5066777      39.8101153     422.7553264      35.3223857    1791.9235843     110.9718503
   1741.5158151 22219703.3270268     412.3323431 25075631.1754897   79097.6394892    1025.5516532 3134117.8048535   59892.2513935     132.4031764 1069523.1440062
   2684.6609973     765.5050134     486.6182025  218436.2871828     174.5628770 1382331.6211805     271.8997596   17066.8975487    6700.7915063 3025105.2399388
5240505.0462912      42.9690691   33885.0907437 6170350.8963613    3342.7349637 9146823.1807757     207.3294677   50080.0430033  170438.1810480      89.0743163
      2.5147593    2049.9529706 12058652.8240196     601.6057876  859932.0211019      36.5974572     590.9400922      22.1670564  301646.5464555  225596.1573840
 188464.8082459     135.4395080  200973.1046164      87.7386730    2338.8421519     972.8886746     737.9554321       5.2187901   73198.1235528  257747.4205979
  54204.6375486   96584.6396664      33.7912342      24.0293076   10370.5230859 4217584.1776934      42.6620858    4414.8198362    2511.5739120    7830.7808701
     29.3697380     595.7550177     155.9705349 2526391.2299475 1211173.3187710    2417.5663983   48589.9746367      22.4894215    9612.6538037     279.5049569
3249131.9103900  142278.7956264   75457.4801622      15.9339407    5022.2185922 26837495.5315249 14197958.6134227   91536.2371189      24.9574201   82897.6951207
  24421.9486941    4864.1773102    2474.4621638   42715.5617775 2765822.8494852  534157.2413173   30672.3900309 9588677.0980930       5.8716241 29055666.4339893
      4.8294839      55.2496380    2266.2069197      11.9605600   64102.3605396       4.4438852     227.6972637       5.5208115  241969.2087220  135032.5811267
   1086.8478233      45.7805294  498804.8255813     575.6718985 1113930.6738028    6698.5008713   12555.8028824       3.2126869   90245.5689510     683.0067652
     90.5674451    2727.1928920    1159.4452448    4955.9192380 23851894.0939671     858.1426563  786912.2273337   19707.0241269 5305826.7534028     733.6094575
    118.8047184 7636402.6907282       4.1262245 14789626.4020632   20936.9834402    1047.4874186 30903260.7532450       5.2806060   10816.5487862       3.3550396
  26767.9259770      40.2591335   72365.8193803 24430299.5603064 4187510.0698862    3676.3795068  262700.7659313  827987.8087078    7518.5254013   13168.5033274
     24.5699933     932.9126624      21.3078049  356971.6755071    5588.7575161    3499.8856741 5036364.6351909   12969.6374906    1805.4965723     175.2667520
      6.6266919    2098.6810457       3.0696700     253.8257410    8684.5069940 19038197.5362607      12.3393111  145734.7401180    8182.7888321  822899.9459695
     21.8047108       7.9826252    1532.0487915 1145141.1836898      48.5102508  704701.4277854     250.2371072      73.7921631       2.6411645    1517.8541332
   1133.0185696  116041.2703307       6.5072213      25.3250935       2.6350333      13.2793493  102335.1772240    1622.2320105     417.2104663   21467.8168083
30095639.0285595 2137771.6647250  226783.5353159 8613726.8193147       3.8731006       6.4442059    5316.0942220     666.2953019 11814452.9318120    6886.5183777
  15843.2274890 5875372.0375375    3371.6547501 4338681.7721585     135.8585908     190.2078397     471.3560260   18072.9261890      77.8749905  141878.8588366
     21.5115382       9.5692549 3871877.5827402     102.8821499    1229.7047597   26931.5608598   12583.5143668       7.0840437 4133757.8641368 14883957.5181575
1483090.5980401     224.6046582   13018.9286116     566.5271853   20339.7659666 21919070.0293777     357.2697672  135799.4905849     452.9515642  787791.5322575
    451.7682896 5367638.9215566  539396.0017232  646894.2172723    4930.4263303      66.6414580       3.9872717     422.8174765       3.7081612  206034.9948387
 139354.5677791    2576.7248694  704839.6038572   14912.1832528       3.8815644      18.8309624      49.9354884     532.2392988       4.7750330   47079.2178526
  10012.1532656   57811.3158014    2658.7534306 2663351.1775150    3814.8677942       2.5841404 4061653.0071981  110129.1718421 1766023.3354422 15043288.4000247
      4.6650651      99.8523681       5.7367858    2225.3079228 3483001.0858879       7.7757163    5237.5880216      16.1452137  767205.9864151 2399216.2416600
      4.1095560    6537.7470143     107.3266885 15219005.5922811 13194405.9933678   54516.9056426 21587570.2355043     620.2354813 6134087.1111809    2759.6686927
    101.0938407 12538584.1813972  175514.8073711       5.8884097 3886921.5620427  233510.3662008   46930.7192782  391051.0902594     135.5364444   43590.7657379
1536120.9143594       4.9202371      17.5361011 2440422.3858918   58668.5966945   13785.9154471     124.4116258     270.9505576 4035925.0665705    2225.6059034
      5.8414484 6046386.0654084      58.9385633 1863341.7287083 4694353.1717138    6571.5495387   42147.3012090   12894.0597693   65341.4595452 3009310.0237940
    218.4783876 4851946.4473489   25260.0158313      13.5711680      87.3071538   40442.2951747     107.3895413      17.8021040      29.5348246 2540956.8364048
  44837.1728542 18303422.3670398     628.7318853   40202.6325665   42513.8983958   56146.2828814       5.3526487  527061.7350061 14176793.8031886   14586.0070121
     49.2258599  550438.5394168       2.2589546     470.5311705 8520769.7942924   35630.2747887 3016756.4822605   46732.1974293 1753584.6699472 4519101.6013741
    416.9333565      15.4647812  325270.4551663    3036.7871637      16.4687257   36504.0155913       3.6442945      55.8842871  991483.0284689       2.4458268
    310.8976973       2.8540746 32179527.9126751   32065.1699279     263.3852389 10290338.3634330    9222.0141571    3855.2627186   35337.5929185     161.9386405
    321.1089762     968.5682097     116.7073802   33436.4575296  212972.4387309       6.6195506 20741252.3581390  551765.5052322 1334544.4343476  538792.2964300
      7.5761424    6041.5825709    3318.1213951  144363.2110300    3491.6523607  245186.7618145  168161.5215312  217637.0556197   58917.8768181      24.6503735
 627501.3126095  878753.9433623 6806452.6238813      97.7109690      37.7994525    1338.4791539     414.0185779 1558197.0913535   54148.0435670  619198.3306308
   2459.1813143      10.4582787      13.5558182     997.2221804      50.2951165 1700957.8575334   42976.6140310  189558.8405824    7065.8091725       8.6708195
     99.8619574    4324.8966469      54.4249425       3.0555449  372155.1714501  345422.3561444     487.5484938 2483354.9038338    2491.1901378 3533012.6259360
 111723.2708743   31539.1416790      56.3936068   13392.3234007 5795003.2604510     319.5405961 3920740.2076585 7352923.5209393     483.1306278  172207.0632583
6275516.5729109       7.0456127 4452267.1070531      47.8399746 2756591.0820598  132061.5472850     614.8713139      24.8128179   77876.6430271 2667234.1475816
1732453.2536518   69164.7979323 16219614.9410862   36564.4755727      53.7423250    2528.2744119     541.9079376 29346401.7608527    1117.2032086 29717737.9194637
  11200.7057463      35.1319764       6.9152323     947.0761697      15.5846369   76780.3326923    1956.5229225 28848144.2611799 10464027.9789813      23.9452032
   1425.4229090    4323.2874980   22580.1918425  868836.1219040    6620.1758208    2164.5407535     156.2803859 7609379.2547450       2.8969128 1711613.5294834
     45.9897864  180065.9136206     736.7469355 21849592.9830209      15.4178651      45.3074824 5333382.6580792   32807.8072104     342.9639747       2.0255943
     88.1779309      22.4662467      58.9905430 5980113.1997002 4063425.6842737  229311.0741345    5014.6879995 1891715.9619599    7642.5243588     845.5395330
    195.9680249 9594522.1502336    1250.0253370    7277.0649018     137.8078686 4950684.0588359    1174.9005779     282.4385426  305810.6432443      47.8643176
     14.2869208 2228971.5519478  475558.1096544   36929.6800641     113.7243832   63652.5850105   81840.5203688     465.1868996       6.1464110 4599119.7809512
   4208.1241290  660383.8135022     136.5539184   37465.9489987    2505.8491421    1152.3916694      16.4626104     116.3558484       7.4860153     308.3872508
 456708.8452255   55506.8191020  144215.4669147       2.2992987  159262.5276189    8637.1317012      93.1705957      36.6951176      43.3990384 2515197.2624549
25116897.6577435 7989927.5806828     646.6611321  866830.2125934   17742.3584603 1583425.4799176    6249.1611494   36581.6152851  974513.5640181      10.5973485
  15161.9827067     881.3677635   46449.1394516 16908676.1670235    1377.4179618    1380.8605821 1030767.7299424   91525.2112546    1401.9470913  189905.3675765
   1658.9315188      19.2490548    3604.1377788     521.3344637      75.1267257 9760984.5240310  192079.7063994   42397.7879329  495930.8100282   16467.1752959
 230242.3573574 10569733.4706969 3413453.4999986      32.4153351     159.2706444       6.5825506 23532435.8087283     102.0560831  118486.2844744       8.8835528
     66.6485974    8586.0877651      11.4628036    1289.8268257   15411.3463631     564.5276512   20761.2410625   15101.8715042    1327.6433896  214479.7614736
 159542.2380824  184757.7792549   22784.8967286     772.7821371   53776.7910305 11520263.6504263   41056.5447897 23894316.8431283    3070.2893091  441081.9201047
      3.7385870  669831.7965305   11103.7388944       2.1849447     201.2440773   14623.2217887  706881.6073589       4.8373680   18526.2421125 1224591.6659223
  98647.3938784 10726888.7592257       6.9333600     199.9305466 8755147.7945854  672942.4284526   43051.2726990 2084450.1680862 5952415.4720051 21313858.6902249
32738665.2811435      20.4153728       6.4666076       6.7890029       2.5559347 20997027.2652352       9.6759680 2411808.3307794  178325.3062682    6660.3026445
    639.4453048     717.8541229     136.4409766 7636241.8706139  349618.2796268       3.0784818    4319.0852517     215.4531739       3.2381919 4927298.5686120
 743580.0771706     482.2514955 1137477.1241926     443.0481639     335.2697828 10147478.0532296 22854705.3991427   12121.8923330 15083250.3832439 5206620.6063339
  11057.8361420     986.3605233  271108.3231459    3916.7523361   47154.5538695 28604696.9738490  780473.4331272     520.0958514       8.7905736      43.3432121
  12805.2253477    2062.8998031 1217788.1889710 11044739.9625491      38.5525384 3271685.1822679 16517342.2660811 17097648.2674127       3.7547116       5.2126035
      2.2024930     363.1313679       5.0516753     265.5242196     746.7055608 15526705.8449665    5582.9895472     204.7504224    8611.9527050   88942.7993389
     12.7276675  599533.0643701 2858245.7061740 2514772.7936254 5428657.2857120    1147.4515491    3216.6087738      10.8374650      85.5897506 20823240.5131913
    227.6975969 7189736.2350173 5432763.7222860 9244141.6385906      26.8637638 4537076.1522470   73623.5048833      66.4904982     622.8677019      28.6021348
   3245.7941224       8.0589892      31.2903040      53.1763303  196566.2619356   27963.7236037 4078918.4047788     117.0691857   70757.2795903       3.5463880
  10725.5429828 3448256.2560051 25767282.4113790       2.3569994     134.1957870      82.8478348       4.4103779       2.3687714    6959.1119173       4.2621208
    205.0561411   84075.0236201     269.2138826     177.5046278   36945.6408727    1122.7475457  237991.8782355    7680.4484239   75125.8807616     714.8339419
    237.0511707      18.3406229 11780759.6545718 1305399.8105642 11968052.1893237      43.6870139 11036185.7465042 11523510.7941679     223.6452530     192.8348456
  19273.8580990      43.6207220    3126.7033981      43.6413402 13981560.2667248    7392.2189837 18410512.0648612   91317.2719631    6310.6747448 19604559.6757387
     21.6538967   74034.8536056  121056.4839106    2725.2178605       5.3687023    7257.9300035    4586.6167388 1347565.0242899     142.9992489    1345.8750029
    108.6943374  182134.1547866 28357025.6246824      38.2744273 1720887.9882276      93.2948425       5.2467335      20.1344817 11409045.5825004 5254093.6341362
    245.9552247 14072132.0137805 2764012.7606141    2762.4163401    4814.5635880   71046.3305683      27.7182456       2.5575635     165.6837635       2.5858654
 149312.1726208   19285.8091956     421.5486984  866509.5299947      22.6093929     117.5503749     258.7706687      52.0695024       8.6369888 3858017.6864318
      8.6729783  174038.6323977      14.8215153       2.3896115   21239.1369304 7155481.0300818 3292974.7434688     557.5020187       3.1422804 1221840.4888804
1330593.4210497 3763685.8728099  137733.3494767 1370900.7491240 6098228.4870951    3800.3558871   21436.8794579    9071.6363396  199719.2278594  171727.8882090
  11485.5096969 1934106.1606851    9018.7094208 1821386.2876734     217.4111491      38.9587637 20326996.0004387  458495.6786863     150.6441291   31644.0846301
15941610.8962060       7.6639800       8.0267778   59443.6858705      83.7399117  674947.1252535   25454.9926888  130032.6296986      12.0214050       8.1273963
  65668.1248517    1824.8349493       8.5389612     959.0981690  143577.0695644      46.8539120 5921366.0237157 14568139.7687581 17706073.9762359  376419.3810467
   1723.2571245  472508.4854739     240.7989185     373.7716501   47693.7522547   39685.6881556 4457685.5850691     138.1812575  686319.4736951 12577295.5616051
      2.0346637    5503.5196157  111676.6385304 2476304.2212141      42.5104576 3065777.8096879     857.9629373 5590610.1045759       3.1713163       8.2784653
24628939.6001199   50641.9809358    2081.1659936      33.3852846   99170.7931790       3.6996829     356.7411731     434.5868550   48935.8942927  100717.1724146
2591418.1238897 10058714.6192182  118209.4184507   30072.8513309    1519.2810347 19254600.0890271      25.9542721 5858433.0434610     353.1931687   18353.1255052
 169343.1614499     102.2014342      32.5747103    9433.4405058 1052021.6864156  201154.8632026      14.4736822 6436358.0857321    5847.8946629 13819866.0994933
  19926.6138232       8.1978394      58.0455215 2969340.9965104  251859.0073899 5844096.1502721     477.5486960   13052.4545923   99994.0879885   39320.1304092
     94.0339915    2424.9047880     124.0411621 2572534.6767757 26884264.7261469       6.0532053  287713.3770795     485.3135238   66012.3839449     146.5360257
 101013.0822361     960.4271834     269.7915044 7731496.0271754 12892001.9990610   54169.7809874      70.8760717 12248085.3179320  528258.7089815  533879.7768417
     67.7107050 1989199.6171294     108.5551003   73166.6145581  272850.2192799  461894.0105089    1320.0280859  617384.4073575 6675579.5024474   35073.1761097
      8.9994272      17.0940651      11.5218513      35.3946430      16.3854270  839529.4224086       3.8527172     111.2299903 4487851.8868364 21598872.3919323
  47318.8760397 22598416.5085487       4.1205502 14262726.2955550     354.8599574 1184090.7043962 1437468.0730823 3267976.5441595    4110.8455730 10584614.6580840
    145.9602408 11275529.2836855   59428.6586458 26338648.0464323       3.4424908  346861.4087396   24378.1605133    7221.9721302     149.2135783     459.5049003
    126.8599581      76.7678239 1197720.7084761    8524.9764982       7.9809325  821340.3267164   14338.2151583  439440.0685060   10582.9090734    1550.6981543
26692346.0779880       3.1994477 10964477.9812749 10621757.9752660    1334.4680747      70.8726411   59521.3302938      38.6216006 1270527.9335761     136.6567149
    252.3614475 8284475.6683444 6673462.2303205   14757.3023768 3426099.2960341     704.6590914 32393986.3158689    2718.4220523     269.7517078       3.9938541
28273886.8617950    4567.8613390  405696.2206218   85248.2724044  335102.1905808       4.6804969 8873610.0811372 9935693.4372092   19455.3680388 18409936.6748236
    214.2175528   44809.5634622    1463.3960568   68916.2968854     297.1762321 1662129.3531447       6.3857828       4.0140586       4.5488858      24.4357365
   1436.5687985 15975522.0661539      12.6326951   95371.5708666   12970.2278459     713.0293950      54.0709389      78.4802626       4.1459888  284079.5305544
 105886.9140680    3214.7147758  312727.7492969      12.4616512 12106346.0637193 2660085.1959511  115445.7735727    1091.3877556    2044.5979959    6087.7530925
11433870.1864468 3469342.6815462    5674.0863122   20289.4756186 4222578.1535427 14427784.1667661   82977.5902925  511540.0536934     694.0990541 8580793.6375079
2219878.3631522   19475.0734560 3710167.8623792 2761317.1263188 1385401.3542705      17.5893198   14910.7147586 6440738.7915299  741436.6643844    2190.6097442
23224262.3827226     129.6569526     514.3638680 15662510.9058341 1392425.1593985 6393436.2536194       2.4252780    1108.4641476     100.6028216     274.8386793
 429378.9420925  340674.9341922    4339.1172183     871.0351139   33516.8445486   14352.2182251   19002.6027682   55934.4583447    1443.7032698  752453.8517109
    130.5878081  109324.5913150 17363224.4944514       2.1218376  336597.5302377      12.2599468   16972.3627690   67658.5388346     113.8295264 8003796.2227874
  62670.5784402      94.3972282  732857.1577391      11.5688208   20529.4541006       9.7064630   31512.0883001     134.5056258   98456.8109789  296947.1928069
  12249.6656343  112573.9725511 1502623.6543173 1364834.4335285   59987.2306360    3631.7749506    1771.5540129 4176731.2253734  239615.4770126      43.3644389
  24450.4181713 7360604.2518876      24.5314365 2568374.6126290 1685633.1854806    8102.6967440       3.7373416      23.2645299 9264801.7351369       4.1690397
    982.2663004   59349.6225161      52.9571264 24493815.2240776      26.7859692   15851.1587097   58342.9932535      93.2969988    4677.1557009    7053.8965337
 694058.1580744   76476.9870596    4774.7228332  131674.9181058    3771.8543092   12564.6093151  114551.1961135      40.7488988  987341.2165273   45348.5279786
24191371.7620887      80.8511643    4673.8489035 5912772.1887940   44281.0506525  351462.7581546    1948.4131918  175782.3780557 13677684.8373600      55.8879587
1361500.7373756 20214851.7899981       2.5485021      71.7561250      14.0943602  700567.4464271       7.7231964 32680470.2256575    1305.7729826 6932125.6903580
     46.0734103    3063.4313277 2538392.3646507   39965.6999535    4365.0858733   10110.6906018   28002.2017185    3035.3790706      50.0540529      13.3168252
     24.7519496       4.7891948   21742.5550363 2664261.6406885     786.2608085       7.0005144    2381.0560846   44706.2254378    2368.3772309 1439672.8750495
12761281.7749741 3853822.1362845  243909.7592966    4998.1351416  171132.3559083       2.5001930 25070281.2283694      35.0139025 7055170.4284688 1355729.2323219
1207299.7007425     175.3951916      76.6222422    2506.0797840 2738408.8276712    3588.3662173 11459833.4097402     706.3815513   59698.7033722 24339174.0045962
  89097.6977921       4.2632604    4467.8659410     524.2213310   13992.4130717     228.1610960      15.2873827  134657.5625287  167364.5110654 3680175.6621662
     18.0904432 1177166.8572463 1880193.5104035   93793.3786044      60.4693220     154.7823486    2111.3113370   16420.1279297    5628.4069742    4767.5667063
2336920.2079334 3866124.7705334 1591653.8063464 4394397.8097670   26693.6743994 18446799.5508539   48210.6532569   46172.4858365     405.3840988  166931.9312682
      4.7475280      18.7538397      17.4579472  108311.7995063      36.9622891     583.0693828       4.1799328      97.6551784 18504640.8117408    9537.1709405
     24.6888622   12012.1332353 13110553.0934057 3592269.9445022    1360.1790439     224.8502041  637257.4039274     109.2601725     137.3369969       8.1008455
3501297.6320312    3443.2947683   22896.9887078  420300.8896398 1136158.6019889    3420.9832756      42.7858352 1942641.7430207       3.3495123 13831731.8590190
  29480.3966564 4221515.9163209   49859.1437750     131.5830656     275.7310951   14165.9665150 17855647.4101826      43.0486028    9658.3503068     609.2601128
 727913.8952749 1263326.1154889    2335.3739236      59.6702535       6.1056591      54.4763578     185.8017659   42375.2432612 4062690.2254927      16.8835050
16736909.2756512  172483.6697331  458684.1901942 25238780.4081058    2028.8106982   13853.8869076  161492.8542977   10148.6726055     289.7563106      11.5452871
    228.8679280  717424.9328288   85212.9399964 1231458.7539764   10891.3318687      95.0358889   68846.0492855     314.3290413       3.2686386 6719620.1143605
   2178.1229099    2397.2069231  453279.5810907 14235617.1521067       6.6824293      35.3791165     426.5525681     124.6882675    7600.5049439 1809338.1865695
2956252.2762331   40339.8642723     108.6970979      44.5028097  469697.4701935     103.4749243   15801.5819934  518052.5384299      89.1386070      36.4545883
      3.8735503      23.2902158 2834246.4207539      11.4023705      82.5662967       3.4489872  153998.7644860      94.4104987    1945.8721756      20.2974715
   1062.4762689    2330.6217902    5224.7954608    2269.5703815      11.0514023  763318.9060295      19.6022055    2325.0031956     184.4321938     299.0391647
 144238.6768522   11012.7058932      47.2449824    4902.2439249     567.6983944  245937.5942530      86.0011984 2545848.7793659   12673.3644883    8276.8709608
    136.0939728      44.2540036    5126.1412096 24799127.4996754      18.2490531     223.3400819 1217413.7905330  127015.5463633     206.5291783     375.2069036
   2162.9102786   45289.2897433  314811.8700212 3124530.5227784  166674.6637436     103.0763501 9752176.7832372  880943.2850868     332.4873243     319.3900147
4647552.2122047      16.2896481   75440.9394713     202.9675920 1893741.2649204     860.2205232  397552.6103275      49.1128749    6016.4699297 1278721.8362032
   1476.2456367      29.4006665   97666.3082236  554112.4825034     211.5160381    3647.4808024 6405030.0001619 3989164.3966309  257194.9223013   37163.9026107
1608377.3450825 7219520.0820268       2.0851937    1482.1403871   22753.9975713  401253.7280549       8.5703035    1545.7804441     209.5147940    2294.9408816
   7921.1115783  117342.4394781    7694.7958478   60776.9566470   32284.5586749    2486.6324331       2.1726153      50.8576866     411.5602115      23.0624683
  42287.1924355   52353.1034059    8204.7191214     415.9809464  104866.4198269      47.3996199       2.2055578  408112.8040061    3200.5235429  220161.0522948
     43.4426556       5.6681394    1078.3472259  213505.8761102      11.0627704      51.9849320    3808.1210138   61469.3902020  525372.7887541      12.4118005
  65126.9286775    1257.7701015  138753.9051156      59.1148656   13034.5317905      35.0635781       2.7289466    6593.3955299      42.8215953   81824.1970795
  15053.3364556  793950.2701075    1380.5597979 28154284.2753628   10551.4431100    5759.6348235  519447.8163984   27450.0097082     831.2667035    6849.9362733
     46.5052278    1394.9541063       3.2922686    4392.1068843     192.3218285   12776.2838373       3.2547143   20482.1905299     261.7324889   29732.9779306
 393628.8611083    3036.3193960  123638.0902104     106.4357439 32781490.7241546     113.6996907 12538678.2916182      74.1962316    7866.7129722 1713182.1944362
 300730.8034191  250409.5208964    3041.5129667  561996.1068795 8860064.9765717    3087.9675732   13044.6590810       5.9995488    1331.2388884    4750.0454159
5863395.9743987      12.5827780  383084.3269642   17454.4592939   48203.5016767       3.2824901      22.9741107     225.2834326       2.1688483  136617.9143342
3876144.0980214   17894.6340798   16797.2465383   56166.5001009     304.9345920     892.4129012   28497.6128605 1404084.1866120      57.2149090     464.8357891
 466045.0874521     580.8758253       4.4157616      26.9565935      50.3094193    7552.2808551   77558.5959605 4574807.0096473 6631378.4199632     331.2687821
 554612.9413234     219.5297623     920.2262971     260.5538009    1949.0801039      71.1689821     403.2872976      15.2008020 18137065.9180144    8753.1842630
9336279.8959301  491844.7162700    4053.4282882  566192.6154101   68916.1213074     313.0398296   11745.5245292  280082.5731423     321.2437898       2.4632244
    173.4418090 1141019.0233847 10470551.7734884   65898.0300523      18.2190980  594653.0389784   12816.6207206  559142.9794896 3193442.1242967 14020138.1203965
 107122.4124619 2970340.7995013  463469.0210699  358205.6385860 3202968.4362113 9321127.0632139 6580765.7449673    1446.1548027       8.0920807 1970006.8875798
  15655.2321240   16495.9896678 1831009.6114879       3.4049189 4406036.6025442       3.5583688  203782.3252040   35110.8062411   86594.0537047    1008.4504653
    195.5086515    9579.9735310 5021736.1958047   24271.1036054  123621.7780622    3089.3798328 21108754.0642780  462963.4762470     732.9953624  105343.7198638
  16644.9150258 4876278.5083959     194.1862481      12.0722246      48.1855692    1251.2111705 2960552.6468199     181.0542123   67034.2729180   63976.0023297
   1774.4193013       4.6204812  481111.8981084     273.8824145    1512.7907348    1062.8701363  124558.4317710       8.4093768   18785.8411059       2.5849274
25305288.8235630   42121.0370728    1191.6472113      22.9743213  216660.9812494 7002322.1280194     397.4446248  689796.5902101     238.8489044 16470810.5393153
 237172.6480590   65553.0023137 10600533.9211508     175.7057134 9416620.2011452  158485.4002283  748011.1100933   26973.3684026 2117179.6477469  221778.9913522
     22.9211710   53197.3620634     208.4688553 8279368.8006869      54.1006853     231.8737813       4.4189785    3425.0265524   21352.3548195   27851.4724578
6952291.3846965     647.1401542    3422.1353596 2824773.7717071   29407.6377014  106156.2977932     205.1625972    6650.7956984   61268.4741485      18.3977409
      3.4576916      13.1944931    5630.5722219       2.9827470   66867.3489019      10.1399795     130.0639114    2411.6932456      13.7355419     180.1741028
      2.8400418 26164244.8829387   52417.7059342    1082.7557601       3.1094953    1310.7074177    3720.8255422 10647981.6205769     205.6575355   55291.3196972
 127845.3808211      44.1108995    9016.3035736  962227.3683815       9.9720964   47804.1138438       3.0853590       2.2487470       5.3840305    6011.9238476
9749512.2089706    1702.4269974       6.9681870 3342414.8754690   11293.0068956     402.9510700 18141320.4207101 12014576.3652720     151.2147778      57.0203302
  35952.6098024 2443363.4273110     541.6834317   34499.9371959      29.7306683      50.9231460  633087.4117229      24.2912205     166.7761276  191618.4186600
      2.5706681       3.4168471     238.9595409     540.8018709     827.8275964 1357549.9134394       3.6390030     776.8465657   81735.5001022      21.5871163
3147394.8469394   92268.1940296      13.6142180      63.7493108  486459.4206051    1642.5927043    6326.8929158 5159936.4748850      19.6798210 18550402.2786918
      4.0645971      10.4582255      82.0096823 1343944.3543222    3931.7268386  104854.3663777      36.3455618      32.0294338   11588.1301545  446112.2524772
   4388.1197003 3834848.2076541  118119.4019959     126.0770718      99.5709714    1007.8891106  585287.2603790 11949972.3428743 3373334.5728908     155.2725533
   1903.8370284   52391.9807927   17854.8320083    1298.4715507      10.8085317  279768.7515044       8.6652654 3615736.9805463 3461012.1320487  262656.7247356
   6535.9886887  224992.5287994    1427.9101063 1155354.0746064  960888.8114700      26.5876804     395.5239397     611.2404642     855.1816980   24824.7808341
      4.0013827  117253.6457304      57.2483504    2041.0578359    3619.1213222     661.4289900    1175.2300239      40.1504836       6.2122736   19217.8533503
  40364.7040838      22.5022123      93.2221577     234.4361365 2008981.4408429      25.6716227   19501.9583197   25449.5623187     605.5415874     682.5602284
16995958.8556811   19896.8825628  103951.3393946    7022.4697753   93949.6105064   47184.2860136      22.3803242     523.6041745    4241.6675719      16.7689433
    839.7172221      88.9793851 2654598.8880637     586.2523216      87.0000121    1778.3870941  172177.5051949       5.9584124      40.4341149  207588.4332826
 544343.7680512   58094.0468151 4497729.4551362      33.1561494  242083.5582855 8471839.4473545      24.5517136     115.3868860   17810.3683054     612.6265525
 195300.7465917       5.2112261      29.0072056  298986.1967074 20581556.5948090 10393721.9646404 6471226.9432446      16.7471017      22.6634255       6.6546102
  16623.8347232 4750566.5552609   13902.0074393  888595.2165222      45.9786081 3441653.0661519      45.1982339       4.9737673    2219.1388912   20488.2099318
20623819.8134208       9.2029220     190.5511147      11.4920929    1323.8750802     244.9368445   10220.7141693     656.2766812 10167575.9942095 1019017.2995201
3323502.1274802      17.2440017   28559.5179411      71.2481605 3748094.0256176       2.5676813      11.6145485    1042.1663141    1607.1108719     201.3109715
      9.8868570      14.4153077     396.3617932 14799324.7732080      63.0208608  501096.0727620     146.6799568       3.7160403       2.6121777      25.3680786
   4359.7226152  578367.2517486  368564.6978493     702.9833062    5789.9801639 1522245.9891411 2281687.4528356     409.5798157       2.1470569       4.3660851
 428037.3197930     186.5184772    6020.4662007      48.7980091 2637445.7454749    8665.4720773   12871.0686160     241.1705797   10001.8658239       2.0664114
    201.5621539     661.8275807     225.1622674       8.3562373   11769.3662908  994422.3532278 12913372.1546604    7830.8598393   38970.4400129     252.5873376
     23.9147402      17.9376697  390959.2240766  404916.9325537      39.5169693    1944.8580087   39224.4030129      16.0752215  944279.7435952   60297.5966502
  55697.3318092  232842.3900579 27111356.6135687   23129.8284120 3517186.1953900    2118.7654916  107000.9759198 9677939.6261623  125699.5165472     309.5301693
  60250.9618639     690.5680075     426.6177563   51237.8177017      28.7952226    6570.2586845 13582284.6735997    1187.6893386      46.3694348    4878.2054058
2378775.9345929 2449448.1840063 1912830.6838207       2.4206799     169.9501044 33485168.7262427      14.6456331    6946.8725120 1020346.4180837      15.2753533
 122109.8738713    6718.5337205      50.6664755 4455391.0682417      40.9473318   82795.7229739  450087.2205016   23237.2106159   69860.9018431      14.4717704
    336.1328399   34807.0752694    1439.2776286  125272.1294900 2858667.6591974      47.3512348 6713086.5907399    1173.1895500 13026840.9955298   57735.6787709
1021524.5937746   10474.6199627   13753.1328101     465.3761837      17.2049641    1185.8664948      71.4784051       3.4551926     193.6468087      40.3312234
4231470.1561401       7.7257634      42.6210544  244036.3771609 8753456.5302844     131.1435327       2.8505240 17394252.4993644  169778.6321579     351.1405272
   5173.6351902   42705.6985781    1004.9066189 4158717.1049760  352714.6855995 15699082.5052158     687.6699762 11799137.9956577    5786.2533660   87424.0944884
 419855.3699097 1406922.3308714    1458.4546532    3445.9916355 1605563.8701853  305618.6108111 12543016.6194264 23897376.5787908      39.2309420      88.6510543
 297736.1214090  501950.5201383   45586.1926945 4357877.8901077     132.3093393     567.1936077    7494.0212569     377.5830351   17445.1471249  170507.2907151
     78.1842241    6418.8489458 29856724.8948905     439.5462834       3.6017201 1607560.3880971    8655.2681807       4.8125868 5410463.0982325    1673.1430929
10345903.9803409    1606.6903218       7.1799552     118.3755615     678.5221663  530678.6624926      43.2298419    2598.3277187 4073648.5151968   14364.9583848
     11.1248446       3.0074478  251366.9113747 23711108.6323126  941085.5228398  669826.8696110  151687.2580121 1117671.6987388       3.8917711     163.4107587
 211389.0122188 3670944.5976295  149580.7424097      37.5470348 11630445.6185447 6724934.5804709       8.4578466      49.5908106     194.6357259  432363.4052236
3234160.5749467   30147.2189116      55.3876988    1994.9782507      19.8163700 8491032.0335053  667654.6712700    9709.1683598    3784.2745267      10.1838409
    401.2085529      14.8788084  897849.1325270   17284.7121826      87.7092536      83.3360111     152.1717497     340.8388683    1265.0013093     282.3174271
 162416.8140994       3.5844875     469.3913866  484791.5236376 12958466.2956960 1260514.4305380     109.8833531      96.3338715      47.4416760 4751464.5551147
    104.5853157  600720.7455913     153.8300510       3.4676643  398092.6754063  352886.1871808       8.7848562     458.5166111 14213583.2095775      30.0809029
      8.4569611   39525.4238981 10645620.9549785      18.5157282   10171.8540598  174877.0130120      34.8699945       2.4120126 5179549.2832971       3.5939006
    144.9085401  102156.1661155     232.1301971       2.3505238   28741.4261000     334.7672716      24.8700497 20810372.9070306      31.1106025  359006.5368216
5448322.2125008 3198940.6095694      42.8781160     102.7792207       2.7145316 10719477.2324266 5131354.4032083   40096.4823668      12.3361793      35.8778995
  29471.8275088     131.5773511     294.9085823      34.3847363      46.8572785    4457.7738268    9654.4298248    9932.3360011 31994735.0760624      17.2712382
 580959.1992975 1085675.8061886   33623.5019310    4407.4128473 5698849.6335198 1924864.2290736       4.6170856 18126663.6418445       2.2597410   27653.4701812
  27332.6857222 2133975.1640176    1203.6378213       9.0944151   31882.8828855       3.0236699     822.0590745 26282574.2192203 3781934.2975876      25.2799517
1181203.5258812 1446290.6379194 10164058.5759015      83.5879101    8052.4907777 1901436.3217161  132534.7213618   39088.7936634  102653.2443214     105.7405047
      3.0587921  417140.5909585     459.2079498    1054.3698351   53334.6427788  111908.5715218      58.4679302 1857276.1499176    1116.6478168   73317.2881413
19190300.6149390   24068.6840819     783.5423280   59281.0183187    8440.0441684    3709.5537945  390374.0517191 9557776.4896675    5802.7214732       8.6789687
  26098.6101683     117.6877642       3.8633968  988831.3511707     186.9408022  822520.3403824    6732.9107899     396.3033592     371.3435736       4.0238994
  14518.4124408 1782211.7704666       8.0751466      12.1712795   13327.7187852  117589.8027301  209110.1863845     366.4114263       3.7494179    1977.5646065
     85.9282198       2.0374377  179945.1550714 15115244.0527154    1339.6517086     295.5303125   20032.3423506 2859695.6725083 1107763.2809030  177094.6273986
   2647.7848649  194635.6526659      72.7365418     225.1343695  832848.5590900 10468295.8882031      47.2154818     275.4256184       2.2176726    2623.8942963
     66.1230663   86128.0042546  267678.3953199      14.4266572       7.8432743 7063940.0567545    1297.6900399   14279.7582446 18204572.8975365  609512.5044521
    449.7461566       8.3419417   14916.0343125     536.3424491       2.8688046  745400.3640405    1207.5097448   26832.7556286  576846.7394038 12542643.2338552
  53074.6793039     379.9085290      12.4825103       6.8402702     408.0433366  118961.8394606  210527.5558092      63.3482544       7.9288000     322.2989931
  18076.0199823  566639.7115376   13417.0110550     236.8139185   64647.7867189     163.8327222  103885.1520565 2418283.8924332   82651.1738392   24409.5022399
    331.1659702 4320146.9578588 27860643.2800727  828134.9449132   27889.8505220      20.9765278     376.9675522     894.3053188     256.9751963    3333.6052317
  51603.4680128      69.0682216     127.4894541      12.9206935     333.6348399    7851.5331950    6914.3927249 31174283.8915094 24505555.4781052    2851.5023777
21067195.2922762      70.7937307   16235.9171928    3775.4883424 19576418.8750550 2198715.2643052      70.4987706    2996.2420316      32.9783501   13290.3644911
1080773.0539660       3.6328444      48.2552184 23060709.1915577 17479194.2352422   21001.4281613   93079.5951889     184.8527048 15122423.8183514  138027.4182450
 131380.5225571       2.4057388 2907356.1806036  839883.2368247  177588.1664583  449749.9241082      27.0534033  311873.4615883      10.0118859  256177.9454775
      2.0895077  810773.2129883    7118.5734183      59.9332536  371220.9861338     381.5422898 4856959.9517596      40.1020645 12072454.6047729 20626612.2368363
    316.8477273 3406062.7724336 2429619.3161386    2337.4261066     848.2970816     219.5642496 29983860.8528820     140.8508683 8967126.6665454    2486.7489122
11461148.5866228 2298523.5560070      26.6979269   28188.1368805  146859.0200104    1709.8923018       2.1690286     448.1854224 2302354.8122257       5.6874246
     11.5520254  235096.9531540   10367.6293478    7945.9488981    1000.5886340   45840.2343795 2835654.6422353     200.3187084 2536262.6205707    2046.3817186
   8327.2031067  373554.9841464     147.9864198 9111682.5110655  236202.8982658   59241.8943931     187.6905359  212980.6670398     144.3226539 1583696.0994075
      2.4205568      31.9313899   21438.1936372  279937.2584117    7228.7761165 4394988.7309177 22460372.2291610    4521.7001856  707165.0786901    7509.6565446
 127697.4933343      84.2730549      12.3719518 23664391.6984811 1545745.9907283     230.5929793   34156.7058933    1114.1354534      37.5857263    2123.2277751
    280.6264260       2.6371480    1257.9329999 9002611.2457761 1925506.0280046   28090.4891170     401.0184365      93.7237697 16143723.1953700   23998.2631846
     74.6736469     126.9018443 17133408.6011015     106.2662159      11.8034616      42.6681175  686735.6654577  264029.9643174    2917.6805002 1086538.7305539
  10962.6169374    1946.0807613      14.1096126 4864518.5066884     195.9357912   56668.4200725 25962297.0037494      46.7220778 18803681.3642884  103923.9641241
     17.0247123  755070.3314396 15043309.7274212   23278.8665175  188646.3674097       3.1001738 27978522.6906315     399.7546141       2.9766523 1388927.2567795
21503396.8594863  426481.6780124       2.0931263       5.7384149   33282.2587146     532.6937656 4699264.4870413 4102479.9851242 27263242.2780885  296971.9733111
4327819.1880895     407.7674155      12.7131254 3573084.3434271     311.5548469    2140.8606181   92986.0174149   47065.3994780    2198.2717510    1232.7053521
     15.3945203   14389.0649480      96.2355704  567943.7113604  150238.3939239       6.6173205 28066628.4754513  870187.3107444      88.5132350       3.3353257
   5716.5299247     707.1235513   17759.1632091  116658.7447367 1150058.1482238       2.5054406  289477.6286886     272.0136400 26761614.4296994 2599497.8550292
  22375.4386673   41660.0355215      48.8340712      86.2252276      25.9257942    1073.0675183      12.8788392    9881.7404469   82007.6530550      15.2749640
    613.4120147       6.4457539   12574.9800828   99813.9929350   55929.8714126 1517083.9675882     100.6769549   58508.7268163     308.2344836       8.7569286
    320.9656991       6.5548165 16844579.3376848  358588.6845171      10.8157409  958529.7847126     700.2511524 7689420.0864138    7600.8151525 4036365.3975399
     78.3963768     899.2732982     893.9724811      10.0643658     492.6251309  116747.7557919    4695.4372405 4500199.9524154     177.5505960     731.9820038
    412.5722461   19372.3492203      45.7996915      35.7002560 12260939.3841734    1052.4566751   34885.8710871       5.0059714      20.8300143       9.9355873
1473457.1050601      11.1233757   10746.5435620      26.6095010     206.7297388 4759729.1853616   73133.7826541 18332561.5219298   43032.6711598       2.3431888
   2013.3525904       2.9051288     371.0896294    6034.4155665   28745.0154748     105.9768154   21602.0091954    1426.3212279    9139.9623061      52.0998874
     27.1341656  565202.4455501     484.1658424   90191.0478048   24338.1909778 6307959.5636124 4610228.5086528    3179.6970629      60.2814442   73865.7016414
  79797.9137438  201165.0403216 7198958.9725295  901484.6951205   65853.9547158   43937.7779291      68.8897227  101616.0446008 1533082.7064336 9216193.2682546
8386298.1428593   22636.6263388     150.7501281     515.9684222 32328355.2326155   12540.8448063 1569376.5830732   41143.8308402    9193.0590735     659.3728925
  15355.7640538       2.2371050 4313595.1782777   22783.0860307       2.9954115 1629721.3559820      19.0076119       3.3295536    4377.9801540 17438355.8324940
      9.4921965       5.9560852 4553213.9770230 1718750.8508482 1679110.9531434    4796.0571927    2452.1138854    1579.9238735   32164.0400575  369520.8040728
 927513.0509822  107589.7042939   23157.4367422    1907.4408408     409.5686526     233.9322617     275.9458238  171288.5022287  644842.9764148   41559.0451667
     81.5002971      50.7550860  680609.0694550 23540663.6221866       2.6060036     125.6751332 1059908.9615841  313904.7090353     119.7198848   20416.0641345
  34019.1402012  325708.6794653    4476.5421936    1682.4679608     335.9790112     105.3768246       9.3183892   92759.1061882  137558.9768628  184881.7600907
      2.1074484    2932.8199320      15.3618574   12753.6631065 23953794.9530674    8094.0624402    1018.0547977 1516337.8677859 19770342.3524365     237.3646132
1266136.0058727 31468269.2433561      12.8507598   13730.8803906 1508452.5736763    1046.2851733    3323.7326609  532219.3477355      10.2696357     804.8807939
  23640.1263661     105.8629757 2341319.7138524  682478.3783017 18914927.4919611   12008.0461005      11.7663242 11690299.4817648 2128880.8084380   17151.3660218
2203330.7628677 4688132.9879422  809093.7188216   26802.7878744   55768.7500326 2520670.9743964   62570.6847305      62.0568697  198079.7900971   13953.4088835
    159.5571461       2.0263410     100.5623369  147014.6856964 4432486.4566682 2007351.2614620      12.0802404       6.5296221  635800.8788432     228.4921721
    183.9631836       2.0676718      10.3025978      19.0844954      28.3375858    3298.3446995 1523818.4033294 1477938.4613115 7506718.3321106    3205.2227954
 263793.9936752    6746.9456966       4.5827748       7.6229764     119.6449791 24715649.5570666  199497.8264484     172.7069062  253270.2099289  119969.4232037
      4.1095028     817.8554283  778032.8809778       7.3847545 4902950.6257207 10624113.3626930 2912955.6329257      14.0945206   24224.2362621  258792.9423511
5205199.9704594       9.8397707 1565827.6883528     203.9952798   38031.2373731  317214.0232707  821818.1028219     269.0921278   48882.7197085     238.7486857
32627882.0672229 1533221.3802605    1958.4139040 4493513.3447565  391873.0307771 10255726.3542985      34.7431501     269.8549083       9.5115484     396.6010702
   1135.0394530   74507.6505588    5100.6964123  306187.4315982     176.2359949      35.5890437    1096.6918270    2924.4599132    2242.7259530 7967371.8564898
    177.2458993     698.9481687      71.7562128     972.9030747    1311.0703453   28729.5817720     205.1818754     149.8957225  313362.6007141 7530368.2246052
     15.2456280      41.4970046      18.3109086  173741.6824068      70.3381042   46654.1720478      57.2931055 1618440.2214756     384.4284170  137665.0060353
     23.7458831     324.6385981     280.8770010   77500.5205995  166035.5506130 2556905.6867848      42.2337885  623622.8839352  278350.9834166   21336.7665020
  99603.6970062       8.9375690      23.0232497    2011.0333580  275729.9619029      32.6205212    1292.0976063    7916.8066026 11388681.8938626       5.0096505
1951537.5380400 25781561.3564156     170.6081463 5388212.3969626     250.2460229 1184773.5905505    4201.1740238   41551.3454694     102.5381556  185718.6394961
     23.7266545   22110.9896092    7454.4920394 2236705.5305314    6018.7341108  934310.8133598    1559.7113688     335.4008192  973925.0817352    2110.1682724
   7762.9294938   29649.9232897 1670649.5582919   31688.6678391    1719.0903611      28.9217688  236367.3626511 4809940.8422766      12.1349252    4669.7688353
11292426.0027636   23562.7453362   17391.3745088       5.7494071   14737.5012088  107129.1295263      22.9147445 16236681.4870925      52.2594127  147896.0345641
    191.8969115      12.1454161     153.4494100     519.0191661    4556.0411229      98.6710285  360613.3496664 1357561.8039756 1036590.2547849  296560.1370432
    177.4708057      66.3022987      12.2871624    1468.7228153       8.5409667  108651.7401839 14563905.4565492  575796.1966788      13.9810562       2.8119091
    525.4216781 29804519.1535271     364.0422160  425909.4370483  300437.4303191   27390.3929814     906.0867574      63.9280267 24057463.3421701       5.9854117
    101.7909893     340.9903951 7446238.9561823  285051.3507798     165.2978793      30.8678110 4595969.9185381 1086152.4486008       3.7876378 4505389.0055525
  35377.7306018    4042.1096076  147713.7955111       3.8547229     486.9766821       8.6527698  173827.7821449    1501.5961752    5772.1705109     248.1863810
 991373.0279345       4.3358185     214.8246170   36975.9779006 1022170.2367564   44403.4471934  378971.0315196       2.9580982     138.9253576       4.0283869
   8193.6898163 28008611.0768151       2.5048639    3063.7798506       2.1657610   53577.0253805      42.2420934  282091.3321057      28.4738227 1937568.2857463
     61.7460922     700.9610992      92.6605491 1368750.2702041    6967.7586351 4113697.1079610      17.4126436    8051.2364796  816292.8050156 24547011.3956669
 146553.2589697      41.9915843  616846.0442470       6.9222698  648406.5456310 1913212.3016996   21936.3091311    7257.7161337 11672887.4847222       2.0032283
      2.3450285     132.2234410    9003.2809092   16046.8178390     962.7505130     260.4879823      57.9531958 1210159.2381031     383.2520530    7227.2528485
1453380.8794301   53107.0075540    1791.0673937      37.9414086    1492.6396051    6405.5364793 28689713.4230104     226.0787873      31.4579387      78.4560243
     67.4252128       7.0868503     865.7368521     228.1148560 5171427.0371604  867335.5026059      12.2742159 2790483.8939404      12.3836660  319395.8235751
  27512.1859238       8.4761036 6946586.8562619 4164166.5964839 2498172.2994763     935.5147064      81.6190434 31980290.6880699 1607203.0446364       4.0308270
    995.0802500 1475208.4745254   13135.9481877     122.0340398 1070097.1367345     155.6352511       2.0132985      93.8089752 30050526.5625639  110127.8648564
     78.5769862  181216.2553643  183635.5125540   85156.3491204       6.4673039     113.8617058 3913675.2769355  406749.1098963      32.6177225     287.2468119
  23256.2149351 1870118.6631851      56.1958369      10.8525867    1147.9573682 7807792.3940062     152.4639620      12.1198880       5.0722687     694.6263558
      3.7400218   32605.1923327  144565.4672833    4245.1686658  452263.6401983    8332.8780187  237318.1473883      92.7568384  479342.6638588    8418.1811981
 249529.6831183    3375.1758803    9042.9303078       3.9912604    6857.2907304      21.3313010      21.4053620    2703.1196584   29108.5419450     601.8118418
     28.8759832  454477.7082209 18159205.4904199  399383.4051564       7.2077129 2378788.8617473       6.1489378    2839.6337810 10275513.6976036     159.3795244
     16.8056697  642675.3128366 10232071.4907031     451.4561631      95.6036867      41.6328793 18202743.1379473   29312.5575896 3272828.3889513     337.8595126
      5.1140786    3798.7273248      62.7108123   11234.1857663   15411.3246937     267.4114100     332.8880272       2.9900469    2179.2988516     436.1092945
  59796.0682583 3255197.3956503    7248.0167748       7.9172486 11095958.7988135 1383457.7976037     874.5831574     490.2907946 11949259.5747513    1022.2016951
  78437.3539361 26294616.3998714       3.6852292     375.1031259      93.6792309 9222778.7602105   19179.5537510       4.8875956  572119.8946606  175123.3232763
 121633.2791901 16065812.3845638 4166597.6724919  553427.8206211      81.2323741      19.8677844      78.8653716      61.0634275   25375.5082755  123405.8923549
  12926.2886227       5.1066791     840.9651928 19615051.9230559  211790.4203635     938.2019629  142344.5337099     164.5785669       7.2574440   13066.7373936
    248.0451641    6037.1230678 6571859.7854628  102251.9479537  336362.9447483      11.0201855    5840.1676100    1668.3489637   94274.0982967     239.7925837
   1171.0225102 24468172.3375955      13.5052985      55.6299041     106.6771919  215854.6745469  286567.2450212  934683.5500037    1132.3192008 2880082.8916378
 218355.1375282  284533.2134143 1736471.6946147   69957.2772613    2246.4993800       3.3384339   40089.4754136   23662.6768519   43822.7535635     430.0865630
  20412.5308295      34.7695214   99101.9777723       6.5894743 4199689.4251999      72.8729154     265.4450989 4931810.8806944 4838774.1109654 2202046.0178257
    460.3077127 6610240.5431010  753503.7146862  113630.5742786 6336583.5495647  909778.1965438    2342.7515045     440.2335783    1401.8101951       5.5554035
    844.7270458     710.6761434 3588595.0465767 5267917.0159772 18147281.1824664     470.0863382  204208.5489982   74947.3802298     112.8802982 3858752.3672537
     70.4460045  504724.3147573      22.1914872      11.8242088  320004.5833251   12692.0262089    3169.3690644  837850.6793843     781.3583078 2925781.0199254
17883675.4266193 23710320.7835540     202.6817043    1992.2305172  345957.9632577 5836946.5084556  275456.8171797  600237.8568679 4823629.4295296     895.6291758
  16625.1368933   14608.0846899   95418.5356053 5867901.0536720   43836.9385340 20349992.1923147  389497.1683548    2001.6802185   31593.1253858 9215932.8740646
  58819.5943501  269193.9539453  119861.4968571     536.5298150      58.8935006    1767.5203407      24.5640297 1866630.7613814  271586.9671578    1579.6054617
     34.6116234 4250449.9965579   82810.9396141 31710728.3694536      10.7506304     117.4872686       8.0429147  480375.3571137      28.4391694 4685685.8909402
   7109.3829692   12660.6363943       4.0572071   54625.5112837      88.2029460      69.7488799 5881063.5691564 5208080.7113660       2.1830791 2061545.7253491
6605206.1597384    9993.2885313  110078.3811691  704800.9847346  179119.0671303    4149.7078964   27801.0849916   28083.3293702 2427655.8414023     109.1827389
 591260.8347971 1478897.4988518 1146477.5447609 1369281.5160153 1960405.3213732    2077.1332172   58222.1967837  572093.8807647  728401.1448095 16853103.4737492
22165408.4835706   24048.0152003    4633.0214608 2175035.9868775      77.6579746  688718.1382136      48.7820465   37616.0719424   48441.4677802    3113.3482956
3525058.2511571   16886.3800328    7258.7884831    2098.3145625       5.6310517     826.9103049       9.3668801   24412.3573282   84815.4316269  704760.8718454
  74288.2361807      44.9253589  526420.0155401   18466.5355329      10.9441547       3.0227228     287.9967293  193283.7335730 10968937.1942617 19217706.2519318
 667845.1679558     262.8289633   62417.3292207      93.4619389  530343.9994625      31.5771423  583870.6445601 3770007.5298772   11332.2953398       5.9596852
   3500.6533655 2259992.6862009      39.7825454       3.7984675  393129.6872079   23379.8388558       4.0263010 26094570.8052204   25959.5418153   33777.1539318
1018319.8912259 6642210.8810424       5.4946122     659.0833091      55.8004447    4587.9589243       9.1592572       6.2076989     298.4501968 6833940.1696727
22338166.9604475  658708.5554874       2.0248035  409974.1160507       2.8834984      33.0270538       2.3822688      23.9018100  185380.8383577  235996.3479077
    959.3129744  383423.6445719 2645851.9935227      17.4914786       8.5609778     972.8779095    1655.6790272     198.5971731  561932.1672173     422.5179471
1207392.6439815 7673219.0108957   10195.0143176    2532.1176312       9.1786072     189.7893584 5091105.5626016     119.6489719   61510.5086183    7539.1047414
      9.6126944 6290942.5362002       6.1752604  165544.0704910 21059317.7016402  266720.8311722     452.5110748       6.7860121   30865.1060764  398551.9987256
    782.6941261  105730.7386124   24802.4290146       3.5272749 8969939.8064372    1112.9239396    1101.8000025 2604438.6434443    6306.7002413    3629.7414257
  83910.3509606      67.7669990   13117.6041552  135285.2086542   15614.9550899  264016.2676880   42197.6725372 2398552.8683970 4495650.0503825      10.1833538
    147.6723455       4.9648417      90.0968540  323185.0574554       7.3874976      26.4073625  740653.8180839    3244.5535387     249.5002939   89875.0289959
5115776.1569371       3.7386841  203442.8804338  135245.1540628 3733999.6621184      52.4521120  282330.0388735      11.2638381       5.1302622  165802.3376722
      2.9144692       4.1790590       3.6983264    4607.7675071  597619.0709254 29470768.9634568      86.7375457 1061097.2141530 1112906.3304080 4006261.1164643
    372.7704699      18.2547667 1140186.1248860   25164.8103363    1980.5621292       5.3051747       2.2304967     383.8937120     182.9126252    5470.1590100
9416012.1601948    2048.6071891     240.3866390 2556815.7999373     330.1085778 8238878.5144415 3458905.6697531   82474.5005704  504398.5650310      27.3932226
  45355.2671847     461.0868825    6785.6593234      84.9917554 6567825.0353328    1880.3827720    5562.8838841  325808.8056067      15.2710093    8620.5318523
1498973.9894828  156543.5604960     421.5667945  272513.7539592 11274423.8022959 5828243.4904704  460753.2818041     167.3155882     982.0806983   21649.2602224
   1132.4043842    3923.4978370 1081515.3108790      11.2711528 21412024.5700244  246436.6987470 3535465.7218440  888074.5688072    2651.1620190 12894633.5762453
    134.7432517       4.3167997      10.0218540      56.4021763   15694.0803630      82.5079518 2167648.9131360       2.3361428  489728.3845081 20037340.9614384
    170.3545967   64257.2738389  291818.3822020     460.4746836    2693.0731948  404509.0085520      17.7236580      21.8333765    1030.9450665      89.3761034
    330.3092247      24.2779792       9.9815609 8293885.7701857     630.9762108   24545.8271220   17963.3693944    3587.0475529  505619.9729306     497.2525559
5609570.8148212       6.2022743   28473.8553331     563.1056620     851.3498376     320.0934759   45895.6941412      98.7555763     267.4914174     231.0193961
      2.2393665     967.9872448       4.5112787 4151004.6013763  328092.5145922   39990.5224491  473524.6618476 6474143.9411215  206842.5572477   37074.8082608
     15.8040438    1675.0444170   30464.2575102   45332.7097380 17473533.9709457      61.0537373  123626.7880349     142.4487721    2085.6333185 21042621.1928578
    493.1416632     825.1748090    2997.7051285       3.9340818    1515.6130209   59295.8036891   30025.8961447 4085002.3196711   85787.3548171   21129.0850055
  85021.0095714       4.4161917 31457754.6836327      24.9493448    2109.5583561     271.7309870   29597.8643004   22064.8843124     699.7732870 21638649.6512300
 535497.1376487 5368891.0956573    3901.5851976   42812.5494011    1941.3958774     315.6373168   12514.3323012      47.9419078      70.4457797    9802.2555214
      2.5182994    3307.8786810 31762389.4353092 1756645.3791568       8.0169480  109560.4528228      85.0023205      14.2307565     660.8844804  156088.3817383
  19061.1752385       4.1557358 3096275.6070509    5643.1327257 3097406.7028289      45.3709284       8.0534022   10684.7970807    3845.8103687       2.5200731
      3.8490707       9.4951320       3.9347160      37.2130728   28781.7686138    5564.6023468 23965797.0970154       6.4876285 3697132.1219888   30246.3780343
4298533.4344352       5.0529526      10.4084585 3440706.0812321   26417.6887983   21676.6054176       2.4833783   87322.5898637 2661757.2140059 31460288.9670472
   2685.3882617     355.5274407    1680.2821579      88.8070504      86.0060375    2716.3367099  176455.9065710  118760.4489103  762175.6744128      73.6979464
 367899.7293949 1113053.7699096   22907.1243093    4627.7543138      27.7958371       4.3315051    4488.3564732  106703.6443680      68.6463733    1550.7931120
   7876.3375640 15846874.1888074 4368428.9214473 4128515.1111342 31709525.0333925  774485.5493653      58.6247140 2338733.7131658      31.7780339 5301943.6726532
    558.6942269     240.6298708   47953.6163602       5.4819042 7152995.9325567    1132.8151588 1019617.1411395  271979.5102531  244513.5889370   14096.2911323
   4705.7607272   92013.0182306  198372.5626369     101.0998248  558577.1371773 11690327.7047468 1548396.5239626  379734.6314987 1728468.0816418       2.2453153
     36.6509101     591.1993350  398559.3957078 23415474.5421117  394336.6619634    5775.9013557 9023423.6184285    1071.0271684   86509.7536389       2.0506870
     39.5232332     269.8718060    1250.0370689    4198.5986418 1140512.0153354     210.2983930       7.9110985   11689.1546857 24523264.6715706    1571.8014971
    144.2658443  812605.7067817   56033.6123659       2.2675904 26673845.9735149    6812.8596829     314.4147089  127651.3459135     231.2739155    4466.8879516
 102389.3198926      15.1912497    4748.8255187  409907.2104787 17398178.9041838       2.8547172 2067564.7097406 12192616.9811404 26502547.1732890 11928912.9183138
     17.1725668 5038226.8617488      25.4340818     804.7476050     813.4368416     210.0879222     731.7980963   16751.9051214       7.3840299     988.3458138
  32705.6698875      18.6614067     113.9068491     363.7234120       6.9106070 1368893.7929335     159.9568924    1851.4299125    1698.3390453     318.1702800
     16.7456344 5711447.4294443  167462.2454003     169.5298004       9.3071680      15.6043936     198.7035218       4.5222586      22.3704866    5407.3616816
11566953.9663498    2735.6266930  265687.5146117   26383.0142120 22600642.5496258      38.7753788  437378.2638834     680.1742958 28990773.4076366     707.9391952
23575685.4390937 3288309.6474258   41639.9247050       3.1574305      43.7972744       5.1204926 1062537.4629493       6.8439348  961566.0646062       3.1840089
    139.5801593     282.4792880   23996.8225485   23001.9708017 5155293.5572277   80519.9447030      29.3459342       3.1337173  639941.2554691   14803.5046652
  30301.4579339    1962.5601400   36498.8177765    1704.5238531    3319.1951327   38318.4415040    7212.4227830       5.3460798 22806678.0862818 3014115.6866297
   1096.0174615   17763.1057159 10984636.8485702    1500.4382184 13388999.1479418       3.3211218  488902.9326263 1145986.5375714      50.2845294      30.0397855
  37273.9180519    5843.4354407   34564.9557480      18.0572504     203.0497829       6.3737245      12.0580219  299680.2040532       3.1029639   15843.5469292
    287.5983824 3764260.9268904   17329.3876942 32213132.6206480   22627.9987330   23015.9681777     527.3294474     133.0475760    2447.1253058      87.5605134
      6.5026338    2354.5401341      11.7452884  335255.0528226     286.3144526    6978.3962722      51.7683623  165886.4144761 2011482.1758436      78.2361170
      2.2774321     129.9401444   68474.1225630     352.0420258 2199809.7379409 2896222.0442994     969.9546643     871.9054029       2.6344499   18719.9629741
     26.0370529      13.0349118       4.8571670      39.4734682      26.7661821       3.6094252 25051243.9547313  114050.0881354    1250.1259325       5.6554879
      4.3889852 1307934.1098563    2267.2304783      12.1109956      32.1962178  164151.5429639    2441.6139899      10.0102005    1358.9077803       4.2109321
    181.6008247    8622.6330080    4038.2174129  714824.9686358      28.7507555    9681.8140725      21.0631419      46.6844497    1829.9220622      22.6384299
  23104.0895824    3890.0248936 12806028.4637096  138533.7258773      11.1225345   48663.9069380    2176.6624636    8278.5785208  109406.0500820      43.9330384
    791.7097936    5910.7075316   55292.3071746     231.2599269    8578.8165869     205.8010753   27314.0665736     594.2580353 2310643.0981879  180533.5368022
1575160.7649395      26.0264316      43.5514135   16638.9265977       5.5541195   15429.5080203     535.1976713     441.6941324      91.5492739       2.1621727
 184052.8170063  549114.9329486     555.9463989    4957.1212955 1153170.6361330   95236.4177298       2.9311689     225.2431857 15713224.8777579 4803690.3621313
    447.3408899 7587606.0396829    5793.4297247      57.6660100     182.8840940     110.1683491       5.0413529    2878.8295759 6861008.8682818   12574.2012676
  17450.1927264      87.3048952       4.3277583      16.2165222      71.6560507 4083690.1347764 27632957.3369588       2.6877333    3190.2171791     929.7731660
  15025.5015079   56916.0391962    1452.1696277      42.5987012   33843.2828800       3.4800848 5751329.0909269   90514.3641231       9.6401951   19255.7227803
     17.0935922      14.4370109     165.7854561  649873.4293298  221554.5916568   21806.2069898     139.6274564   11027.7466534 10428467.6306350      43.6424707
 403155.7495805 4002276.8118713  137297.8017491      59.2480615      17.1481842   10519.5968291      17.4771295 1847060.9205811   12139.8980802     254.9673138
  25444.0658122     152.7784374   33393.6208589      95.0713179      76.4926515   11145.2855417 2171075.9986091   91058.0214093       9.5836671      18.6052750
   1320.8164697     407.1883934 5493501.0195628 5499982.9343744       3.2847383      66.3730887    1278.7026519      37.6086830 8675239.5122099      46.8626062
 401673.3100615 16386168.3332771    5654.6933940 1525936.0178567    2481.9617473 1506513.4453136  636924.9719747 17135530.7896949     540.5934267  690971.0338216
9108785.5909660 1440881.6293020 1528939.4112896 14197737.7082294     251.8445438    3026.6736854      11.6752377 4356599.2043397     608.3610047 6936983.9981598
     59.4078519     671.1723936  194782.5703931 9275261.8367367  186744.2520376     572.9416594       3.8934336     498.6961378    5510.1101077  378413.2947087
5718027.9430197       2.2213196       7.1682805     217.2139745   14815.8555054   14856.9912432    2362.8682993 4842424.1822855  359703.6019951      19.2005099
     99.9595350    8947.9441256     832.0032212 1390219.3040774    2140.9759455 12608570.3934533      41.6128324    6152.2545286 5777191.6258787       5.9697271
    208.1615672      58.3455293 26063115.6693459    4847.0463238 5221770.2529538 2953941.4961036      11.2764887     674.9540624    7753.8245884 4475076.9519522
24811362.6018686     543.7404336  892050.7605068 3199058.7770276     215.2669447      54.7299430   93892.8903747   23811.0561501      26.1694809  460276.3372504
    799.0957176   46733.7274325       2.2281268   36926.4971415  397949.0661758     628.6808920  612315.5368829    2430.9136090    2283.1364965     290.9169009
 451827.9685022 8447170.4569822    3179.1596041 27022008.4554792 1194276.6840700     354.5010235      96.6385670     783.8664656    1677.4602500    7651.6701652
 234107.2058715 2382360.0471718       5.3434685    3752.7391251    2454.7176215    2314.9702661   23628.6588769 12326359.5565664     486.9784046 14356845.0382612
    119.5294403   18327.4781522  285201.1086729 4605481.9389256  888349.9297648 18983862.4373474   19181.5869780 6957955.8834116  107384.3752794      33.2721297
      3.3307733  627272.1749258  157269.7557627     242.1107217      11.6672990  191508.0238292  519534.6223482   21600.3674627  127992.2313800    1660.5708547
3616343.9548831   14043.6542439 5834351.3569667  441798.6000267   11990.8397033  316483.5839209 5099429.0525080      50.8533476    2548.3032292 3232959.9607593
      3.3216792      18.3025451    1696.4757824      12.9655900  352593.9760103 22067807.8845970    6829.6577316 17325814.2822629      19.1392028  229899.2438267
  32510.0813072 1049743.5547457   15337.9143315 24014911.0558193    3001.9136409 14671738.3907213 8616583.5838247    2308.7114388    1848.9951749       2.7870320
   3477.5576400      55.1710789     534.5626456     219.8505029  139002.4918389    3028.0341992   43417.1229152 2484359.2520450 2077659.9490815   34003.0426048
   3046.3684472    1562.7227950       6.5298564    4761.3914836    1632.6813937      57.1521801 1260355.3221789  221285.8183943 22288477.4394405    1219.7584047
   2056.9086742   11375.4663274     713.5758393   17389.4160415 5360963.9450264  379164.7392266      62.0899040 1207564.7428242 1114058.4629407 1186419.7179864
    388.9022295   53633.1176263  103192.8556614      14.7782148 8673645.0177682     913.4985093  188087.0984538 10186259.9542259  150242.3403814 12057754.3347081
 224846.9468547      34.3107670  369120.4692962    1707.0428229     400.5279305  872932.4582689 1028235.4658263 14367267.5872606      58.7471551   14105.2434611
 757527.6417759   10752.4130932      89.9389973 31025841.2181041 5322513.3977290   29561.6687523   15426.7588505 2342190.2461097 8109691.2144960 1668417.0573284
   2678.9178268 3038557.4858115      85.3032003   16073.3787748     378.3576820      14.6337529      22.5067660 11687926.0905584      51.2620144   99185.6027709
    106.8103610   12514.1245328      17.5721754     247.1029296    1565.6963413  255027.0197926 6471543.6563737    2496.7768450  287206.1757368      20.2251017
     10.6575343    3455.3836090  624416.7027821      94.2726134 1402129.1085485     133.2309684       8.0625122   10169.8778924       2.0327988  261185.0779350
 437044.8966628 21527393.4410690  123654.1012378    7440.5905859       6.8067193   14493.1206784      21.1697079 1253326.0070569   29076.6292677      69.0678162
 256628.9296283     509.2405334  136482.5608319  857172.5446767       8.4434163    9780.9243701      11.2214304   98448.1269794     380.5518386   89155.0297337
      4.4855683 3671437.2923717    5696.3501710 1082005.5938337      86.7798072     526.1643943  659310.3286826 2929351.7271913    2878.2431451 10529808.9150242
  30802.1443978       4.5263230    3739.6100141      28.8320420  393986.5150985     646.4809420      56.8174962 2454355.5299077 1619494.3039546     607.8285290
   1648.5100761       5.4808340      39.2122689  414798.8165043   24612.9227202 1772909.2773899    8350.2423537  705701.2188668    9661.5035771   25419.6533148
     43.1363183   17146.4773003      56.6810889   20871.6947626      21.0331016      44.1468851  670470.8317009       6.5037436     931.5746002 4400001.1009068
     11.3458878     786.7040313      13.3156304 4303199.1598391      16.3326922     138.0772846    2234.5249845  128031.9568574     618.6276167      69.7460673
    996.8568514   26700.7200533 28769411.7244787     462.0689125     827.6517666  253152.3038367     288.9060477     672.2328830 30726618.1142504   46418.6546989
1945162.2677812       3.3869262      22.4986304  361962.0854383   15868.2421092 31012535.6990256    7617.5525221    1191.4418657      50.7373417   36712.7781255
 691324.9543252 9546500.1597843      19.7395860       2.2881128    5677.5458695      41.9541631   51351.7804003   60576.1937388    1821.7691513  156188.2429480
     55.4107373 1389339.2899783       4.6208313      34.8886195 24300045.1342766 6397391.3320685 12311442.7915972 7316199.7817867    3091.3318082 12123462.7267592
    103.8187429       4.5578185   21237.6687058     367.0125643   13968.1718535    5108.2225567    6187.6583619   26283.3346209 9389485.4174154     101.7313021
4270352.0434737  400668.7311262       7.4697415 2170054.2276696    1492.4392013     532.8976407       2.0131185     119.3723142  186745.2985266 2821719.6819094
    110.2922237     957.1189962      24.4228576 1276713.9910248  302918.3314819  230032.2316235  160532.8006396 5569359.9157093 4793818.3686436   65938.2676210
    243.9904802    1634.3110191       3.2377105 8363157.6959589  185202.7009289 7282991.6716795     304.4562862 13400977.4315562 3494726.4972392 5037603.7583202
      2.0047077    1062.8816539      15.3036833 10972506.2430085   10290.1333682    6860.3854559    6590.2067168   26377.2332329   17176.8781798 8450824.4261553
4902985.6777360  918717.7794446     429.1850637  929759.5382444      22.3848602 3280373.8337337  768664.1184616  807560.7423705   13204.7435683    3576.7877647
     86.7718886 1391564.4037264 19036940.7252769   16900.3714229 6595172.5248697     219.2465920   11006.9415769     469.7997535 29276257.8402294     128.6760410
