   4163.3483200    7194.7928780      -5.5687131    3023.1990803    1456.3858047     925.7301047    1879.2001355    3463.0277120    3965.7563868    5379.2910504
   4162.7484641    7220.1694804       1.6518257    3016.9557699    1469.4680630     944.3884991    1863.8037033    3461.7793015    3970.6764455    5384.6448416
   4158.7948650    7199.7515072      -0.9451942    3029.1919582    1475.9487423     932.6969685    1865.4579870    3464.4586821    3960.1307629    5400.6960216
   4175.3493452    7200.2640061       6.0289296    3022.5700092    1478.8752020     938.5841159    1884.4578678    3441.6423071    3953.2336043    5383.1226814
   4171.8204177    7212.0066236       4.3000976    3003.1037142    1464.4968680     931.6656941    1864.9030611    3463.2273822    3965.4514609    5386.1597593
   4172.0856609    7207.3454509       3.1267454    3024.5158128    1460.8522853     927.1615856    1863.8203265    3466.9021095    3979.6639211    5390.0189042
   4166.4671975    7196.8576303       5.3786917    3024.0991270    1464.1203714     923.8219163    1856.4021053    3462.5875908    3963.2034567    5400.4124171
   4174.2549634    7209.1807197      -9.8053703    3025.0195506    1474.9644727     913.8489417    1859.9399287    3455.9334159    3953.9435691    5391.3189340
   4178.6816535    7194.6497750       4.6492080    3010.2028922    1467.1719531     907.2282241    1873.8162909    3459.6962758    3967.4285727    5380.4157238
   4182.9576063    7222.9159519     -17.4360705    3035.6873666    1483.8354157     926.7660647    1850.6094335    3464.2407236    3965.8655393    5382.1281338
   4179.6445627    6857.7003789    2052.4505660    8774.9390566     279.0816953    6693.2316879    4181.0666340    5587.3639574    1402.0036882    1979.9974321
   4200.6340056    6859.6991204    2049.8171506    8782.5513760     274.6541433    6710.8589044    4175.3729693    5593.7237985    1400.7682182    1956.6665132
   4202.3333901    6874.0648004    2048.9361418    8780.1728116     272.5114845    6703.4845599    4173.2221178    5575.6780972    1398.6984414    1971.0446226
   4194.4331356    6849.2285924    2049.4746106    8779.4273323     283.7392839    6706.8104408    4194.9550210    5567.9346752    1397.4002191    1990.0297598
   4217.2284011    6849.7086562    2044.9591872    8778.9112215     287.1905031    6701.8020231    4179.8487221    5583.7002685    1391.1437984    1984.1503681
   4196.9769922    6865.1272628    2043.4180271    8775.0007433     279.5035429    6707.0824727    4175.8546744    5586.1671574    1415.4727717    1984.7098180
   4210.9917311    6863.3055710    2051.1129953    8764.8999805     279.8991248    6708.8779238    4181.1575404    5597.3427054    1399.8606040    1989.2549470
   4186.3220897    6871.7437847    2031.2029807    8763.5674783     257.3687193    6695.7695459    4161.8568697    5606.4590735    1400.6043910    1967.5881330
   4203.0889738    6846.3297646    2032.1539635    8789.9327532     280.1095537    6700.3255350    4187.1234237    5588.1893003    1420.0388819    1986.0422997
   4207.5331994    6853.2890309    2032.3250533    8805.6680504     268.4181903    6702.6867232    4166.0440386    5584.8643400    1406.2960804    1983.0331926
   8014.0558896    9700.5373393    3133.0371359    6910.8949493    8752.0683417    8939.4090899     833.7001556     398.7981306    1693.3220600    8778.3151845
   8007.4267719    9668.6495529    3125.6286180    6929.9732720    8770.0769143    8941.6349157     868.5474628     377.4905631    1694.8543235    8779.1166369
   7979.5148368    9701.9910453    3137.9051017    6912.7802629    8784.4032574    8951.9232550     854.7373751     384.4778483    1699.3664229    8766.1682311
   8015.3959477    9678.8713740    3135.5822636    6935.2467053    8766.7390041    8948.6913095     853.2071067     383.2151163    1706.6642428    8796.8586254
   8015.0337434    9691.4648453    3125.4689664    6914.5482845    8749.4827627    8958.3891657     847.9003150     404.5462718    1690.4850788    8777.0499445
   8008.3999376    9691.8302579    3134.8492836    6925.3374042    8764.0567986    8947.8385122     839.2774135     391.3571033    1696.4384057    8780.8567895
   8012.3690523    9675.8089758    3133.3967013    6920.2525379    8768.0645430    8953.9143415     840.8878611     396.4069366    1718.9620288    8766.7134650
   7999.1439678    9673.8099812    3131.4508044    6939.4546476    8764.0250497    8939.1196991     856.6601487     384.5497870    1709.5383173    8784.4777047
   8021.3334807    9676.0023148    3164.5503527    6931.4720029    8770.4373245    8945.5547506     843.1861425     381.8701456    1696.9444224    8773.4523364
   8010.2724439    9674.3547829    3140.4526086    6932.7873737    8756.8331179    8957.9934957     848.0626943     402.1007112    1702.6858591    8792.6483175
    973.4981404    4210.0083102    9593.4095941    5325.4724813    6898.3991272    3135.7304182    6839.9448703    8325.1150798     178.7663818    7514.2284303
    979.0460455    4214.3115236    9577.7953866    5331.7383392    6917.0891511    3153.4145066    6869.6209178    8334.4968923     192.9840452    7510.6433288
    981.5177649    4219.1301843    9571.8818572    5326.2806195    6920.3337780    3153.2540998    6860.5218965    8339.5322386     177.3078262    7510.8348369
    964.0351043    4214.6011937    9576.5309320    5338.9309847    6923.9218756    3127.3309654    6870.8557429    8349.4994614     183.1014018    7496.7564113
    992.0011506    4206.9459570    9597.2424778    5337.2966783    6940.1494202    3147.3009701    6847.4500204    8353.4046149     191.4098141    7501.7967504
    968.0804059    4206.5972982    9585.0751568    5329.8110865    6917.6112877    3153.4017204    6855.6701303    8340.9265157     168.6172192    7519.1227489
    978.7146096    4215.8523519    9568.6764421    5339.5981321    6900.0395297    3164.3624612    6864.6555976    8367.3627695     169.8174327    7502.2069543
    987.1406565    4223.4052420    9574.6667319    5332.5174938    6897.3464722    3146.8546214    6869.5254363    8357.2984622     180.0654108    7522.0067047
   1001.0708306    4210.4697251    9554.7602715    5313.8771860    6910.9925512    3166.3147211    6868.1119997    8325.3142408     180.5951152    7517.5767632
    979.7202915    4203.5765539    9599.4415425    5332.1869451    6913.9795685    3158.6579816    6865.1809241    8341.9652962     194.9673367    7512.6001675
   9897.0195046    7480.6276716    2815.9089244    7892.2962587    1036.9264984    4489.2721304    9094.0434745    2954.0390306    2882.2662260    1283.4451213
   9877.0091880    7495.1576120    2801.1270889    7896.6586760    1023.7455092    4488.9440760    9082.1067084    2950.7225661    2872.4310457    1311.4670551
   9895.3548501    7474.4326247    2815.4298840    7883.7769396    1024.0353939    4486.1523747    9079.7016109    2930.2030531    2874.3143788    1290.2840293
   9899.0608332    7487.7416908    2803.7466337    7891.7093638    1036.7616209    4496.5886128    9094.6647290    2931.0569124    2885.5275779    1299.0980095
   9886.6209072    7500.3212575    2800.2505417    7888.0014354    1012.7390129    4464.9119703    9090.4662603    2929.1922747    2882.9075239    1289.1370107
   9880.9377908    7488.4022509    2819.0488444    7898.7180125    1044.2383742    4495.9812035    9096.3559225    2926.9570834    2876.6999387    1306.5876779
   9884.4624201    7486.1760042    2788.6483578    7884.5070047    1037.5488632    4456.5643966    9074.8779059    2935.9643006    2860.5594411    1300.8569311
   9880.6154142    7478.7405978    2801.8500921    7894.6862165    1026.6221784    4479.8321258    9079.9434629    2941.7022188    2894.6914770    1302.2544190
   9890.3095816    7470.0164641    2811.3735829    7885.2126112    1024.1715938    4484.5096563    9087.7654184    2947.2132382    2892.1821551    1294.8889056
   9889.8946590    7499.2606956    2814.1053131    7899.9237750    1045.3221264    4472.8892321    9092.3208650    2950.2340176    2893.9625087    1292.2238730
