   4167.9967656    7201.2373537       3.0093621    3027.4262428    1469.5419054     924.5760341    1855.8954909    3459.3829083    3968.8929550    5399.4621791
   4182.2092258    7205.0964986      -2.6091013    3016.9384222    1471.7938517     924.1593484    1859.1635770    3456.0432390    3961.4747339    5395.1476604
   4165.7487614    7215.4900115       5.1786646    3029.2615116    1456.6097897     925.0797720    1870.0076783    3446.0702644    3965.0125572    5388.4934855
   4156.4888738    7206.3965283       9.6053546    3014.7305669    1471.0643680     910.2631136    1862.2151587    3439.4495469    3978.8889194    5392.2563454
   4169.9738775    7195.4933182      13.8813075    3042.9967438    1448.9790895     935.7475880    1878.8786213    3458.9873874    3955.6820620    5396.8007932
   4168.4108440    7197.2057281     -11.1568332    3028.8311013    1475.4869768     917.1506404    1867.8078771    3444.1638565    3975.6933526    5388.6330130
   4168.3543493    7202.2274757       9.8326097    3030.8298427    1472.8535614     924.7629598    1863.3803251    3461.7910731    3969.9996879    5394.9928541
   4167.1188793    7178.8965568      11.5319942    3045.1955228    1471.9725526     922.3843954    1861.2376663    3454.4167286    3967.8488364    5376.9471527
   4165.0491024    7193.2746661       3.6317398    3020.3593148    1472.5110214     921.6389161    1872.4654657    3457.7426094    3989.5817396    5369.2037308
   4163.7508801    7212.2598033      26.4270052    3020.8393785    1467.9955981     921.1228053    1875.9166849    3452.7341918    3974.4754407    5384.9693240
   4157.4944595    7206.3804116       6.1755963    3036.2579851    1466.4544379     917.2123271    1868.2297247    3458.0146414    3970.4813931    5387.4362130
   4181.8234327    7206.9398616      20.1903353    3034.4362933    1474.1494061     907.1115643    1868.6253066    3459.8100925    3975.7842590    5398.6117610
   4166.2112651    7211.4849906      -4.4793061    3042.8745071    1454.2393915     905.7790621    1846.0949011    3446.7017146    3956.4835883    5407.7281291
   4166.9550520    7189.8181765      12.2875779    3017.4604869    1455.1903744     932.1443370    1868.8357355    3451.2577036    3981.7501423    5389.4583558
   4186.3895430    7208.2723432      16.7318036    3024.4197533    1455.3614642     947.8796342    1857.1443721    3453.6188918    3960.6707573    5386.1333955
   4172.6467414    7205.2632362       7.7539510    3041.2473084    1466.3542625     911.0547403    1850.7789325    3448.9497252    3950.9327842    5396.4176383
   4165.2379114    7200.1350846       1.1248333    3009.3595221    1458.9457446     930.1330629    1868.7875051    3451.1755511    3985.7800914    5375.1100708
   4166.7701749    7200.9365370     -26.7871018    3042.7010145    1471.2222283     912.9400539    1883.1138482    3461.4638904    3971.9700037    5382.0973561
   4171.2822743    7187.9881313       9.0940091    3019.5813431    1468.8993901     935.4064963    1865.4495949    3458.2319449    3970.4397354    5380.8346240
   4178.5800942    7218.6785255       8.7318048    3032.1748145    1458.7860930     914.7080755    1848.1933535    3467.9298011    3965.1329436    5402.1657795
   4162.4009302    7198.8698446       2.0979990    3032.5402270    1468.1664101     925.4971952    1862.7673894    3457.3791476    3956.5100421    5388.9766110
   4168.3542571    7202.6766896       6.0671137    3016.5189449    1466.7138279     920.4123289    1866.7751338    3463.4549769    3958.1204897    5394.0264443
   4190.8778802    7188.5333652      -7.1579708    3014.5199503    1464.7679310     939.6144385    1862.7356405    3448.6603345    3973.8927773    5382.1692947
   4181.4541686    7206.2976048      15.0315421    3016.7122839    1497.8674793     931.6317939    1869.1479153    3455.0953860    3960.4187711    5379.4896533
   4168.8602738    7195.2722366       3.9705053    3015.0647520    1473.7697352     932.9471647    1855.5437087    3467.5341311    3965.2953229    5399.7202189
   4174.6017105    7214.4682176      -8.8264498    3022.2577865    1482.0732008     917.2055792    1842.2301015    3436.1813786    3942.6103358    5367.0257008
   4166.1036554    7216.0302152      -3.2785446    3026.5609999    1466.4589933     923.4714371    1860.9201254    3453.8654670    3972.2863833    5376.4075133
   4180.3213188    7212.4451138      -0.8068252    3031.3796606    1460.5454639     918.0137174    1864.1647523    3453.7050602    3963.1873620    5381.4428596
   4164.6450998    7212.6366219     -18.2894859    3026.8506700    1465.1945387     930.6640827    1867.7528499    3427.7819258    3973.5212084    5391.4100825
   4170.4386754    7198.5581963       9.6765604    3019.1954332    1485.9060844     929.0297762    1883.9803945    3447.7519305    3950.1154859    5395.3152360
   4178.7470876    7203.5985354     -14.2441843    3018.8467745    1473.7387635     921.5441844    1861.4422619    3453.8526807    3958.3355958    5382.8371368
   4155.9544928    7220.9245339      -3.6099806    3028.1018281    1457.3400487     931.3312301    1843.8705040    3464.8134216    3967.3210631    5409.2733906
   4157.1547063    7204.0087392       4.8160663    3035.6547182    1463.3303386     924.2505918    1841.1774465    3447.3055818    3972.1909018    5399.2090833
   4167.4026843    7223.8084897      18.7462404    3022.7192014    1443.4238782     905.6102839    1854.8235255    3466.7656815    3970.7774652    5367.2248619
   4167.9323887    7219.3785482      -2.6042987    3015.8260301    1488.1051492     923.9200431    1857.8105428    3459.1089420    3967.8463896    5383.8759173
   4182.3046103    7214.4019524       9.5523638    3022.2968541    1479.0279119     922.8889219    1867.2685464    3465.9441391    3975.7631859    5406.0648869
   4174.7328872    7186.4043346     -10.4579529    3036.8267945    1464.2460765     927.2513391    1854.0875572    3465.6160847    3963.8264198    5402.7484224
   4164.8977068    7214.4262684       7.8877092    3016.1018073    1478.5488715     914.3696028    1854.3774419    3462.8243834    3961.4213223    5382.2289094
   4166.7810399    7193.2432425      11.5936923    3029.4108733    1466.8656212     922.3020270    1867.1036689    3473.2606214    3976.3844403    5383.0827687
   4177.9942391    7202.0572227      -0.8462337    3041.9904401    1463.3695292     918.5940985    1843.0810609    3441.5839790    3972.1859717    5381.2181310
   4175.3741850    7192.0962239      -6.5293501    3030.0714334    1482.1678320     929.3106757    1874.5804222    3472.6532121    3978.0756338    5378.9829397
   4169.1665999    7209.5468911      -3.0047208    3027.8451867    1451.7673453     915.0996679    1867.8909112    3433.2364053    3956.5976173    5387.9901569
   4153.0261023    7203.8161444      -6.8517267    3020.4097804    1464.9690796     925.2788797    1856.9642264    3456.5041345    3961.6631743    5393.7280751
   4187.1581382    7205.2136322       2.8424407    3011.6856466    1474.4925704     915.8052744    1854.5136418    3461.1816650    3969.4851298    5399.2390945
   4184.6488163    7197.8481188       2.4275181    3040.9298782    1477.2243007     930.5164382    1875.6641744    3449.5612407    3974.0405764    5402.2598739
   4186.4291699    7195.1830862      -1.3729939    3027.1528781    1464.6689347     919.4677853    1869.4421271    3452.0731706    3949.7956134    5391.7858132
   4165.9751191    7195.9296246     -14.5136333    3033.4639510    1445.2877819     906.3926116    1859.8436532    3467.8968263    3980.7718014    5376.6175137
   4168.4437251    7188.1403707      11.2558188    3008.5600997    1466.1269507     933.7157855    1860.3779735    3470.3088739    3958.9746601    5391.8592447
   4178.7528689    7201.8478171      15.0068908    3028.8070222    1451.1844122     962.9719747    1869.0885502    3456.6807034    3953.6866141    5388.9850182
   4165.6206187    7209.6884711       4.8604511    3041.8558212    1468.9814219     928.5210025    1866.3266823    3454.1223724    3965.8407403    5399.1773421
   4199.7454154    6845.9005879    2033.3881363    8780.5002637     285.4903318    6704.3998079    4190.5123746    5579.1475816    1405.2857913    1955.8518522
   4185.9884652    6849.1037908    2049.6318751    8798.2809823     274.2253679    6719.2142776    4179.6648344    5596.7618063    1399.2078374    1994.8648043
   4181.2155012    6857.1465901    2035.0018763    8775.9929084     259.2618959    6699.5116227    4176.5591926    5586.2105798    1390.3917365    1995.7222894
   4195.3173534    6862.2756583    2052.3747665    8774.5256862     254.4254624    6695.5208581    4185.2995822    5576.3628237    1412.0298228    1974.8908211
   4195.8762365    6833.9558054    2056.1932490    8780.7776769     282.7341900    6706.5737183    4181.0286616    5585.8789641    1411.3029514    1965.9191640
   4181.1380371    6859.4497440    2044.1307148    8778.8868222     272.0798090    6709.6923529    4167.1145861    5592.0013604    1394.7114675    1976.9423704
   4201.7946608    6862.9075282    2033.5509537    8789.5607114     263.4841088    6712.0053341    4154.0599031    5575.7271775    1398.7796632    1979.3500313
   4206.1812883    6861.2349957    2060.2771764    8793.2404429     271.0472965    6702.0118329    4183.7377399    5587.3019988    1402.2994492    1967.6628636
   4190.8805428    6824.2850399    2039.9613218    8771.3754614     280.8016755    6699.8883782    4169.7575082    5600.3693391    1393.3787085    1984.1814798
   4172.9924746    6853.0922951    2048.6251548    8789.7730736     264.8891000    6707.8716712    4176.2295657    5586.7059681    1405.3695487    1985.6502341
   4195.9239483    6842.2348951    2032.5638822    8806.2341668     293.0738548    6690.7581630    4177.5502011    5593.1726553    1411.3827583    1982.4188452
   4182.6764246    6850.3707999    2039.6112459    8782.5180951     271.1922189    6703.3583455    4183.2335484    5599.2038665    1392.0583542    1976.4155898
   4184.0371445    6864.4322261    2043.9288183    8795.6642580     269.1001234    6704.9351017    4159.5610592    5599.9236398    1400.2432651    1966.1633263
   4186.0205312    6829.1459246    2044.2043256    8782.2992413     276.7567136    6719.6561836    4170.0382621    5594.9728436    1406.9917728    1979.0816744
   4171.1771238    6861.6700156    2039.4827578    8781.3539228     261.1713242    6707.5050571    4174.1283318    5587.1924606    1402.5214547    1991.5070738
   4201.6073527    6859.4541725    2077.7332849    8775.1721106     270.0807568    6694.5270649    4177.4078856    5580.0234105    1376.8857685    1968.8815096
   4192.6676630    6862.2928773    2028.9530817    8775.0499426     272.4824139    6697.3897269    4178.3596616    5586.9382929    1407.0820451    1973.7627416
   4207.3105073    6852.1912539    2057.4579935    8776.7843873     279.7763266    6697.8812640    4163.5389312    5579.8547811    1403.4107191    1978.8275563
   4207.3372141    6840.7079617    2033.6191140    8798.1762454     279.9637686    6685.8609931    4178.0207147    5589.2716115    1382.4249455    1977.3192666
   4191.7705945    6859.5090291    2054.0674540    8782.1318316     284.2104400    6703.2123690    4164.4730554    5577.5564660    1409.2958389    1961.4332000
   4198.7232197    6841.1292733    2040.9302564    8786.2281829     286.0553410    6685.2682921    4164.9862416    5587.3889014    1397.9085226    1989.6311219
   4171.0812384    6855.8130204    2048.7816991    8781.6651679     284.8982993    6692.3793592    4184.1341913    5579.8690804    1411.1248911    1977.7728487
   4200.0885753    6859.9997033    2029.8819616    8779.6294520     272.9516088    6702.2963491    4165.4913960    5605.4126634    1405.9603527    1996.5650508
   4186.2536575    6841.5770364    2045.8449751    8775.5419979     297.7773916    6707.1293303    4184.5740150    5584.6559267    1400.6087729    1980.7057767
   4195.5023166    6860.6908724    2043.3009572    8774.3658482     263.1971662    6703.9083082    4178.7776509    5591.4777552    1403.6912105    1975.0135029
   4193.4127967    6857.9130528    2044.1543208    8782.2980488     272.3708887    6713.8300945    4168.6660210    5588.7536407    1407.8136663    1988.2701164
   4206.9039917    6858.9495421    2050.5146297    8766.4719930     279.9399714    6727.6122779    4164.7479138    5576.7030860    1401.7228475    1991.2273721
   4197.1926490    6847.4237619    2044.1625955    8791.5447537     280.6021295    6728.9638715    4183.1048905    5590.4339566    1410.0166487    1977.5250489
   4182.1674140    6853.9145753    2049.4281078    8767.2215337     268.6523673    6700.9825428    4175.7044477    5584.2936239    1408.3203531    1981.9960133
   4202.5484191    6835.0833274    2061.0937437    8795.3511040     274.3791028    6711.1783339    4179.1135077    5579.5253882    1405.5160366    1988.7966326
   4195.0433116    6862.7082116    2045.4724584    8781.9818738     266.1978945    6701.0297213    4168.4508469    5603.9531196    1406.2744415    1971.0206258
   4195.9311279    6850.2749670    2013.9848535    8785.9728876     258.3489441    6710.4597460    4163.4353877    5572.3150399    1408.8128025    1966.0729532
   4187.4781520    6854.2387779    2050.6448225    8788.6232093     273.5131191    6696.3511483    4192.2861779    5580.8384713    1421.9052758    1976.4896411
   4203.5580010    6862.8946594    2034.0671548    8784.7272090     281.4298523    6711.6849230    4171.0586492    5589.9178849    1399.9224891    1969.2967571
   4201.7852664    6846.5981897    2058.3200792    8787.1988729     264.9494652    6703.0631186    4170.1841745    5578.1894080    1408.8836819    1976.2287501
   4208.2620592    6860.8039164    2035.7206067    8780.9843587     271.6083301    6689.0300232    4182.3605805    5596.3963726    1413.1243981    1976.4450123
   4202.6350037    6850.0974746    2053.8739751    8799.2996421     275.2770308    6690.4836140    4169.8790117    5593.3081431    1416.0681297    1969.6769705
   4190.0396611    6854.5283952    2048.8724806    8790.2785999     264.3915354    6700.4403188    4183.1276884    5590.8216336    1408.3531925    1992.2681258
   4192.9856779    6857.4750382    2041.3768587    8767.7242637     260.9233531    6705.4183073    4171.0524165    5580.3522528    1407.0495289    1972.1121753
   4193.0585167    6851.9997784    2036.1226082    8758.1923051     288.4412058    6707.8414741    4146.4067643    5582.6339983    1407.8072633    1978.7334839
   4197.7484452    6842.4623281    2046.2741746    8780.6395270     272.0453121    6702.4648128    4175.0456192    5596.2254986    1398.5681880    1976.9424906
   4193.5507940    6850.9935042    2048.3785202    8788.3572713     286.7878210    6703.5106603    4150.2750437    5586.2020391    1407.4080902    1979.1453407
   4190.4127824    6827.8699188    2049.6023407    8777.9340406     258.7651659    6695.9608811    4164.3997243    5592.9857753    1409.4857669    1996.1623947
   4198.4243922    6838.6785101    2030.4304046    8792.4816175     289.5427940    6702.2976208    4178.6360536    5571.8493716    1384.4301684    1969.2746541
   4188.3732688    6846.9812401    2042.2213567    8776.2642196     280.6689434    6718.9505713    4173.4099983    5607.1982593    1397.5253388    1975.7638569
   4195.8224907    6848.6470163    2056.2930199    8774.7632858     287.1028718    6706.6168519    4198.7025515    5582.2571354    1401.8424469    1982.4714090
   4170.1348644    6858.2176552    2049.3309584    8782.2675475     258.4319742    6689.2094914    4178.9142089    5598.6500713    1419.8140323    1972.0604756
   4181.6371638    6849.4756160    2024.7651959    8775.2850521     282.3938284    6721.0211268    4175.8395782    5603.3038209    1407.9781153    1982.9285300
   4190.2307322    6854.0643744    2041.9739678    8779.7652564     267.2570136    6707.2654208    4173.1925078    5572.1024841    1401.4623809    1972.4581769
   4171.4631394    6857.0338405    2060.1093799    8804.8716658     289.5001273    6695.9670863    4184.8004736    5598.0972745    1383.9910906    1989.6277760
   8013.7174571    9684.2438397    3137.1279487    6923.8092305    8780.2108814    8942.0487467     848.4427198     390.6217222    1701.0608364    8763.7925363
   8021.3254249    9684.8777548    3139.9330276    6925.1993166    8762.0271102    8942.5142199     851.4032551     392.0683557    1709.8568132    8784.8856118
   8006.1108001    9702.4814083    3121.4475200    6909.8240649    8767.4375435    8943.9429022     832.6961538     387.4255357    1691.1976379    8792.7363203
   8001.2331691    9693.1219037    3138.8395986    6921.1628476    8764.1032412    8950.3532224     827.3617286     393.8185164    1694.5129995    8799.4042280
   8000.5329972    9694.0413964    3109.0925353    6931.3724068    8766.6525505    8943.5964701     849.2332206     387.9422264    1702.5342277    8780.0825486
   7989.5683097    9680.7576486    3156.5889990    6923.6946187    8766.7994024    8941.6860900     852.1826584     392.3272879    1695.6921765    8790.0576683
   7998.2149072    9681.3138051    3139.2923191    6920.5561149    8751.6527265    8951.6492772     840.6205041     386.0747507    1690.0227198    8780.3177502
   8003.1518270    9677.8698585    3141.0515709    6940.8522457    8760.3163808    8951.2931868     846.8879788     391.5372548    1709.5817091    8781.9279667
   7999.2902132    9675.3164911    3128.0743173    6923.0931145    8772.4716375    8932.4786666     840.0692220     381.3024202    1680.8101414    8794.6842611
   8007.0819003    9701.6235504    3119.9984448    6936.1679798    8756.8750376    8941.9929382     840.5524691     381.0491937    1685.0667415    8783.5883639
   7994.3036764    9680.1977385    3134.1497661    6929.8922635    8764.8954402    8949.2798934     855.5862293     390.3753237    1701.9376748    8771.6278324
   7999.6909824    9701.5908653    3134.1244394    6916.1211499    8777.6903220    8944.4982089     843.9772034     376.0579168    1706.0991143    8770.5620252
   8002.0553610    9689.0567571    3136.0781173    6922.3618880    8761.7516451    8957.5259086     872.7448552     385.0602240    1703.9932366    8800.7130373
   8018.2362573    9675.7474409    3129.9349753    6917.2464713    8754.7570889    8939.8275835     853.0608685     384.6775423    1707.0661943    8782.6575889
   8003.4744299    9691.4766564    3137.4314998    6925.8748330    8774.2919075    8951.7992895     849.3531290     399.9233808    1701.3973737    8810.5981219
   8018.4325718    9694.1478834    3147.1517153    6924.0245528    8777.0204771    8946.3002053     842.1303797     384.9079677    1703.5837012    8765.8138354
   8009.5292160    9675.3322563    3141.4239454    6915.7644196    8782.6145556    8953.7448163     837.7535241     408.1354258    1696.0316706    8774.1502732
   7997.2076936    9688.2934046    3149.2870003    6917.4418870    8753.9153145    8934.6696342     865.4061668     407.2551245    1694.8194842    8786.8020852
   8007.4166323    9682.0094542    3143.8820079    6927.6357167    8767.1864226    8943.1408457     858.5981173     387.7277733    1698.8034205    8783.6198092
   7995.4341302    9679.6248075    3131.1157515    6924.2381876    8752.7733421    8934.2011180     866.6767347     402.1122684    1707.1945892    8799.6732222
   8011.6416391    9681.7049698    3139.0635391    6904.4332868    8752.9106915    8953.6530057     850.7682685     377.7714690    1704.8895644    8791.4140508
   8014.1244824    9682.3127894    3125.8812868    6924.3021061    8768.1607662    8942.4807471     856.4724728     393.6921517    1701.6353412    8761.0996364
   8018.2566167    9699.8596744    3130.2171053    6908.4571669    8770.2808162    8941.4100377     840.7719900     402.7249949    1684.4704021    8788.5993205
   7994.9683455    9697.2384370    3139.4073063    6920.6522067    8765.3852225    8951.8875089     858.7410575     398.8257466    1703.7714983    8776.6512177
   8014.0864822    9669.5025134    3144.2827126    6931.9562151    8777.8323334    8940.1788390     852.3042307     399.1306923    1701.4827744    8777.1583615
   8010.5189974    9683.2960775    3144.1988210    6916.9415312    8767.2864010    8948.9959463     858.0153949     389.8189099    1699.5773420    8780.7155375
   8007.7863454    9682.6993488    3130.9743361    6951.4991546    8755.4524081    8934.3325360     842.4858476     383.4473068    1698.4185614    8795.7343623
   8024.3295246    9684.9890008    3109.2596544    6927.0697502    8750.7849773    8941.0596193     838.9448858     394.8040581    1692.0381212    8789.1462311
   8012.2187107    9680.2150615    3135.0473853    6932.4003544    8760.1702038    8955.2228239     850.2489536     393.2418069    1706.2966044    8794.7403595
   8012.6538087    9683.1994760    3141.4486409    6907.7716803    8780.2811390    8932.8117224     859.4792080     384.9061930    1703.3767115    8780.2593601
   8010.4815843    9674.6078868    3112.6355015    6927.2927132    8757.8864796    8939.5802774     843.1888823     410.3919448    1692.4822713    8784.6931641
   7995.8412548    9697.8467243    3128.6791019    6897.2197386    8791.0110217    8935.0851487     863.5314370     397.8785579    1704.8259920    8779.1101860
   8009.3376743    9694.8551173    3131.2324744    6925.7392530    8773.1744251    8946.9005234     846.1922817     405.0646214    1701.7210816    8780.1733076
   7999.6867385    9672.5597850    3143.1796226    6932.7188376    8742.1844124    8939.9117186     860.0909951     414.7908985    1719.8077337    8790.8436960
   8021.1790113    9677.3415626    3141.9871268    6910.8545097    8758.2727595    8949.2763459     872.1214844     398.0274656    1701.0424666    8779.7241987
   7994.2212570    9688.6443872    3130.7508446    6925.6166037    8754.9982138    8947.2791846     835.0718250     395.5868945    1711.5014548    8790.5645424
   8028.5839243    9685.8612924    3139.2954160    6928.3748051    8755.0942249    8967.5989697     860.3278945     388.1195681    1689.2758782    8787.2401271
   8016.0211623    9683.9946059    3136.1025268    6921.3449884    8763.8640490    8959.4180483     864.4482926     375.5460635    1699.6929844    8769.3840208
   7994.0887322    9688.4752851    3125.8260882    6891.6925822    8770.3430495    8958.8880533     870.8298851     386.5848994    1712.7586487    8755.2149179
   7997.0116907    9687.8054509    3138.9571243    6936.4303358    8773.4584179    8945.2509348     865.7345923     397.4126587    1715.4750830    8773.3822644
   8010.4482235    9678.3198005    3142.3009147    6921.0306350    8761.3730010    8932.8017386     853.5241550     401.7027261    1708.3861518    8751.2647144
   7991.2492298    9702.6671624    3132.3655181    6921.7367444    8775.5448774    8948.0330880     844.1162123     388.4493628    1717.2758025    8767.6111228
   8020.4579351    9679.4918360    3131.5294944    6941.8552876    8757.4627870    8954.4172187     846.8115792     376.2271621    1696.6439969    8793.1142980
   8005.5867650    9688.1099755    3136.1273147    6923.6944703    8759.7165447    8947.3844580     830.1131792     386.0646158    1680.2647594    8784.1220228
   8010.9922916    9674.6551047    3142.2548577    6927.1844622    8766.8272438    8942.4525964     855.1700437     401.0899027    1691.6997637    8773.2565900
   8019.3357943    9659.4314724    3108.0688806    6905.0788858    8765.7089333    8947.5903771     855.4071641     391.3076052    1713.6779937    8797.1828688
   8019.0357931    9671.0577545    3137.8775605    6914.5641299    8758.8844193    8935.8330130     850.5492380     395.9890732    1699.0911161    8769.4913474
   7992.1853349    9674.9949091    3126.4653980    6931.0688884    8760.6987144    8944.1799716     848.8727630     401.5163138    1714.6653469    8785.6956197
   8004.9626284    9696.6407725    3138.6241955    6919.0151878    8773.9972601    8948.1389345     836.1018064     396.8168954    1701.3024477    8762.8586201
   7985.9352552    9683.9787672    3141.0753441    6929.3119572    8750.2817252    8942.5965355     857.1080129     375.1903102    1699.1570255    8783.5583270
    992.7058980    4186.5373307    9580.3451748    5351.8340683    6912.5590661    3151.9939168    6874.5491991    8338.6252930     194.4523223    7506.8484811
    967.7276041    4212.0821842    9564.3054819    5341.1783279    6901.9643948    3137.0387729    6853.6362327    8338.2259923     196.0321813    7501.2605741
    986.3783838    4221.8252475    9571.9172025    5325.8695926    6910.2966141    3163.0053565    6881.3420389    8348.8441439     176.6499735    7496.2395392
    972.3451954    4218.3877037    9568.2660139    5329.1065191    6907.0815261    3136.1616791    6839.6097228    8337.3571039     185.0635584    7498.2649938
    981.2325895    4200.3624512    9569.5784859    5320.9758263    6920.8834761    3175.6328584    6863.6455517    8332.5639149     195.6090068    7491.4574853
    989.0436647    4206.6496960    9579.7061336    5365.9794840    6911.2958768    3149.2895057    6868.7616313    8346.0372513     178.8220644    7494.5590740
    989.3732770    4221.8500157    9569.3744608    5320.2885187    6937.0702019    3140.9047483    6872.1626113    8350.6479927     171.8530780    7509.0380854
    972.4361749    4200.1807391    9564.9997991    5339.9956818    6914.2776810    3166.0088233    6856.9078765    8352.4033448     196.9568794    7500.5830143
    972.2138109    4207.6505406    9591.4626762    5339.0437881    6914.9112586    3137.7125863    6872.1646447    8362.5657815     199.3687142    7505.7710514
    981.5580466    4203.2150373    9573.1692833    5315.1553467    6940.1166551    3154.8866662    6888.8533282    8345.5117448     166.6995941    7520.0588005
    974.8700681    4206.6971679    9595.3808124    5346.2405818    6898.5090753    3155.1668578    6854.1139268    8351.6481012     201.0045444    7496.2682512
    998.4005663    4201.7898073    9600.6180067    5323.3963108    6914.1377598    3158.1258837    6851.0033323    8361.7528075     172.1826044    7507.5826651
    970.5770379    4212.1740795    9578.7900398    5327.7704407    6923.6633314    3143.9879875    6880.2279345    8348.2811925     154.9683331    7521.4987652
    987.9954746    4226.6119023    9577.1259359    5309.0266965    6914.5739608    3142.8956104    6864.6244522    8341.4294504     184.9728962    7483.7990686
    984.0061624    4206.4804317    9585.2303902    5314.7298242    6914.5204297    3171.7403035    6853.1986478    8353.6372558     196.1878346    7501.3422518
    993.3534448    4221.4906464    9594.5928566    5327.9745277    6917.6481487    3163.1975386    6857.5528363    8346.7372260     175.8970668    7478.1527382
    986.8174898    4228.1005505    9575.1746547    5332.4958236    6914.2400900    3147.7466766    6866.3703215    8356.9860300     205.0412068    7509.7079150
    973.8547003    4196.8060938    9591.9636074    5334.8199996    6912.6665071    3144.5945887    6856.9320531    8358.5909681     182.6591797    7487.4384497
    992.1941282    4214.1772760    9575.9839798    5337.7300022    6910.4942999    3164.7953560    6850.7606678    8337.2222917     169.1139430    7497.2775589
    975.8938280    4207.4497909    9578.9429798    5337.1953751    6920.2364602    3157.6749071    6881.0525162    8343.5918134     168.2994140    7510.9569676
   1001.8270338    4212.9491370    9587.2906437    5325.0966829    6920.6278930    3161.5265632    6868.7950326    8340.8597424     199.1890714    7503.1713103
    992.7703204    4215.1340399    9587.6320437    5340.9853827    6916.6095880    3163.4930982    6886.6138341    8366.2466391     190.5231876    7518.3157017
    970.3886249    4225.8002131    9579.6440625    5313.7834957    6920.4232454    3164.9192730    6858.0490001    8365.6280348     196.3750502    7488.6920108
    993.5592410    4212.1959769    9573.3784991    5328.4865333    6914.3211895    3142.9935998    6860.5260457    8353.1836081     197.1421937    7516.0265328
    977.7347310    4209.9037733    9570.3015883    5341.9528746    6902.2896103    3141.5235445    6858.6508098    8348.7714534     179.6712936    7501.7737885
    983.9436846    4213.4090473    9568.5506717    5328.2592520    6924.5472629    3157.9586016    6875.9423431    8338.7944762     191.9453876    7516.1093969
    982.0424354    4213.7355515    9581.1471958    5337.0095556    6922.6503507    3169.8511871    6870.1429262    8354.9017360     186.1980407    7491.0254466
    987.8019419    4208.7766898    9572.5444273    5322.7091433    6918.0671687    3149.0816690    6885.4059995    8362.2244380     180.2134705    7508.5347212
    995.0379633    4209.3478563    9597.3776352    5340.8739534    6917.7540484    3137.1633188    6855.3497247    8349.4436444     178.5001340    7501.2356168
    975.5952029    4213.5454774    9574.3122811    5316.1257910    6915.3547070    3149.4360512    6849.4927004    8360.4884908     182.1222638    7498.1744887
    990.9720864    4210.2502977    9586.5682378    5316.8463035    6908.4045808    3160.6085860    6879.9282504    8346.5568342     185.0471161    7493.2087104
    983.1689796    4203.9868829    9577.2929203    5338.8756510    6898.7835001    3157.2865673    6856.9638610    8339.7908968     194.2645011    7504.3975461
    992.8046346    4193.4385029    9574.7931333    5327.1161785    6912.8768428    3159.5586551    6873.9684916    8335.1889303     173.2561478    7488.9235751
    994.9444051    4205.9289008    9577.8814937    5328.3307429    6909.1345737    3158.8889198    6868.8395455    8355.6699748     180.6285726    7498.4722752
    977.6131209    4225.9576657    9588.9709714    5331.2489977    6925.2608756    3149.2978726    6885.5540244    8340.3410565     179.0858839    7497.7328343
   1000.4806880    4212.5522744    9589.7394871    5330.5518801    6906.6413898    3162.9111118    6858.7447114    8333.0714939     178.7220180    7507.7597205
   1001.1111889    4197.2014707    9556.9047216    5340.9544197    6921.7716521    3149.5215810    6869.1928960    8353.5511497     202.0034609    7500.1397301
    996.2663400    4206.5586906    9573.7986141    5335.8905840    6907.6214645    3142.1367198    6874.6412078    8326.6259683     184.0162560    7498.1957268
    979.7381364    4197.7531971    9558.5362772    5325.0437650    6907.1189595    3150.9021198    6865.8896378    8338.8391167     172.1575204    7504.3435631
    975.8499914    4201.4809318    9575.9037688    5334.5077641    6939.8586238    3171.2919256    6852.3754674    8333.0142268     183.5299472    7507.0131389
    982.1512827    4232.7995780    9590.6660037    5348.0534234    6914.5924333    3146.1875142    6854.3063939    8345.1189033     170.2992743    7495.1052289
    979.1606409    4220.5190973    9574.1665459    5317.5822086    6914.2964068    3157.0421392    6870.6184574    8337.0401284     189.3565246    7515.3114054
    988.3635045    4213.4642086    9574.4141834    5325.5448997    6898.4716888    3161.2357759    6861.4681880    8347.7825339     187.8955219    7493.5791217
    993.6382952    4212.2073559    9593.8652540    5333.3422264    6921.9573865    3152.4225387    6879.7734167    8325.2217912     177.5544538    7498.3926095
    968.1641310    4203.1292235    9557.1740744    5333.5567221    6904.7188641    3158.8549148    6862.3914599    8337.9295838     167.3449473    7494.6146710
    986.5745765    4209.8217781    9585.5577395    5323.7695470    6934.8310747    3152.7767759    6856.5573225    8359.3583113     196.4584382    7500.5414563
    978.6253172    4220.1769964    9569.9539318    5341.0047651    6904.8993343    3154.3223773    6865.1268319    8358.3377136     164.5905771    7503.7875167
    982.2612337    4211.1053329    9570.0542460    5318.6339014    6914.1397689    3152.7396722    6879.7611116    8347.3705354     182.8400109    7508.4266124
    967.3497919    4218.3019145    9588.0490629    5340.7242884    6915.4411989    3142.8038101    6855.1599918    8348.7312577     188.2504219    7514.2086472
    998.6826788    4219.7887329    9579.2345895    5334.3020493    6916.4180158    3165.7049946    6870.9519923    8348.4153157     170.3267681    7511.9097633
   9873.3420254    7493.9743657    2814.2862157    7876.9225963    1031.7754224    4466.5213192    9084.5088377    2941.6931835    2876.3870049    1286.6470409
   9891.2191618    7484.2514209    2804.1675725    7882.3418948    1028.7622492    4481.6205334    9084.4045327    2957.2677049    2880.3141802    1298.2181078
   9893.4368686    7470.6022203    2808.6474726    7908.9612268    1023.4223526    4481.9236119    9093.6261619    2919.2079967    2894.1422752    1289.8357393
   9885.2603485    7485.4632656    2802.1138918    7900.8226512    1033.7693199    4484.6327747    9086.7047652    2950.8614999    2857.5984058    1303.9266636
   9885.6047378    7472.0662176    2796.3238205    7887.0734847    1038.0441711    4469.9739574    9084.3231952    2938.8939724    2866.1954694    1311.4092077
   9912.8267821    7474.9163707    2813.6343925    7889.6964897    1037.5937403    4477.1182098    9108.0416472    2932.8981656    2885.6926900    1306.3593827
   9877.7712877    7460.0538497    2810.2307928    7901.2384689    1026.8930116    4472.6015151    9095.7230635    2944.6698180    2887.3121523    1302.8997415
   9880.7281245    7469.4768100    2784.5085552    7892.2164669    1051.4517534    4483.7142073    9085.1576285    2920.9340216    2871.0740852    1300.3351089
   9886.3886943    7490.7399407    2802.8538529    7899.7463445    1031.1178832    4477.0375901    9098.5463662    2928.6217094    2874.9228572    1287.3583472
   9889.5782826    7492.3515538    2811.2539397    7900.1334026    1042.7904895    4485.1874436    9093.5376253    2940.1787245    2867.9995004    1305.5466722
   9898.0697528    7472.7374472    2806.7998205    7903.6214152    1028.5253012    4465.7241960    9086.5703706    2952.0783393    2868.6239317    1299.2318205
   9881.1005796    7478.0668709    2806.7876335    7907.5614206    1025.0936255    4471.8487118    9077.2300065    2925.2035793    2862.4063853    1291.7730992
   9887.5527564    7482.0651977    2816.1644125    7884.5772797    1024.4606845    4471.3668894    9087.9124901    2934.5567596    2885.5254738    1292.3943131
   9897.7434776    7491.0816752    2801.8152436    7886.5679100    1034.0717567    4471.0199241    9105.8770783    2937.5503568    2885.6777935    1287.6146482
   9871.1033132    7488.5292059    2809.5987878    7885.1872369    1026.5923093    4472.1358238    9088.2333001    2945.3800050    2862.3047838    1305.0731725
   9879.8692119    7476.3472242    2802.8355686    7879.1787441    1060.6994515    4503.1850365    9093.4777295    2942.7016356    2867.3172839    1324.0592099
   9888.7940617    7480.4225887    2816.4798564    7895.4012852    1024.4940297    4476.7460475    9082.1941731    2936.7880407    2883.2979613    1305.6133102
   9901.6229080    7481.6155132    2814.0206058    7909.8599029    1019.9998397    4486.0609674    9075.2317098    2921.0707278    2893.6000063    1311.6405609
   9893.8446185    7476.8872298    2819.4755329    7879.1216073    1032.9339950    4483.7870373    9098.8263003    2920.8772067    2847.1119723    1301.4394243
   9891.7851606    7483.3933465    2795.6674520    7892.3516765    1016.8592751    4483.1411957    9094.8809149    2928.8211649    2857.7139682    1298.9879041
   9886.6258859    7480.8504739    2817.4756752    7894.1792393    1053.1012943    4482.7426963    9075.0826942    2947.4776183    2876.8499422    1295.3980126
   9891.4049026    7482.8043819    2788.8539787    7884.2980968    1043.7801315    4480.6945407    9092.3448905    2946.3430102    2895.6795166    1293.8947562
   9881.5769385    7472.4114479    2798.4354152    7883.6674168    1032.1100585    4477.8529341    9091.7674136    2924.2349714    2871.2151406    1303.8803318
   9895.5973688    7458.4903707    2798.4192144    7890.2570806    1011.8485240    4483.4222653    9097.9963062    2916.7104896    2862.1040982    1309.8075425
   9899.9642813    7468.9287874    2794.5637135    7899.3874726    1029.8298285    4473.7220975    9101.8964047    2939.1194741    2859.5588974    1302.8188602
   9874.5583125    7489.0771096    2814.2598572    7897.1789045    1041.5382643    4498.5780563    9093.2218306    2932.4218843    2866.8203468    1302.5302285
   9878.2605074    7467.2690911    2799.8214256    7875.0101033    1019.2553279    4483.9468257    9081.2024782    2933.0751399    2877.4942249    1280.7438030
   9890.4731265    7481.6182444    2803.9878559    7896.2217476    1010.6107901    4498.0535569    9082.9215198    2921.7993466    2878.8686846    1287.5740440
   9889.2748161    7487.0625661    2791.2509524    7901.2475488    1033.5709878    4482.4260986    9089.9957120    2941.2658252    2888.9570039    1308.8902657
   9893.4799926    7474.0131475    2807.3032317    7887.2149450    1017.7725430    4478.5214930    9076.8269300    2947.4928976    2877.3762939    1300.7383469
   9896.3629503    7477.4753046    2801.8739721    7904.4399961    1018.4232798    4470.2657096    9084.6180922    2943.9893756    2880.2513106    1288.7105528
   9879.4131494    7498.6011440    2807.6026135    7886.6088723    1027.4172906    4516.3377508    9099.3577500    2919.7767436    2873.1656361    1307.5139480
   9885.8560782    7493.0470768    2822.0824164    7892.8688885    1035.2074609    4477.2486389    9094.7830216    2951.1407354    2887.0973396    1289.4559451
   9896.1545198    7475.8690045    2821.9235403    7897.5561227    1042.8413531    4478.7246679    9085.6316518    2940.4492601    2877.4453727    1316.0748602
   9877.1889261    7488.5107083    2798.5733227    7901.4037469    1014.2889049    4491.7965242    9082.8613431    2923.8047522    2884.9202290    1298.3679527
   9891.3822774    7493.9356308    2793.5280151    7885.4295132    1033.0641371    4484.6104157    9078.9188812    2928.2100306    2885.4667388    1310.1221076
   9902.5836217    7478.7051905    2778.6175727    7898.0271874    1039.8593868    4464.2670303    9086.8588334    2938.8945665    2881.1569355    1295.6387765
   9889.4452210    7487.6604888    2786.6781862    7901.9041089    1028.6016992    4486.5802830    9078.9288282    2919.0238351    2889.5647731    1316.6970830
   9870.0055817    7468.7337776    2805.3816522    7882.2996813    1039.8625832    4470.9646228    9080.7792257    2938.2558334    2855.9711349    1297.0864953
   9908.7573778    7487.5253913    2794.4488255    7903.2534357    1052.8919202    4491.6819465    9080.1089226    2929.5655223    2874.0486173    1289.7951875
   9888.9030470    7471.5996506    2795.6875268    7896.0014722    1026.6238452    4476.8914136    9107.4368134    2939.8236786    2889.6566182    1304.6649025
   9894.6406792    7468.1647917    2798.9702015    7890.1707458    1027.7937993    4476.9061767    9087.5540484    2933.9153596    2884.6493140    1297.8077461
   9899.4504088    7481.5255897    2798.4931581    7880.2793769    1024.5662295    4476.3921546    9097.9756244    2923.4227480    2888.1549133    1299.3680792
   9880.2964383    7468.4656315    2809.9298719    7873.7309561    1027.6449361    4474.5316424    9084.3237809    2941.9533332    2871.6069766    1301.4891455
   9876.4324286    7482.2334647    2810.5234744    7889.2763658    1035.9467227    4479.9815850    9082.5121394    2935.5333090    2875.8031771    1280.5432436
   9873.6192604    7485.9850661    2783.5564502    7904.3771025    1018.1603544    4479.2405146    9090.6763901    2929.7741335    2889.3792713    1286.5771857
   9897.6785528    7483.1421093    2802.9280624    7902.9102440    1037.6526040    4466.8904874    9100.0731370    2946.1814478    2878.7914627    1301.7825965
   9901.9732562    7498.2382663    2810.5665055    7881.1670702    1033.4625672    4487.1354608    9077.6100476    2924.0828146    2877.8111698    1301.4093596
   9892.3891870    7493.9595372    2782.6156666    7893.7918990    1030.2032885    4479.0927542    9087.6293635    2946.3989792    2883.3427132    1299.8287220
   9889.5020644    7482.7101177    2803.1102628    7906.0134224    1013.1376829    4464.9202999    9101.9314006    2941.8780172    2884.0598026    1311.8675897
    173.4860282    6802.7466834    2104.6165185    2645.6392040    4926.0940206     522.0682916    5746.4852670    1481.5590429    5886.5594336    6991.6927987
    200.3898644    6797.3185459    2119.6984122    2639.6529137    4931.8336330     539.8504005    5717.6074058    1458.2878741    5882.4550264    6989.8066240
    196.2301026    6781.2030080    2128.5306301    2666.5539730    4916.4740996     523.0931814    5741.1699249    1471.3533463    5904.6799429    6992.9406592
    194.4667983    6778.3879317    2111.6713363    2667.1499754    4931.6936276     530.1757100    5738.5346655    1459.6791274    5877.7593892    7001.3112050
    198.3964819    6794.3998002    2116.5424798    2660.7587068    4917.3854118     546.0700418    5744.9218160    1481.7991002    5903.7789877    7001.1737656
    181.2465736    6793.5280525    2119.4887798    2674.6527890    4923.1550085     522.3127391    5733.2474176    1476.9251183    5891.1242464    6985.5547001
    198.5771925    6793.2918218    2115.0957425    2664.0825561    4914.6892535     552.2736046    5730.2009569    1476.3649699    5902.9652307    7010.2522659
    192.4170363    6784.2253860    2133.6879106    2660.9322847    4909.8802400     541.9489693    5757.0468801    1473.9495596    5885.7955685    7007.3778501
    178.2942303    6796.1235222    2126.0644354    2653.2469047    4918.5028578     535.1282542    5735.8180983    1458.7097459    5890.2685556    6991.3634787
    208.8079862    6774.8026148    2134.2732781    2653.1124841    4908.0212077     528.1829921    5730.7664264    1446.9640758    5901.2152606    6996.0471270
    185.2850758    6775.2969999    2110.6528696    2642.9515997    4928.7173090     514.6626719    5731.5939268    1458.4555318    5897.8071430    7000.1213483
    192.2216476    6786.6330795    2120.2618779    2647.5122044    4920.5682401     520.3978270    5746.5791101    1462.2131770    5904.3391545    6985.3500945
    189.1345475    6780.1462757    2125.6833491    2641.3536591    4924.5730708     538.2576234    5746.8357870    1460.4041560    5897.8087742    7015.0908183
    186.7564933    6790.8872249    2113.6503475    2644.4631298    4907.4833169     538.8739606    5740.7222294    1442.7565504    5898.3782508    6994.4077069
    202.8470498    6781.9189877    2139.3504327    2645.9791012    4923.3938547     522.8708530    5743.1256111    1455.8106485    5905.6038566    6997.3725620
    208.6172705    6787.3824709    2100.0375704    2647.0354204    4911.8099031     547.4404453    5768.4706763    1466.1441784    5896.2355376    7010.0847225
    182.2564955    6785.1992973    2122.9770870    2658.9979263    4914.8883675     523.8514441    5742.2179547    1474.4145221    5885.8711595    6998.3283712
    214.5669879    6793.1286960    2122.2123957    2645.1047081    4910.2228363     530.4507895    5732.7892808    1455.1947445    5877.3976206    6995.5048018
    201.9977661    6794.5231350    2123.0439751    2664.5874623    4907.1433613     526.7927440    5738.8201984    1458.3731727    5895.5520792    6990.9520419
    204.8091061    6779.5768140    2121.9065778    2672.2541977    4903.5793386     528.1122197    5733.4944702    1456.6830109    5895.6622538    7002.5867954
    186.3415043    6783.2305031    2118.7052675    2658.6062112    4904.6178635     556.6417962    5738.8416444    1468.1669461    5886.7746789    6994.9966458
    184.6266923    6804.6377165    2097.8092849    2653.6171001    4922.3427374     517.6533087    5745.7862146    1480.4508131    5896.0190658    6997.5836753
    193.3274707    6785.5403362    2122.0829364    2646.8313278    4918.9997234     530.2401939    5735.3598264    1455.7219931    5899.8006512    6991.6771464
    204.4447785    6788.0748752    2116.2502376    2644.4878666    4905.7304356     539.0954335    5740.2141780    1467.8731734    5899.5655141    7002.8020486
    190.1112557    6817.2991913    2147.6316334    2659.8697248    4901.3396492     524.6893498    5746.9934478    1461.5196802    5892.2383463    6977.6161448
    198.0313939    6800.4397554    2104.1374264    2652.0315935    4912.1413867     508.7764971    5736.4195541    1461.5941035    5879.1197994    6988.8381950
    196.1381114    6791.7692199    2119.5298455    2649.7070718    4907.4825476     535.0793309    5737.2446333    1477.6499192    5904.6984555    6992.8574689
    177.3347091    6790.1889270    2109.5922050    2663.6895644    4922.7325880     523.1193576    5751.6583605    1481.2085225    5896.9176079    7003.6850606
    188.4602983    6779.7637254    2128.8300287    2657.8776849    4914.8148408     532.9362010    5748.7036696    1465.1292364    5888.0710900    6994.5361642
    192.0446067    6783.4906159    2117.1639831    2650.5506075    4911.1823144     553.4908431    5741.2486598    1484.3656109    5883.0077230    7005.1317676
    193.7827588    6805.2654296    2111.6292965    2673.3898236    4909.8451318     533.7017257    5729.6151956    1466.9402375    5890.9871380    6986.4897420
    175.2096132    6797.3193988    2121.2325358    2648.5032086    4914.6636564     526.3734127    5739.7953084    1469.7861759    5896.5865256    6992.5738315
    191.5715349    6793.5164982    2109.6878955    2649.9110226    4916.5500949     538.5730737    5736.9365574    1475.2510570    5892.3547279    6990.8561749
    194.6137328    6773.7884265    2097.9221696    2658.8568450    4897.9683594     525.6059803    5751.1627608    1470.6026897    5884.5557004    6997.4336959
    179.3306214    6776.9634263    2114.6029790    2661.3410892    4915.3942976     532.7825085    5734.6726116    1468.0309315    5901.0155472    7008.6210804
    197.0973128    6789.5751113    2119.8328868    2660.7201958    4910.9138291     529.9343320    5734.5416052    1460.9977548    5911.8856644    7005.4329774
    186.8221816    6788.7784972    2119.3560520    2654.5670094    4906.0940489     548.0907376    5729.2918089    1475.9691529    5893.5957386    6989.4488822
    192.0545376    6769.8503381    2119.0308857    2662.7512398    4910.4309833     536.6040305    5716.1871122    1461.9717936    5879.6813531    7006.8365262
    195.6127106    6787.8829536    2114.3888730    2653.0377099    4923.5822176     523.2079231    5750.4985862    1474.2816380    5903.3629123    6994.1042335
    204.4844379    6798.3631887    2120.7771369    2666.6952912    4911.3185764     532.8939723    5754.6520507    1487.4596529    5876.5890212    7006.9540346
    181.0884195    6790.4582444    2110.4021790    2657.5234841    4912.7492063     537.5661857    5747.6735018    1463.8041909    5899.7410030    6994.7078439
    200.5177733    6800.1298733    2117.9320108    2657.7977201    4897.7043723     525.9065464    5734.9494891    1465.7791529    5879.0551402    6984.5729394
    192.8985091    6790.4335821    2126.1431193    2669.7941580    4921.0141778     529.9481314    5748.0932635    1459.3022816    5895.1935463    7015.4833595
    208.4053180    6785.3314754    2125.9847970    2651.5874235    4909.5805327     517.5320775    5746.5449566    1470.3451569    5902.9003092    7005.6428217
    190.6743754    6796.9863455    2135.0884675    2678.4794313    4923.4561508     536.5102101    5745.0626958    1468.1196457    5887.2996802    7013.3565142
    201.2946434    6789.8202964    2131.1573697    2663.8639085    4903.1688107     545.9918388    5737.0817423    1454.1099287    5895.9539630    6994.4816312
    186.2248507    6804.1908023    2116.8783818    2654.9443538    4913.2179413     529.6956278    5743.0638470    1464.0743116    5925.4388010    6987.0398499
    194.8420105    6783.6525966    2109.2557546    2648.7872086    4916.0081433     542.9373983    5753.1211190    1474.2521643    5888.8185513    7016.8009819
    211.4469147    6805.9869122    2111.5666284    2661.6809401    4922.8341356     539.4747785    5746.8636029    1472.7759761    5890.0310544    7009.6567705
    207.4462449    6794.7181687    2116.8341335    2659.5247649    4928.2161656     532.3506351    5748.1704116    1459.9332445    5896.8475300    6984.8369820
   1011.9751501    4161.4446962    6945.3180454    4152.8298434     472.7661757    5356.5870745    6636.1886196    5143.3087352    9447.3441156    5856.8869525
   1035.9028997    4147.1492071    6932.5580199    4146.6392424     502.6797885    5375.0728739    6648.5051382    5137.7079222    9438.1758067    5875.4947550
   1010.1291545    4146.5588986    6937.2180966    4146.8821460     504.9172377    5362.7093957    6630.4782798    5149.2264993    9458.1497847    5863.7044067
   1027.8110319    4157.0473561    6963.0968642    4157.3395900     500.9623662    5359.9920927    6636.1804510    5143.7704448    9444.3080578    5851.4407453
   1029.1245377    4137.7135267    6955.3142260    4152.2927297     513.4647470    5351.1959652    6635.6796986    5141.5889924    9430.3566083    5858.8483753
   1015.4168821    4151.8659300    6916.6101599    4146.8958451     496.9983963    5354.3874325    6634.8860872    5153.5486961    9444.9678034    5889.3328012
   1025.3127459    4135.8514451    6938.7048236    4139.6309385     515.4401568    5364.3951964    6651.7168268    5136.2490108    9441.0761374    5866.2466904
   1021.3392066    4147.5896076    6954.5165845    4138.1314627     470.8140870    5349.7358673    6625.9413692    5154.7163261    9466.3822597    5868.9811532
   1041.5420191    4143.9400473    6955.2313248    4145.0338259     507.0883328    5349.6941344    6634.8455044    5163.9722363    9455.2446520    5851.9985007
   1034.0954452    4152.8765716    6941.2455546    4145.1331310     493.7939859    5362.0480318    6639.5176155    5145.0380914    9445.5422859    5860.1250314
   1030.2339861    4134.1176150    6947.5420023    4144.6007982     491.6531053    5354.9759404    6641.0715881    5162.6353674    9439.5425353    5864.3118565
   1021.4817638    4123.0258091    6942.5227076    4149.3119041     507.3477779    5354.1637118    6643.3035498    5146.4026024    9449.5228775    5874.9101541
   1016.7067682    4145.3572474    6927.6031897    4151.5460814     484.0765810    5358.3267486    6636.0500156    5157.5078245    9463.8394142    5863.6702526
   1023.4301744    4129.9734084    6949.6533244    4151.7724676     511.3002995    5349.0032119    6629.2115611    5157.9373158    9455.3392866    5845.0504727
   1015.1786736    4118.6109517    6942.0897414    4143.2095857     503.0259290    5363.4847514    6644.5190753    5147.8838445    9430.8287419    5867.6880931
   1030.8559591    4126.4352897    6934.3237388    4153.8047827     515.8361088    5354.3134732    6624.9033771    5142.9075460    9437.6580067    5860.9781282
   1031.5718987    4121.3390059    6923.5660860    4161.2222342     491.4902278    5370.8006370    6619.4939429    5157.4771599    9431.8081585    5855.6768962
   1009.3776863    4146.0071365    6933.5896417    4131.8084687     506.2711231    5374.6430121    6642.2396640    5151.5015339    9453.7460539    5882.2281873
   1020.8610983    4130.7814083    6962.4325223    4155.9417068     487.3932973    5367.0966738    6642.0216123    5148.1810119    9434.4238112    5851.4420857
   1017.8686525    4139.8394820    6960.4120693    4127.8034454     509.7168210    5361.0931470    6646.1057073    5169.1168783    9441.5118411    5866.9294819
   1006.5272965    4133.8615247    6959.6187780    4162.0393543     501.2063806    5358.4420605    6642.5547420    5151.8613866    9468.4730905    5855.4463055
   1006.4947471    4133.1100132    6930.2240263    4142.9282453     500.0980267    5344.0313160    6637.6170333    5145.9533511    9448.3462749    5859.1410305
   1019.3392146    4137.6810969    6957.2907005    4130.4421133     493.7096538    5359.6124716    6637.2202513    5160.4544120    9442.9142227    5869.0152249
   1023.6718713    4132.0210675    6940.9276432    4141.5052542     491.5442308    5384.9265951    6640.1809168    5159.3467944    9462.6052609    5885.5941711
   1005.3132443    4134.1497345    6929.9888381    4136.8862551     495.9689834    5344.2461922    6649.0498310    5161.6387044    9438.8753823    5872.3554856
   1031.8847967    4147.1754360    6930.4205627    4166.2464757     520.4067269    5354.0717053    6633.3146108    5135.5834284    9452.0959176    5865.5184793
   1028.1643502    4136.3488659    6931.3781084    4132.1834916     493.3618407    5360.4563330    6635.6708493    5156.6803789    9452.7291922    5874.8906244
   1026.3104294    4159.1195875    6965.4414364    4136.8787852     488.9584968    5366.6335438    6643.8198827    5156.9163874    9440.9699234    5855.3074009
   1021.7778034    4157.9254444    6941.9797009    4148.7535190     493.9055489    5350.1665971    6629.9412138    5126.3753162    9439.3927436    5874.3848268
   1023.7774927    4132.0998026    6943.4656906    4144.3908307     507.8579129    5351.6507270    6637.8705814    5152.2199931    9456.4823194    5853.0436244
   1020.2861453    4122.5714936    6935.6050803    4145.1640377     516.6266664    5356.5822090    6633.9305077    5138.8964977    9432.2796629    5856.9332459
   1029.5514634    4119.6012112    6941.9409933    4134.9611148     489.0794987    5361.3428959    6630.0237891    5138.0150927    9440.1117985    5850.1055337
   1006.8981002    4132.5932540    6932.5498762    4150.7039072     498.7154613    5347.3234935    6636.8861635    5155.9024499    9451.7115788    5882.6969560
   1015.3177711    4153.3892027    6940.3105442    4142.5561016     490.9501006    5348.5823561    6656.1142314    5167.8039940    9448.9062964    5873.8939684
   1025.4921081    4156.3796763    6926.1936981    4158.0942166     482.7333793    5374.9545668    6659.3456366    5136.3599281    9438.8592849    5865.4273281
   1031.6907473    4118.8680938    6942.4312225    4148.4548067     507.3910786    5365.4660063    6633.4212041    5144.7815521    9440.3082072    5890.8416839
   1013.0370482    4142.9856200    6940.8314628    4140.1553407     502.7453182    5353.1473030    6638.3223735    5144.4009787    9453.2805044    5861.5438814
   1023.9202762    4140.6120176    6962.8512306    4160.3321463     487.5406315    5350.9789060    6623.3352573    5145.0013848    9444.6700297    5858.2358234
   1026.4630372    4135.0584359    6943.0919299    4122.7655272     505.5349119    5348.8626727    6633.0556084    5154.6781673    9431.2643733    5875.4567176
   1025.6666231    4142.7733640    6929.5989261    4128.0751817     499.8793343    5355.6092533    6631.7860276    5147.2999403    9436.6408734    5863.7158603
   1028.3644780    4131.2835046    6935.2177865    4140.2074443     494.5200280    5357.7745345    6638.1841436    5131.2188996    9461.3618550    5863.1105599
   1023.7114116    4128.1410788    6940.9950429    4138.3231016     488.6810550    5356.2026491    6621.9733472    5171.1293287    9447.6176180    5869.8936358
   1025.6506933    4132.0140691    6944.2165741    4114.6887579     488.8665806    5364.2527344    6634.8408156    5126.6571608    9430.9792925    5873.5623395
   1005.2978194    4140.7858895    6925.3029719    4150.3754370     504.4059897    5367.8509606    6634.1805619    5152.3343285    9447.7536116    5852.2023721
   1023.9610796    4133.4517253    6931.4894715    4130.1032993     510.4819070    5367.0657352    6634.0759455    5128.1626397    9451.6345342    5877.0187123
   1029.5482024    4137.9192466    6929.6795264    4140.7916069     490.4149516    5350.9171359    6637.0262412    5142.3855677    9446.5294976    5874.6911352
   1008.1718709    4143.0861917    6947.9802374    4138.7572425     478.9781566    5350.0548775    6660.6097854    5155.9831726    9433.8264101    5861.5628720
   1018.8365799    4141.3835096    6946.8832949    4149.6545200     500.6635010    5350.0545938    6646.7802765    5141.0134697    9451.2965904    5883.5665722
   1024.5726595    4123.7331669    6950.0675937    4145.6099206     488.8079384    5365.0986222    6638.3887056    5137.9816093    9447.5510278    5863.7303591
   1004.8304376    4142.6586365    6927.9342185    4146.3657429     485.0497725    5363.5315765    6638.9426327    5133.7677215    9450.3874522    5875.8370807
   9018.1529257    1365.1008381    1381.1271874    8069.8984919    3990.3285676    1652.5803889    9288.0383141    3474.6924421    7519.8039122    7252.8192281
   9029.0053327    1357.2129068    1399.7647616    8071.2125292    3970.9764688    1642.1370912    9280.0959668    3479.9162695    7497.2301599    7272.7804345
   9033.0309645    1372.0455518    1410.2141569    8072.1073073    3974.7445921    1649.6164062    9296.5498258    3499.0226523    7517.8633277    7258.0819538
   9027.3906744    1378.8867068    1393.0827208    8057.9762939    3988.2065144    1648.4466033    9281.5737509    3476.4723074    7507.3928221    7246.5455588
   9025.2186982    1368.2104171    1392.5433445    8077.2958852    3973.8808192    1645.9211000    9285.6174655    3477.5667469    7512.8786352    7263.7192872
   9025.2265173    1368.3585641    1401.3193407    8093.4704231    3981.5012856    1646.7911445    9287.3708566    3461.2383942    7499.7177108    7272.6903358
   9029.7560772    1389.8852655    1375.5965268    8067.3420535    3980.1087139    1655.4725608    9277.8666018    3477.3336920    7501.8546816    7269.9218309
   9027.3805789    1362.1867833    1391.6570168    8048.1969724    3985.0783226    1658.4532440    9274.3522697    3470.7664566    7490.0379792    7242.7355168
   9040.8159102    1375.7311159    1396.5471170    8072.4829339    3979.8063949    1637.5930083    9281.5224210    3481.2673761    7517.0342695    7261.1042271
   9023.8701096    1379.4900811    1380.9652236    8083.8124578    3979.9445889    1646.9370094    9278.8069094    3493.5852808    7498.2715423    7276.9437920
   9034.9974512    1385.8003943    1395.6852090    8078.7254450    3994.7499953    1655.4167703    9273.5974399    3479.5428532    7519.0779065    7257.8395582
   9024.7913765    1372.4938283    1398.5070490    8073.7764512    3980.9107085    1646.0148215    9288.6895719    3481.5223465    7512.0061862    7260.2850732
   9040.1563379    1373.9245125    1391.3212762    8081.8366640    3973.7456515    1652.9785602    9261.2252064    3475.2835936    7495.6796333    7250.5938179
   9027.3227468    1393.7973973    1403.8675148    8077.1533810    3979.8186577    1665.4059488    9254.3291647    3465.2651171    7507.5325039    7252.2416935
   9021.0373206    1370.5299180    1398.9932838    8083.4306192    3976.0699434    1656.4422638    9281.2313409    3451.7894978    7514.5256753    7239.2129407
   9037.2245088    1380.1665232    1398.7429289    8068.0662032    3982.6982990    1659.3968986    9284.7228109    3462.0282271    7499.8095495    7263.3127842
   9031.8510259    1381.6309493    1397.4770322    8075.9858392    3981.2229003    1655.3185128    9266.3232955    3482.9592943    7501.7350246    7275.4846733
   9044.6805785    1367.8548518    1394.3342353    8059.6396573    3977.7024966    1669.0902564    9276.9539853    3487.0867617    7520.3654578    7261.3501661
   9045.1916121    1372.6361550    1395.0060651    8058.7249505    3969.4071320    1649.9645629    9280.5673830    3466.5057614    7509.6827573    7243.9834626
   9030.0309726    1367.7476125    1408.6719159    8066.2560782    3975.1812906    1662.4540994    9267.8763294    3481.9298255    7506.9229410    7250.7575876
   9026.2869478    1382.2522662    1386.7279208    8081.4486118    3977.0354591    1644.9914351    9274.3363188    3498.8039655    7508.7544837    7252.1043881
   9037.2969517    1370.8645958    1378.8121837    8077.6134350    3966.7940143    1665.9093173    9286.2487954    3484.4110015    7508.3455510    7251.2694788
   9036.8934886    1367.1251932    1403.4707284    8060.1463714    3991.2855676    1652.4618725    9268.1640549    3466.1928449    7513.8003373    7264.2185670
   9041.4103072    1373.6671151    1386.9206524    8074.9445336    3964.6001205    1651.8529397    9266.6946450    3490.4571634    7512.7642525    7255.9321676
   9028.8346214    1385.2848745    1386.4120406    8072.5197760    3982.4100889    1645.8628805    9287.7193945    3480.2432763    7523.9212073    7260.0476934
   9061.8927674    1378.8083674    1394.6359531    8060.6125914    3979.3738046    1639.6865800    9272.2015978    3474.3649978    7517.0578362    7256.8891248
   9031.2181980    1366.8786823    1389.0940956    8068.3251597    3994.9081158    1644.9698239    9263.5816030    3471.4228149    7519.0021366    7240.5822154
   9047.9428181    1365.4439055    1382.8236613    8060.6158089    3981.2401226    1646.5806927    9276.6689942    3477.7856452    7483.9621539    7259.0688436
   9037.8177057    1361.8715587    1379.3328856    8072.9792763    3992.3618258    1667.8478682    9292.1911015    3468.9353658    7513.6611831    7254.5878646
   9040.9355130    1373.8236687    1374.2228699    8079.6002226    3955.9897694    1677.0181303    9302.1470532    3471.1449821    7507.6239371    7260.7777486
   9037.6983798    1380.6643833    1376.2267736    8063.6084273    3985.1769804    1658.0422298    9268.4874102    3464.4193714    7511.7595007    7255.7890025
   9043.8626701    1385.4029477    1399.7800168    8077.1138989    3979.6571539    1662.3679488    9267.7861519    3461.7464336    7514.0729240    7262.7131914
   9037.0002757    1373.4206758    1370.2527070    8102.8488126    4004.1899220    1648.4397915    9283.4193155    3478.5478187    7510.6549175    7263.4127776
   9044.7541813    1368.0565467    1399.9170091    8080.9895038    3951.2812027    1668.2253759    9281.6599981    3471.8364248    7508.5998324    7265.1045317
   9031.1759608    1380.0011438    1372.2547113    8076.0319729    3987.8734487    1661.0555145    9277.2644755    3469.8534271    7508.8246104    7248.1168250
   9035.2252238    1373.0028953    1397.7578911    8087.8013121    3985.2737898    1645.2266123    9265.4108238    3469.0013125    7499.4165359    7249.5945117
   9053.9343054    1387.7433333    1386.8427464    8074.4094808    4001.5484243    1635.7550239    9279.0433352    3497.6913150    7509.6092637    7254.4664368
   9046.7178322    1397.3545180    1390.9343147    8085.8474424    3967.1750531    1656.1816368    9281.4761396    3473.1420850    7502.8237255    7266.3090283
   9042.7691135    1364.2533501    1386.6899544    8078.0942650    3961.3505728    1643.2900277    9278.3455528    3485.7100402    7510.8584206    7259.2204529
   9050.8439340    1376.7689132    1387.4838533    8053.2002436    3982.0300225    1649.0391399    9271.5982685    3476.6024103    7499.5036836    7264.7112102
   9032.6303392    1401.2684383    1386.2010025    8076.7085067    3970.6912188    1660.8401073    9266.2139285    3478.4318699    7508.8551946    7264.1401151
   9015.2271525    1380.5016299    1393.7840967    8085.7559243    3968.8199394    1652.2829407    9265.4823400    3469.2194648    7514.4044485    7265.3519984
   9032.6154429    1376.1634582    1395.8831586    8081.6037389    3982.6112275    1671.4278977    9274.8394935    3492.5614954    7504.9102599    7265.5879138
   9036.7270097    1382.4137286    1393.0969566    8091.5186103    3956.4325127    1662.1443326    9282.0674883    3485.3407299    7525.6389902    7273.2405544
   9019.9701527    1385.9984052    1388.3527799    8076.1151289    3981.2494809    1645.0910656    9261.3815051    3479.2136012    7509.5661303    7254.2202439
   9024.8911499    1374.8069102    1389.7600761    8073.3427682    3995.2486924    1659.3757365    9288.4676583    3471.4422225    7524.1676187    7259.7651424
   9035.3479540    1375.3623105    1396.4366402    8058.4365548    3976.7822329    1660.3523999    9289.3698211    3482.1820025    7501.4666218    7246.1953768
   9037.3370893    1356.6717448    1391.3987253    8079.2594516    3977.8141738    1650.9349466    9256.1314659    3477.1957173    7518.7087533    7257.5232390
   9029.8726833    1378.7910195    1399.7977502    8082.8011105    3968.0596717    1648.6834198    9278.1132279    3487.6540248    7522.1881841    7253.9306704
   9042.9608878    1388.0156977    1395.6294032    8071.7367461    3967.0370347    1664.3400991    9275.0155235    3492.2396057    7526.0117982    7246.6542104
   8828.3821452    6235.6922670    7498.9602569    3480.8161168    2714.4587859    8952.6842250    4283.5404800    9629.3961993    6627.7546574    6209.0198610
   8824.9682046    6235.4434186    7508.0697970    3474.1950804    2694.3498719    8966.8116545    4269.9897636    9669.2656179    6647.5815081    6212.2930633
   8811.6877903    6215.1729088    7501.9206302    3481.7030549    2689.7895294    8976.4001912    4290.6639294    9657.5384687    6627.3519312    6225.4111413
   8833.0465917    6237.8549559    7514.1053475    3517.4612410    2684.8768307    8957.1646663    4262.8587103    9654.4806918    6636.5970137    6238.7119063
   8838.8314070    6221.9902650    7496.9567659    3506.8440486    2676.2130925    8968.7835246    4271.7555702    9645.9614987    6634.7630989    6204.8901120
   8825.2381260    6235.8964855    7526.7177204    3495.5661813    2691.3478830    8958.6866793    4272.9062923    9650.0108568    6624.0546855    6213.5527888
   8850.8165719    6224.1767040    7517.2864988    3486.1946190    2706.2134781    8957.5426141    4280.5090127    9648.7372526    6648.4836568    6227.5105605
   8835.1718686    6251.1860086    7521.3472798    3500.1789355    2711.5901485    8945.6304638    4298.0637717    9636.6647399    6633.2797511    6224.0027186
   8812.1909594    6237.4885351    7520.0610783    3491.2874455    2707.2874268    8953.6806740    4265.4688111    9649.4985442    6622.4630713    6214.0660795
   8824.4158254    6238.9922952    7501.1843268    3484.6789602    2722.0930469    8958.7801248    4278.9982030    9661.0056283    6639.4039233    6231.0572407
   8837.2139226    6240.6416479    7507.2003752    3503.3374568    2702.6261388    8959.0498185    4301.9192292    9627.6525738    6628.1503780    6225.5080253
   8824.9175190    6229.7930992    7515.5774761    3489.6814294    2706.4208724    8952.6517155    4280.9782060    9643.3944968    6624.4872053    6207.0889940
   8840.6515550    6213.5960509    7506.1926050    3478.2443020    2702.3775809    8955.7578340    4287.2707292    9652.6743690    6616.2857713    6222.1610738
   8829.1464531    6236.8456269    7506.5610646    3493.8767614    2722.0354955    8957.7567623    4303.4596695    9642.2808282    6631.1050657    6229.3768379
   8834.6820107    6243.8277349    7513.0943825    3505.6507207    2685.6462675    8949.0408548    4284.9980964    9676.1710014    6628.2693004    6222.4977065
   8851.7511279    6246.6247107    7532.4399514    3473.0519446    2688.2160765    8938.9083343    4275.7072798    9651.1268799    6626.0005272    6219.9640894
   8836.0222932    6229.6476811    7514.4308637    3482.6874018    2691.0723598    8969.8021101    4300.0166462    9657.7283223    6629.0999020    6222.5024998
   8842.7863718    6242.0304986    7507.4750347    3462.5066135    2706.4538538    8959.0948973    4281.8908326    9642.2664824    6612.9065274    6215.5469321
   8844.4199225    6243.8853934    7503.6792887    3489.4855215    2695.5433627    8938.7223991    4282.5942931    9663.2351056    6653.4761708    6214.7835298
   8838.9046889    6218.3436029    7497.4412929    3493.0099717    2704.1199789    8943.5237468    4272.1701872    9640.4372332    6641.8463798    6214.3667813
   8833.4787962    6247.7144869    7514.7705708    3478.8825342    2699.9512165    8948.1004132    4282.1724436    9660.1518604    6643.0894671    6223.9478070
   8837.8059863    6246.3128203    7512.2466775    3496.5789591    2700.8261667    8964.1829351    4283.4615982    9658.3275794    6645.1141456    6211.6444042
   8822.7278157    6234.8511233    7528.3844974    3495.7911840    2676.1214448    8966.1988973    4271.4490904    9649.3821907    6619.1643722    6193.5058917
   8850.0664106    6246.7647704    7525.0801081    3495.1362696    2684.6332423    8979.6871081    4252.8962765    9647.1134996    6627.8766152    6210.0185120
   8810.1869591    6222.0534594    7505.4034645    3503.1727330    2689.8147246    8963.7753000    4286.2797501    9657.7825475    6628.6021128    6228.9147623
   8821.7311724    6243.2317057    7502.3071367    3481.2734185    2693.2867924    8943.4604307    4271.4692923    9651.8247330    6641.2293674    6215.7072846
   8843.2182093    6221.4406314    7508.7633152    3496.2990691    2707.7043039    8958.8702121    4303.3406453    9650.5877449    6622.9917453    6219.9344286
   8818.0510223    6246.9675656    7506.2040750    3484.8109910    2702.1117525    8957.6929107    4260.7088326    9625.9902448    6631.1279516    6219.1240027
   8838.5447929    6234.0298895    7501.0340971    3490.0469170    2690.7709002    8959.0717403    4265.5586633    9645.0901628    6615.4109619    6235.5528442
   8828.3863245    6246.3752477    7504.7275903    3488.6486017    2700.3410749    8950.8238433    4276.1899434    9644.5179735    6640.6401733    6209.2130611
   8836.7005675    6243.2446753    7502.1284359    3489.9412518    2705.2240376    8964.3401332    4284.0623905    9664.2860932    6624.7934522    6236.9492577
   8823.0718268    6230.1551646    7515.7892475    3511.5671953    2690.2520108    8943.7065081    4281.1256365    9643.3725279    6654.2426146    6220.8987119
   8826.0796355    6245.0571368    7516.5404570    3473.8119071    2727.4697886    8964.4623162    4280.7273114    9647.1219480    6653.5948341    6220.3507976
   8835.3838660    6218.6837617    7503.0553129    3472.2559781    2701.3674855    8964.1951019    4248.3815564    9647.0924968    6616.8118191    6221.9349801
   8837.1652652    6225.4723681    7509.5244877    3491.9993108    2701.6227186    8979.3822334    4284.4194657    9635.0304955    6635.0484200    6218.4644976
   8832.3581182    6234.2952602    7519.2606887    3508.6178608    2714.2733888    8951.9189422    4274.4034667    9654.8789695    6637.4158604    6237.8419719
   8838.6941286    6228.4259057    7494.7528130    3491.0656389    2716.7888684    8950.9250189    4281.0839807    9650.1546263    6628.1946453    6227.7484944
   8845.6994621    6237.1582015    7490.8017449    3484.1795949    2698.6840865    8959.7379634    4280.6674385    9649.6127710    6627.2517873    6216.5831343
   8840.8676942    6230.1560993    7515.4949879    3494.5562610    2709.2550327    8955.8966649    4262.1127363    9653.0476712    6651.3611615    6232.7160655
   8842.6199805    6254.0425791    7506.1788522    3498.4620663    2693.2424574    8954.0937941    4285.5287231    9645.2272842    6625.3944797    6225.0984860
   8835.2143264    6251.0252226    7496.1883391    3484.7762216    2694.1063731    8956.5354091    4288.1253557    9636.8078369    6645.1233099    6211.9674466
   8844.6434260    6251.7326241    7527.8539582    3478.8508279    2695.5146410    8966.3383973    4290.3482364    9644.1448544    6642.4727576    6217.5257339
   8827.5473291    6230.6801864    7521.7740271    3487.9523145    2695.5903730    8977.7878761    4282.7853911    9636.0569300    6635.4663210    6214.7388075
   8829.6620161    6239.8186416    7486.7712280    3491.3330574    2689.3068148    8964.1666513    4286.6158871    9621.5492229    6639.3104492    6223.3758035
   8835.3912877    6229.1157530    7521.8608578    3497.4861307    2689.7375586    8960.1952945    4294.8708943    9659.8887976    6645.3109494    6215.5502976
   8844.9001003    6252.2740864    7529.9141877    3495.8427673    2703.6858441    8964.3427749    4280.0589313    9648.7149949    6634.6049675    6211.9607146
   8832.9989495    6235.1257191    7513.9282505    3487.7784293    2703.1345701    8963.4231117    4283.7492222    9672.0564862    6644.2418167    6201.1342611
   8820.3750142    6246.1541038    7520.3845050    3486.0199509    2701.5626203    8958.4102565    4279.2122190    9656.0959816    6624.5297985    6209.7987424
   8839.9444768    6229.4920455    7509.7468235    3492.3471014    2679.1854498    8965.9932530    4280.8899356    9667.3481221    6659.4044125    6201.6406946
   8833.3532647    6232.2815075    7508.2002209    3478.0439189    2688.0657807    8939.2882761    4274.1187473    9653.1774515    6638.4165149    6244.1310645
   1161.9451643    9484.4871840    4497.5430335    5798.2789588    4088.6891054    2372.5298241    9022.7744283    5735.4956080       5.8455242    6185.5720979
   1154.4477333    9501.1913198    4496.7603609    5771.4122601    4080.3222657    2377.2287599    9049.5555988    5732.3835098      13.6492986    6177.4460031
   1157.3954114    9494.4639450    4505.5434776    5802.3664499    4077.6580379    2376.5174808    9038.7312380    5743.7157971      31.1532748    6181.9526598
   1146.4893365    9479.1344385    4502.3315056    5787.8023519    4080.5074119    2366.5052118    9036.5488978    5722.0961037      41.9720257    6168.5549746
   1144.5518936    9491.4927874    4485.0992344    5787.1599694    4083.4021424    2380.1347550    9035.3840402    5739.2697355      47.9988074    6168.9363257
   1149.1238976    9489.3115165    4495.5207740    5783.5339436    4066.5314829    2367.9069515    9039.1158457    5748.0185153      34.6153872    6191.1520618
   1154.7706531    9489.1133057    4497.4843120    5793.9842724    4099.3257847    2382.7419228    9040.0589470    5752.4780743      33.6085186    6176.0896563
   1157.4686574    9496.3705944    4495.2518797    5770.5897672    4073.3333191    2372.9002073    9032.1166207    5754.8594422      20.1263519    6149.8958856
   1134.3924829    9488.2494504    4489.3243593    5778.9803144    4083.5734299    2367.4069532    9029.3307517    5738.9182543      24.7291577    6178.5124884
   1148.1138955    9492.6192736    4504.0118453    5775.2211121    4076.7176215    2360.0423747    9030.0944349    5730.2261279      27.6382696    6160.6605468
   1135.8914336    9511.2770990    4521.5089645    5799.5355211    4082.7760436    2350.0943063    9042.9857913    5736.3535233      24.5351571    6176.6704000
   1153.0731424    9510.5169050    4520.0096176    5787.2000999    4075.0645388    2372.2122208    9020.5568986    5733.1338829      18.0919718    6180.8384074
   1160.2061652    9492.3728080    4504.0090350    5787.8026450    4089.3033612    2369.8800796    9044.6536109    5731.5406190      39.2106373    6183.6751390
   1147.1259647    9499.4227660    4500.0491981    5789.8789938    4088.1319245    2372.8745196    9031.5550119    5745.0449125      33.3264070    6195.2767974
   1136.6896437    9514.3560775    4503.3129409    5791.9490938    4075.2189509    2366.2522143    9037.4263877    5737.1063823      14.9075808    6172.2544000
   1148.3461458    9490.3161390    4509.4325142    5796.1261083    4073.2259828    2367.2551764    9028.2359254    5738.5934787      39.0063499    6175.8852676
   1145.8097834    9489.8231207    4514.3706292    5796.9580281    4086.3083961    2358.1730173    9043.6559853    5738.2658790      18.9619013    6185.5889728
   1152.8784811    9481.4737349    4496.6058142    5782.4465927    4076.0619003    2376.5639136    9044.3086126    5733.1401587      49.0293226    6174.1255287
   1165.6398473    9499.6948462    4509.5142173    5798.4749021    4075.6065432    2381.4438977    9025.5815066    5736.4423116      29.9423336    6180.0289715
   1130.1503298    9496.7484080    4498.9241359    5767.6812238    4064.0759841    2367.5209101    9018.7840911    5739.8288123      17.9207720    6167.0613556
   1141.3808659    9497.2796592    4503.2702664    5762.9395654    4060.3118637    2378.1500282    9023.4840804    5741.2122018      32.2059385    6173.2966122
   1147.9736751    9499.1577110    4487.5264094    5785.1985021    4085.6277540    2378.2171010    9040.5971518    5734.9761600      30.6934452    6173.5369694
   1140.3277388    9496.2866837    4501.4212771    5780.0705196    4082.7173780    2381.9746899    9028.0963566    5760.4009926      30.3396139    6177.7615298
   1157.5001994    9498.2681735    4492.9238105    5782.2431155    4088.2315124    2375.0585821    9006.5958247    5753.8039881      25.7596501    6165.1222301
   1153.3662387    9487.4298938    4503.9664977    5774.9833306    4080.6174380    2370.1799752    9043.3861455    5743.4205432      25.7615902    6150.4858022
   1139.5958856    9499.1932122    4506.6074469    5773.5421708    4082.7819978    2367.6085207    9048.5309656    5749.1460080      32.9283863    6151.8272751
   1145.3191543    9490.7082932    4499.6715821    5769.4886563    4093.2067290    2385.9272047    9031.6057139    5734.2869348      24.6582071    6171.4260156
   1153.4660739    9510.2383841    4499.6258051    5783.9404591    4095.4285100    2358.5763268    9043.7871542    5746.8575230      35.2715789    6165.2729637
   1153.6597511    9500.7906503    4516.5244349    5782.2017481    4088.0508071    2359.1856182    9036.3447531    5736.5028207      22.7721582    6168.2109134
   1166.6535523    9499.8614241    4500.3073958    5772.8564039    4076.3977148    2373.3992100    9036.0568563    5751.4259566      28.9559089    6170.0612203
   1147.2897662    9495.8630116    4498.5029044    5785.5726856    4087.9071010    2383.2940865    9029.6935118    5723.4840253      34.8767720    6187.1410090
   1146.6388592    9501.7113939    4491.8635915    5785.9401411    4076.9359610    2367.1089943    9027.6815188    5732.7254033      25.0117889    6173.2557074
   1148.8104751    9504.5788070    4498.1781662    5774.4198634    4079.0251040    2359.3559015    9043.7669680    5747.6596746      15.7130068    6158.4064739
   1159.2852875    9490.5973763    4499.9455219    5762.5010163    4093.8367064    2388.3229210    9036.9640285    5727.0792281      45.1709108    6172.9131090
   1145.0354546    9515.1325456    4489.9647126    5790.3609174    4069.3688142    2378.1077712    9028.4161292    5724.6240563      48.8318369    6172.4344709
   1138.0340157    9479.6397373    4491.6095952    5795.4277976    4080.4398786    2359.1544348    9049.3287769    5726.5192208      27.9861380    6175.9043890
   1146.2411385    9496.8010769    4476.3997435    5754.7511547    4085.2773795    2358.6124175    9041.9137703    5727.1663789      13.0236673    6169.9296623
   1143.1359204    9494.5349615    4514.2495342    5776.1361987    4078.6503396    2380.4662626    9029.4427693    5726.6403014      30.5623706    6177.0806667
   1123.2699953    9487.7243873    4504.8717592    5788.7035054    4085.0691560    2368.6453233    9020.7701271    5734.8737126      45.3106578    6180.1362602
   1127.3080477    9484.9235377    4488.7788269    5792.6913544    4088.4930759    2387.9916742    9046.2564361    5725.1586110      29.3190126    6165.6845360
   1131.5303645    9502.0494430    4508.3698508    5780.2346748    4096.5843145    2383.2493492    9031.2600647    5732.9702395      38.4339809    6182.1462756
   1142.0155821    9494.2618767    4508.0595234    5802.2753038    4087.2148129    2386.3152648    9039.4613364    5729.0349888      39.5521572    6193.8690308
   1138.2121767    9506.1814860    4487.8334221    5776.6487677    4087.6037397    2384.6494671    9036.5366241    5731.7501766      39.7699803    6178.3821773
   1151.1334529    9479.4851395    4500.2975309    5775.8383221    4065.6751954    2367.2719213    9053.0579236    5744.9729935      29.1083054    6172.0390704
   1146.9809260    9498.8782773    4496.4527431    5773.2558207    4075.1435919    2376.5660497    9038.6209396    5726.0653783      27.4980142    6177.3871297
   1139.4942647    9511.2231688    4490.2102330    5780.2498507    4098.1872343    2366.1884656    9019.0126728    5728.6889818      21.6462308    6180.5034741
   1150.3472840    9493.4376455    4498.3805790    5785.6386756    4094.6963230    2366.4111383    9025.9744982    5733.9484507      24.7624816    6174.5229614
   1143.6531439    9491.7023012    4492.0435111    5776.4522721    4076.5810874    2372.9474212    9040.1718622    5739.4055967      14.0789689    6183.1042458
   1176.0039703    9491.9512643    4488.6923609    5786.1868211    4093.0248834    2365.5212589    9040.9374896    5737.1133985      41.8006100    6176.8772635
   1151.1776825    9479.0967000    4495.1622786    5787.4373985    4103.9913784    2378.5066248    9038.7429533    5725.4839047      26.6852233    6151.0496171
   3251.0149604    5260.0828168    8850.9294982    3567.7504722    9074.0772069    6234.5142773     145.9970061    9301.2241641    6900.7287421    9971.2604013
   3263.5422223    5261.7083814    8864.5973341    3564.7868571    9089.0646023    6227.7843542     158.1311952    9288.5952779    6925.3176167    9982.1809466
   3293.7574708    5256.8345568    8877.0997745    3576.8001331    9091.5808155    6233.7117258     158.9310331    9291.3473199    6918.4028320    9973.0842746
   3274.4795183    5273.8501361    8878.5305687    3576.3483610    9097.4386695    6230.3689417     151.3772115    9297.5984582    6907.8280703    9972.0267379
   3263.3532757    5266.2257585    8877.5080599    3564.5801403    9087.8823138    6212.6701472     166.6278873    9299.5172023    6919.0430075    9966.6103626
   3250.8825534    5267.3266458    8883.4487608    3571.4735556    9088.9877898    6230.7755565     166.8761802    9284.4715710    6910.0111546    9975.8636787
   3279.2083291    5287.6686251    8837.0055534    3570.3079707    9070.1314116    6226.2674238     164.8826671    9305.9231309    6921.3419620    9954.4192533
   3253.0087170    5257.7111714    8851.5909564    3572.4068924    9090.0630535    6233.0548818     154.1785750    9306.8257886    6899.2009572    9970.4361552
   3254.5275936    5265.1240931    8865.6621643    3554.2764300    9078.6982420    6227.4545364     153.9443447    9294.2824723    6904.1011590    9966.7195104
   3265.4691889    5268.9027639    8843.3775696    3554.9056028    9079.6258988    6240.6006183     156.2453659    9286.9078181    6918.3466565    9946.9744921
   3273.9106661    5277.3221227    8869.5636681    3571.8904577    9083.1350319    6227.1375668     171.9532750    9285.2432322    6913.7662869    9980.6521720
   3268.7644967    5261.5113852    8884.2404455    3574.9637946    9083.9723468    6228.1856655     150.1665085    9303.6786113    6924.3998273    9987.0463735
   3264.7823301    5253.9951938    8853.8775015    3577.7644347    9086.8762673    6229.8773465     147.0419681    9290.0941901    6918.3610133    9964.0214054
   3262.0226443    5277.3875595    8849.0592550    3555.1864679    9090.6929400    6240.5994849     160.3407392    9279.9411300    6907.7128684    9988.9920675
   3252.0836341    5273.3542831    8853.7748731    3574.7999162    9073.2233882    6216.7641487     163.7018186    9295.7032336    6911.3028363    9958.3844337
   3270.7678622    5283.2595394    8854.0171232    3576.0625066    9080.3467195    6242.5070211     149.9474505    9293.1202130    6917.5383626    9977.8467988
   3256.9555462    5270.1925812    8883.1449585    3571.7082305    9108.0300998    6229.5616864     152.2754789    9297.6390960    6920.7703181    9963.9552339
   3263.7218911    5288.9087495    8856.9489156    3584.8005008    9106.0567645    6213.7078090     159.1276973    9270.6083418    6890.7869775    9970.9082391
   3279.0171325    5264.3578881    8874.3198673    3571.9436966    9088.2248155    6233.4990528     169.7305391    9293.5683162    6921.6459217    9964.5663020
   3257.8457107    5268.8425603    8848.0126723    3561.4259012    9091.1944383    6235.7166129     147.9105760    9306.2299221    6903.3104760    9975.7200276
   3254.6611807    5265.8460243    8870.0643929    3585.3726531    9074.5685007    6228.6408106     153.5807458    9288.3260418    6917.1760590    9969.4194394
   3279.6105881    5254.2410196    8864.1977674    3582.4917509    9077.2123506    6230.4667154     146.7956188    9286.5478083    6898.8191470    9983.9439971
   3257.9303583    5287.8668404    8871.1337853    3566.5481884    9083.5191984    6220.2506003     140.7403281    9302.5329852    6913.7314786    9975.5792871
   3280.7359453    5271.0151433    8858.1520486    3573.0435811    9097.1997079    6220.5059146     156.3444085    9314.0656009    6910.4698287    9967.9878557
   3284.2956778    5270.9001008    8870.6338725    3569.0402204    9093.1499509    6229.4746130     163.4241323    9303.8039037    6896.7814436    9966.5667343
   3271.1732895    5277.1939323    8855.8007670    3581.4656807    9102.2920223    6229.8375590     149.0126819    9298.3434545    6908.2487646    9975.2816747
   3277.7696672    5267.5802094    8868.8796615    3582.3833367    9079.5737112    6217.2727261     140.7816702    9308.4521641    6940.2894725    9977.8666322
   3271.9939643    5278.5731840    8856.8850673    3573.5745064    9078.7419926    6239.0968625     165.9317618    9301.2915514    6897.8690864    9986.5490183
   3272.9369141    5270.5749786    8860.7090101    3560.9159516    9084.6104675    6233.1383001     170.7815992    9294.9330083    6907.7118586    9973.7223016
   3266.9536898    5264.5553262    8863.7642483    3565.1822867    9081.6064441    6217.8476881     161.2585580    9295.1474410    6898.9086175    9968.7878272
   3278.0604377    5267.8901203    8842.7904803    3589.0588991    9098.5520827    6232.7108056     153.2077382    9285.0160881    6907.7744564    9972.3504064
   3251.6687861    5271.8334247    8861.3793165    3581.5651505    9085.4907442    6212.6573512     154.3572137    9280.2826097    6909.7335898    9969.1035381
   3271.2769176    5277.2413197    8860.4700916    3557.0625489    9094.9379377    6218.1814350     155.0322557    9280.1446390    6907.2737668    9987.8442801
   3273.9488796    5273.9633371    8856.2692841    3577.4119763    9067.8986925    6220.8182915     165.7754573    9290.0807772    6921.7910276    9959.9486535
   3280.2993356    5273.5348560    8866.3119051    3576.0052730    9115.4790549    6222.6153283     150.4908009    9287.2347493    6926.1115424    9978.0768009
   3266.8567959    5253.8183746    8868.3046781    3582.2593574    9103.8334275    6230.7608686     150.2686148    9295.4853017    6906.1228986    9961.5214849
   3277.6922052    5290.3194002    8867.2570366    3570.2652001    9078.0708673    6236.9312653     147.1259058    9301.0383202    6906.6157323    9966.2739963
   3269.8667328    5270.2490573    8855.4213931    3579.5098349    9079.1744373    6223.7900478     141.4994903    9322.5902262    6898.1823416    9977.4325383
   3278.4770523    5252.2513291    8854.5328473    3584.2452607    9082.5013263    6245.2286624     156.8604870    9297.3100021    6923.4237421    9960.7928845
   3248.3188407    5280.9516262    8880.3802437    3570.6957431    9086.7630823    6227.7153973     166.0893057    9300.9848304    6914.8956314    9961.2073507
   3261.8578633    5273.2016095    8873.3305650    3563.2157346    9066.0344647    6240.7620408     165.2538639    9291.6918782    6898.2845752    9944.7791286
   3265.8656250    5273.7463222    8852.5838598    3570.5725238    9073.6700880    6229.5310266     154.8738673    9285.0711836    6904.1151724    9964.6223571
   3275.2922468    5275.4927954    8849.2420020    3559.1735761    9094.1307853    6240.8892277     154.5645181    9282.3800843    6894.3046460    9966.3310436
   3265.4743981    5266.0435075    8865.8664409    3567.5915697    9081.7738635    6255.5307480     152.5637055    9297.3165281    6900.9150982    9983.5047779
   3257.3131647    5270.6434640    8859.8735227    3586.2973427    9074.4979251    6231.8761263     144.0761149    9307.2820964    6919.9427221    9980.8677124
   3254.9022635    5283.1150646    8863.0498748    3588.6278036    9087.5191873    6244.6032503     155.6306896    9298.0613212    6907.1899145    9966.0030506
   3273.6277044    5278.8208411    8829.5726317    3548.6957804    9103.3275445    6248.6907056     160.0891059    9294.4087487    6921.4500527    9972.5423968
   3282.8949419    5280.9518836    8867.1355907    3567.3933013    9093.1465394    6222.1113971     165.3575849    9293.9222399    6897.0505798    9961.5392246
   3267.8818201    5266.9192761    8864.4428498    3575.4558385    9075.7908854    6232.0622997     164.7752182    9296.7772220    6908.1593297    9983.5857246
   3278.2458382    5278.7807566    8847.9880499    3570.1278508    9089.3071050    6215.9829161     163.0065686    9291.3829770    6925.3586662    9979.2807088
