   4173.0759203    7212.0963461      -6.4002312    3035.8544079    1472.6882064     920.4050193    1867.4872952    3454.8515533    3978.9910362    5403.3655082
   4192.0758011    7189.2799711     -13.2973899    3018.2810677    1469.1592789     932.1476369    1865.7584632    3435.3852583    3964.6127022    5396.4470865
   4172.5209944    7210.8650462      -1.0795333    3021.3181456    1469.4245221     927.4864642    1864.5851110    3456.7973569    3960.9681194    5391.9429779
   4171.4382597    7214.5397735      13.1329270    3025.1772905    1463.8060587     916.9986436    1866.8370573    3456.3806711    3964.2362056    5388.6033086
   4164.0200386    7210.2252548      -3.3275375    3035.5708034    1471.5938246     929.3217329    1851.6529953    3457.3010948    3975.0803068    5378.6303340
   4167.5578620    7203.5710799     -12.5874250    3026.4773202    1476.0205146     914.7907883    1866.1075736    3442.4844363    3967.2877872    5372.0096165
   4181.4342241    7207.3339398       0.8975786    3015.5741101    1480.2964675     943.0569652    1844.0222951    3467.9689107    3983.9512498    5391.5474570
   4158.2273667    7211.8783876      -0.6654548    3017.2865200    1455.2583268     928.8913226    1870.5301824    3449.3719631    3972.8805057    5376.7239261
   4178.2386573    7203.7106074      -0.7219495    3022.3082676    1476.2477697     930.8900641    1867.8967670    3456.9842825    3968.4529536    5394.3511427
   4172.5449926    7210.0704485      -1.9574196    2998.9773487    1477.9471542     945.2557442    1867.0157582    3454.6057181    3966.3102949    5386.9767982
   4170.3941411    7192.0247471      -4.0271964    3013.3554580    1470.0468998     920.4195362    1867.5542270    3453.8602388    3977.5380942    5390.3026790
   4192.1270443    7184.2813252      -5.3254187    3032.3405952    1492.8421652     920.8995999    1863.0388037    3453.3441280    3980.9893134    5385.2942614
   4177.0207454    7200.0469184     -11.5818394    3026.4612035    1472.5907563     936.3182065    1861.4976435    3449.4336498    3973.3023533    5390.5747110
   4173.0266978    7202.5138074      12.7471339    3027.0206535    1486.6054953     934.4965147    1869.1926117    3439.3328870    3973.6979351    5392.3701621
   4178.3295638    7213.6893554      -2.8650337    3031.5657825    1461.9358539     942.9347284    1849.2825971    3438.0003848    3951.1675296    5379.2617842
   4159.0288930    7222.8057235      -2.1212468    3009.8989684    1478.7027379     917.5207083    1850.2335800    3464.3656597    3973.9083641    5383.8177732
   4184.2954470    7204.5359502      17.3132442    3028.3531351    1483.1469636     924.4799747    1850.4046698    3480.1009569    3962.2170006    5386.1789614
   4163.2160620    7201.2109899       3.5704426    3025.3440281    1474.1691110     941.3075298    1861.3974681    3443.2760631    3955.8515610    5381.5097949
   4153.4780889    7211.4952327      -3.8383875    3020.2158765    1467.5399933     909.4197434    1853.9889502    3462.3543857    3973.8601336    5383.7356207
   4188.3253962    7190.1876652      -2.3061239    3021.0173289    1439.6280582     942.7612358    1866.2654339    3445.1613766    3988.1864767    5394.0239600
   4174.5153084    7197.1749504       2.2059754    3008.0689232    1475.5091691     919.6415645    1863.9425957    3467.6278191    3970.5222234    5390.7920145
   4172.9850401    7195.9122184       9.5037954    3038.7593174    1475.1469648     932.2350358    1853.8292986    3446.9293982    3953.2659821    5400.4898707
   4167.6782483    7217.2433738      -6.6753687    3018.9506365    1468.5131590     932.6004484    1863.2096157    3457.7185180    3967.8400180    5389.9392172
   4159.0553468    7204.0542054      -0.7220418    3022.7574815    1472.4822737     916.5791663    1861.7570335    3452.6336516    3971.8477624    5396.0150465
   4160.6657944    7209.1040387      21.8015814    3008.6141571    1459.2571892     914.5801717    1859.8111366    3471.8357613    3967.8082691    5381.2204041
   4176.4380821    7197.2468891      12.3778698    3026.3783967    1481.4467021     916.7725053    1892.9106849    3463.8531167    3974.2205438    5387.6554556
   4162.9640758    7194.5672476      -0.2160251    3015.3530285    1470.3856653     915.1249734    1868.8129408    3465.1684875    3960.6163372    5400.0942007
   4167.8406277    7214.7978133       5.5254116    3034.5490095    1457.5887102     922.3180078    1877.1164064    3449.4269020    3947.3027300    5368.7414482
   4145.1556405    7182.1032952      -2.9726435    3036.1110071    1463.1366154     926.6212212    1861.5021989    3455.6927599    3965.9927539    5386.4255366
   4174.8316880    7191.4851077      11.2450199    3032.5259057    1465.6083348     931.4398819    1855.5886695    3450.2350402    3969.2373808    5386.2651298
   4165.7326667    7196.5204540      -4.4311990    3032.7174138    1448.1256741     926.9108913    1860.2377443    3462.8854054    3972.8254784    5360.3419954
   4176.0665131    7206.4876769       1.3623765    3018.6389882    1476.0917204     919.2556546    1880.9492900    3461.2510990    3989.0530230    5380.3120001
   4152.6607906    7210.3928304       9.6707888    3023.6793273    1452.1709757     918.9069958    1868.7819691    3453.7655072    3966.5148905    5386.4127503
   4160.8809005    7197.9147312     -13.1218060    3041.0053258    1462.8051794     928.1620495    1852.3832543    3463.5525528    3948.9431325    5397.3734912
   4169.8663678    7224.3509850     -11.9215926    3024.0895311    1471.2312263     935.7149396    1858.3735442    3456.4719145    3946.2500750    5379.8656514
   4174.7362065    7214.2866777      -1.6736145    3043.8892816    1485.1614004     922.7794228    1838.4670838    3437.8316067    3959.8961540    5399.3257511
   4173.3227699    7182.3024563      -1.1439101    3039.4593401    1463.8108613     915.8862515    1883.1483548    3456.1413658    3962.8831713    5391.6690116
   4170.3916943    7198.9535116      13.2283115    3034.4827443    1475.9675238     922.3570755    1874.0711175    3455.1102446    3972.3411750    5398.5042087
   4178.3084906    7221.1424813       5.6565883    3006.4851265    1455.9572071     936.8870159    1859.2892821    3459.4726619    3959.1601857    5398.1761543
   4166.3717245    7217.8260168      -4.1785920    3034.5070603    1474.3028692     916.1620286    1873.5920771    3446.5909255    3959.4500704    5395.3844530
   4163.9666270    7197.3065037      -2.2952589    3013.3240344    1478.0088523     929.4710947    1861.9088268    3454.5233498    3972.1762974    5405.8206910
   4178.9297451    7198.1603631       8.9179402    3022.1380146    1465.5689263     942.0506614    1858.4127348    3450.8154213    3948.1536894    5374.1440486
   4174.7312764    7196.2957254       6.2978862    3012.1770158    1459.8858099     930.1316548    1877.2110376    3461.5319984    3979.6530507    5405.2132817
   4180.6209386    7194.0605340       0.0903010    3029.6276830    1463.4104392     927.9054081    1846.8105509    3447.3209906    3972.9635398    5365.7964749
   4159.1429220    7203.0677512     -16.0501966    3023.8969363    1459.5634333     920.4700017    1860.0122852    3457.5002024    3962.0368550    5389.0642041
   4164.2084790    7208.8056695      18.0818393    3025.2944241    1469.2576007     911.7458680    1869.5357760    3448.0265971    3959.5862703    5393.7417346
   4172.0304345    7214.3166889      15.5725175    3017.9289107    1468.8426781     940.9900995    1872.2675063    3462.7377609    3980.7368030    5382.1213103
   4176.5858811    7217.3374683      17.3528710    3015.2638781    1465.0421661     927.2130994    1859.7121403    3451.6891080    3974.5147556    5384.6332402
   4152.3409181    7206.8634076      -3.1011797    3016.0104165    1451.9015267     933.5241724    1840.3309875    3438.6139344    3964.9162817    5400.4568959
   4183.3171061    7191.6951081      -0.6325738    3008.2211626    1477.6709788     908.6203211    1861.1701563    3465.9371082    3965.4506020    5402.8689435
   4183.2450618    6855.8869087    2053.0553192    8779.7772466     287.7390746    6710.1563976    4156.6735277    5626.4843115    1410.3558224    1982.0883238
   4177.9570158    6853.0126822    2039.9230690    8787.6179006     277.5926349    6723.2051966    4174.4705374    5592.0333393    1407.5939545    1979.5299928
   4190.1111421    6863.2050060    2052.3227687    8774.8799479     262.7415709    6704.0010015    4184.6624235    5586.6229906    1421.3337368    1973.2641880
   4193.3615494    6827.0319654    2038.5658185    8778.0831507     278.9853097    6721.7817202    4173.3974596    5601.4374603    1410.4861967    1990.8784127
   4187.2835955    6866.0449174    2033.7928545    8786.1259500     264.3553110    6699.4936463    4158.4339876    5581.7348054    1407.3805549    1980.3271862
   4178.4674946    6866.9024025    2047.8947067    8791.2550182     281.7282012    6698.0264241    4153.5975541    5577.7440408    1416.1209444    1970.4794301
   4200.1055809    6846.0709342    2048.4535898    8762.9351654     285.5466836    6704.2784148    4181.9062817    5588.7969010    1411.8500239    1979.9955705
   4199.3787095    6837.0992771    2033.7153904    8788.4291040     273.4841494    6702.3875601    4171.2519007    5591.9155356    1397.9359484    1986.1179668
   4182.7872255    6848.1224835    2054.3720140    8791.8868882     262.9043884    6713.0614493    4162.6562005    5594.2285168    1384.8812654    1969.8437839
   4186.8554213    6850.5301444    2058.7586416    8790.2143556     289.6306111    6716.7411808    4170.2193882    5584.2350156    1414.5591022    1981.4186052
   4190.3752073    6838.8429767    2043.4578961    8753.2643998     269.3147564    6694.8761993    4179.9737671    5582.1115609    1400.5788705    1994.4859455
   4181.4544666    6855.3615929    2025.5698278    8782.0716551     277.9785894    6713.2738115    4164.0611917    5590.0948539    1407.0509279    1980.8225745
   4193.4453068    6856.8303472    2048.5013016    8771.2142550     261.9173169    6729.7349046    4192.2459465    5572.9813457    1408.3715634    1987.2892617
   4199.4585164    6853.5989583    2035.2537779    8779.3501598     268.9646806    6706.0188329    4170.3643106    5585.5815282    1414.0549107    1993.3204728
   4180.1341123    6847.5957029    2036.6144978    8793.4115860     273.2822530    6719.1649958    4168.2722151    5587.1582844    1390.3824215    1994.0402462
   4188.3190232    6837.3434395    2038.5978845    8758.1252845     273.5577603    6705.7999792    4175.9288053    5601.8793663    1400.8596244    1989.0894500
   4195.0675309    6850.2617876    2023.7544771    8790.6493756     268.8361925    6704.8546607    4160.3434159    5589.7282398    1404.9496941    1981.3090670
   4190.5972127    6862.6871869    2054.1847059    8788.4335324     307.0867195    6698.6728485    4169.2528485    5576.7502475    1408.2292479    1974.1400169
   4164.9615266    6840.0616227    2045.2450163    8791.2722373     258.3065164    6698.5506805    4171.6545056    5579.6129096    1409.1810239    1981.0548993
   4195.1578032    6844.9428547    2059.8878606    8781.1706138     286.8114282    6700.2851251    4178.9484183    5580.1044466    1394.3602934    1973.9713875
   4191.4864772    6850.0076694    2059.9145674    8769.6873216     262.9725487    6721.6769833    4179.1358603    5568.0841758    1408.8420769    1983.3882178
   4170.5007036    6848.4993797    2044.3479478    8788.4883891     283.4208886    6705.6325695    4183.3825317    5585.4355517    1395.2944177    1971.6730724
   4197.3715970    6832.6133131    2051.3005730    8770.1086332     270.2836910    6709.7289208    4185.2274327    5567.4914748    1395.8076038    1981.5055078
   4185.9842807    6860.8112350    2023.6585917    8784.7923803     278.1351337    6705.1659058    4184.0703910    5574.6025419    1414.9555535    1973.9856868
   4199.2006492    6848.9529618    2052.6659286    8788.9790632     259.2353962    6703.1301898    4172.1237005    5584.5195318    1396.3127583    1999.5292698
   4194.0361108    6867.7451639    2038.8310108    8770.5563963     275.1984098    6699.0427357    4196.9494833    5589.3525129    1415.3953773    1978.7725331
   4188.6845310    6851.8858898    2048.0796699    8789.6702324     272.6543918    6697.8665860    4162.3692579    5586.1314908    1409.5990132    1985.5943616
   4191.7669685    6846.1936160    2045.9901499    8786.8924127     273.5077554    6705.7987867    4171.5429804    5596.0532771    1399.4873833    1982.8702471
   4195.8894243    6859.4502296    2059.4813450    8787.9289020     279.8680643    6689.9727309    4179.1120631    5609.8354606    1395.5692761    1970.8196924
   4189.7986056    6862.4074852    2049.7700022    8776.4031218     273.5160302    6715.0454916    4179.7742212    5611.1870542    1413.9262528    1984.5505630
   4198.0924068    6848.7051621    2034.7447673    8782.8939352     278.7815424    6690.7222715    4167.8244590    5583.2057254    1406.5258100    1978.4102303
   4196.3961111    6853.1761264    2055.1257724    8764.0626873     290.4471784    6718.8518419    4173.5511945    5593.4015166    1409.9348700    1973.6419946
   4193.5917947    6859.9767458    2047.6206649    8791.6875716     274.8258931    6705.4826117    4165.3699862    5583.2529040    1399.2722091    1998.0697260
   4194.3501996    6842.2007390    2048.5084812    8779.2543269     243.3382882    6709.4736255    4157.5210358    5592.6829287    1394.2567500    1966.4316462
   4196.8885605    6837.2530663    2040.0555053    8783.2181379     279.9982572    6712.1239471    4172.6852108    5578.5743310    1423.1075402    1974.9550776
   4209.9810338    6847.6697542    2056.1353542    8791.8740193     263.4205895    6708.2279469    4180.6019440    5593.9081057    1401.8800114    1984.0344913
   4187.9982472    6840.4768702    2054.3626197    8775.5775497     287.6735139    6710.6996108    4164.1215569    5585.2863013    1401.0055368    1972.3060144
   4196.9594399    6847.4088632    2060.8394125    8789.7832763     265.0740413    6704.4850966    4170.7804217    5571.2532059    1413.1819427    1990.5129790
   4201.2001562    6847.6251254    2055.2123570    8779.0768346     283.2274098    6722.8003799    4174.4491225    5572.7067967    1400.7003740    1987.4247495
   4204.1438878    6840.8570836    2042.6170143    8783.5077552     278.2259152    6713.7793378    4163.5636271    5582.6635015    1413.9490507    1984.9382400
   4196.4289505    6863.4482390    2045.5630312    8786.4543981     270.7302934    6691.2250016    4160.0954448    5587.6414900    1401.8737788    1974.4688592
   4195.1252870    6843.2922884    2045.6358700    8780.9791383     265.4760428    6681.6930430    4187.6132975    5590.0646568    1377.2281266    1976.7506047
   4195.8830213    6849.9135971    2050.3257984    8771.4416881     275.6276093    6704.1402649    4171.2174038    5584.6879954    1405.8669815    1990.3421050
   4186.6439460    6848.1226037    2046.1281472    8779.9728642     277.7319549    6711.8580091    4185.9599127    5585.7338430    1381.0964060    1980.3186455
   4195.4838483    6850.3254538    2042.9901357    8756.8492788     278.9557753    6701.4347785    4157.9372576    5578.1840638    1395.2210865    1987.1023817
   4197.5615250    6867.3425078    2051.0017454    8767.6578701     259.7838392    6715.9823553    4188.7148857    5584.5208035    1409.4574158    1965.9659780
   4172.5059264    6840.4547672    2040.9506221    8775.9606001     271.5747913    6699.7649575    4179.8410351    5601.1737540    1404.2313606    2001.3148657
   4185.6010969    6846.9439700    2048.3998439    8777.6263763     285.6464545    6698.2640236    4186.2749635    5588.8400346    1429.5239138    1976.3737418
   4189.9182050    6853.6515221    2022.7122176    8787.1970152     278.6843931    6705.7682854    4157.6040659    5571.4326741    1409.7355711    1992.7666777
   4207.8897904    6843.2405887    2034.2145170    8778.4549759     254.1186306    6698.7857900    4181.5659200    5603.2443095    1406.6609405    1997.4204273
   8011.5544161    9684.5293963    3132.5273697    6925.0955272    8761.3429935    8944.6575275     843.8231953     393.1381513    1698.4486798    8766.6292339
   8005.0386817    9674.0590433    3113.7597770    6928.0649932    8779.4784055    8969.7639369     866.0663090     381.8398168    1710.0566456    8792.6240243
   7987.5673914    9691.2286423    3140.5135519    6924.8542392    8766.7776901    8946.6497089     866.7614722     386.5299440    1696.3048017    8781.4989241
   8010.2023275    9664.9832592    3148.1215197    6925.4881543    8769.5827689    8948.0397950     848.5777010     386.9954172    1699.2653371    8782.9455577
   8018.9983043    9686.0763347    3132.9068949    6943.0918078    8751.0972614    8932.6645433     853.9881342     388.4240995    1680.5582358    8778.3027377
   8000.3391290    9693.9270432    3128.0292639    6933.7323032    8768.4893400    8944.0033259     850.6538320     394.8344197    1675.2238105    8784.6957184
   8003.6544906    9700.5949509    3127.3290920    6934.6517959    8738.7422767    8954.2128852     853.2031412     388.0776674    1697.0953025    8778.8194284
   8011.6757189    9681.2732715    3116.3644045    6921.3680481    8786.2387403    8946.5350971     853.3499932     386.1672873    1700.0447403    8783.2044899
   8004.8336676    9691.2483912    3125.0110020    6921.9242046    8768.9420605    8943.3965932     838.2033172     396.1304745    1688.4825861    8776.9519527
   7999.1642109    9681.5084731    3129.9479219    6918.4802580    8770.7013122    8963.6927241     846.8669716     395.7743841    1694.7500607    8782.4144568
   8018.7232002    9683.1186896    3126.0863081    6915.9268906    8757.7240587    8945.9335928     859.0222282     376.9598639    1687.9313040    8772.1796222
   7989.9516325    9695.8749840    3133.8779952    6942.2339499    8749.6481862    8959.0084582     843.4256284     386.4741355    1688.4145511    8771.9263957
   7994.2082326    9684.7790868    3121.0997713    6920.8081380    8763.7995075    8952.7327419     851.4460309     393.7610907    1703.4483113    8781.2525256
   8011.0791659    9672.8185553    3126.4870772    6942.2012648    8763.7741808    8938.9616283     864.2409127     388.9794062    1691.8392854    8766.9351188
   8015.2406054    9671.7527481    3128.8514558    6929.6671566    8765.7278587    8945.2023663     848.3022359     402.0071059    1720.6069371    8775.9374260
   8013.1347277    9701.9037602    3145.0323521    6916.3578404    8759.5847167    8940.0869496     841.3076796     384.3087808    1700.9229504    8775.5547442
   8016.2076854    9683.8483118    3130.2705248    6932.0870559    8767.0812412    8948.7153113     860.8424982     396.2804868    1697.2152110    8790.8005827
   8010.5388648    9711.7888448    3145.2286666    6934.7582829    8776.8014567    8946.8650312     863.5710678     390.7814026    1689.9924616    8775.7851697
   8012.7251923    9667.0045583    3136.3253108    6915.9426558    8771.0736868    8938.6048979     869.1651463     398.2260136    1685.6156061    8799.0126278
   8005.1731617    9675.3409961    3124.0037884    6928.9038041    8778.9367416    8940.2823653     840.4659053     379.1508314    1713.2682488    8798.1323265
   8003.9609754    9687.9928081    3134.2127271    6922.6198537    8773.5317493    8950.4761950     853.7370134     387.6220430    1706.4601992    8778.6049753
   8007.9449116    9684.8105321    3122.2302250    6920.2352070    8760.7654928    8947.0786659     839.3239328     378.6823153    1714.5388167    8792.9894704
   8016.3360803    9700.8639451    3138.4377340    6922.3153693    8768.7132804    8927.2737651     839.4612822     398.1342030    1698.6303505    8768.6486709
   8014.0310555    9692.6047737    3140.9205772    6922.9231889    8755.5310282    8947.1425844     854.7113570     386.9619444    1704.3345547    8784.5693536
   8010.7768323    9662.2903593    3145.0527115    6940.4700739    8759.8668467    8931.2976452     856.8314069     385.8912350    1688.6340719    8793.6021969
   7993.6118932    9689.7900434    3121.7644404    6937.8488365    8769.0570476    8943.4926851     851.9358133     396.3687062    1706.6031394    8789.7029486
   8012.9129894    9677.8419406    3140.8825771    6910.1129129    8773.9324540    8954.7966934     864.3829241     384.6600363    1700.1663126    8790.0078943
   8010.6242655    9678.3490844    3137.3150923    6923.9064770    8773.8485624    8939.7820095     853.8369918     393.4771436    1705.8774769    8780.6961118
   8008.7188331    9681.9062604    3134.5824402    6923.3097483    8760.6240774    8974.3396330     842.0029988     378.8137333    1690.3479295    8774.3245088
   8007.5600525    9696.9250852    3151.1256194    6925.5994003    8738.9093958    8949.9102286     837.3355680     385.5408166    1686.8069678    8785.6812601
   8001.1796123    9690.3369540    3139.0148056    6920.8254610    8764.6971267    8955.2408327     846.7207945     399.7040212    1698.1110356    8784.1190088
   8015.4380955    9695.9310824    3139.4499036    6923.8098755    8771.0983823    8930.6121587     866.8317297     377.2929197    1707.3412900    8775.7833950
   8012.5182026    9681.4500830    3137.2776792    6915.2182863    8742.2852429    8950.1331915     844.4370703     384.0614747    1691.0509643    8801.2691468
   8001.6237624    9685.8838870    3122.6373497    6938.4571238    8758.3288433    8920.0602169     877.5616124     379.5663460    1711.3935190    8788.7557599
   8013.9674831    9680.3009089    3136.1337691    6935.4655168    8760.8822158    8948.5797314     859.7250158     391.3817207    1694.0543637    8795.9418234
   8010.8625727    9681.3640305    3126.4828334    6913.1701845    8772.8293640    8955.5593159     828.7350031     384.3929159    1707.9530770    8805.6681005
   8028.9492248    9692.0344189    3147.9751061    6917.9519621    8771.6368682    8933.6949880     844.8233502     393.7575432    1719.9835663    8788.9046676
   8010.1839577    9680.9149216    3121.0173519    6929.2547867    8760.4005860    8948.4570821     841.5488046     391.7603819    1682.9339070    8786.4640965
   8020.6429459    9691.7552653    3155.3800192    6926.4716919    8768.9451574    8951.2152834     841.6448157     412.0801670    1708.1899765    8778.9967701
   7998.4173693    9688.4308500    3142.8172571    6924.6050054    8765.7522681    8944.1854667     850.4146397     403.8992456    1712.3103745    8766.4232655
   8008.8344755    9670.5747437    3120.8848271    6929.0856846    8755.4758296    8914.5330605     856.8936402     403.3692506    1718.6919670    8777.4621014
   8021.9001398    9656.4056408    3123.8077855    6928.4158504    8768.6068656    8959.2708142     860.0090086     389.7321321    1713.5966743    8788.2898607
   8024.6165741    9674.5729873    3137.2443184    6918.9302000    8771.9506560    8943.8711134     847.9235917     377.2829359    1701.3862370    8792.5799280
   8017.5276429    9652.4554373    3118.0453247    6943.2775619    8762.0152595    8944.5772227     862.0954681     392.5142853    1691.9782942    8779.3265648
   8026.4172936    9668.8018457    3147.2540300    6920.1022355    8761.1792358    8964.6957659     844.0133777     398.8984160    1694.6736611    8767.1043640
   8005.7854881    9694.3050209    3132.3828598    6928.7203750    8765.7770561    8946.5349486     846.2671355     391.8656553    1677.9752611    8776.9418177
   7989.4062505    9685.3127457    3137.7883865    6915.2655042    8771.9045990    8950.0249405     853.3778346     386.9337937    1703.0321257    8791.9671047
   8000.8412548    9674.4473129    3146.1318892    6900.0418719    8737.7186220    8927.9193642     852.2595240     392.0715744    1703.2692460    8782.1848072
   8022.8194848    9698.3735917    3145.8318880    6911.6681540    8767.5273018    8937.4046082     845.4350100     380.3142103    1698.4113199    8786.8662751
   8008.2326073    9670.6820703    3118.9814297    6915.6053086    8756.1151394    8953.9093667     847.2493051     388.6611689    1696.7348450    8792.3935158
    999.8294896    4215.3468354    9576.4122432    5345.6778650    6923.1535534    3150.9453412    6875.1150139    8348.3290184     168.5424662    7507.7122125
    986.4665903    4192.5098358    9557.3848700    5333.0158598    6925.6047021    3161.2421106    6851.3994791    8342.7866195     189.5486726    7486.0856274
    984.3211682    4213.2095427    9588.1328612    5307.1139304    6920.2210128    3175.3375286    6858.7972034    8343.0943257     192.4226957    7493.8117234
    995.0378872    4216.4815817    9563.1545673    5332.6587839    6904.1813199    3164.6817882    6848.2025321    8328.1391818     171.5097293    7493.4124228
    996.6177462    4210.8936747    9581.8053469    5342.4018472    6911.7930405    3149.3730529    6856.5347514    8354.1057654     199.2155355    7504.0305744
    977.2355384    4205.8726398    9567.7721586    5338.9643034    6908.1418519    3152.6099794    6853.3196634    8327.2620880     157.4832194    7492.5435343
    985.6491233    4207.8980944    9576.6595526    5320.9390509    6909.4543239    3144.4792866    6867.1216134    8366.7332673     181.5190483    7487.7503454
    996.1945716    4201.0905859    9584.4706279    5327.2262956    6919.5819716    3189.4829444    6857.5340141    8340.3899146     186.6351280    7501.2236818
    979.4076293    4204.1921746    9584.8002402    5342.4266154    6909.2502988    3143.7919790    6883.3083392    8332.0051573     190.0361079    7505.8344232
    972.4386428    4218.6711860    9567.8631380    5320.7573387    6904.8756371    3163.4991421    6860.5158183    8357.1092322     174.7813731    7507.5897753
    997.5424443    4210.2161149    9567.6407740    5328.2271403    6931.3385142    3162.5472484    6861.1493959    8328.8129952     190.0381413    7517.7522120
    999.9542791    4215.4041520    9576.9850098    5323.7916370    6913.0451213    3138.6588070    6886.3547924    8345.9870751     206.7268248    7500.6981753
    967.2851590    4229.6919011    9570.2970313    5327.2737676    6935.2566504    3169.7440422    6844.7472127    8346.2672667     171.9874234    7506.8345317
   1001.5901092    4205.9013518    9593.8275295    5322.3664070    6940.4938447    3146.8997712    6860.3758971    8349.2262927     168.8768290    7516.9392380
    972.7681693    4217.2157657    9566.0040011    5332.7506792    6918.6658778    3151.2739010    6869.9014688    8335.0883964     198.1014311    7503.4676230
    955.5538980    4231.1318658    9583.4224377    5347.1885019    6917.0017739    3132.5301568    6860.8120981    8333.9960194     182.4979488    7496.6158808
    985.5584611    4193.4321692    9579.4331255    5327.0570314    6925.1062282    3138.2332846    6860.7585671    8362.8407124     171.0721445    7508.8236863
    996.7733995    4210.9753524    9588.7804079    5342.0672461    6934.4686946    3151.4779880    6863.8862860    8354.2979475     175.4263329    7501.9236565
    976.4826317    4187.7858388    9582.2444529    5348.6771502    6915.0504927    3155.9992840    6860.4782273    8338.8470855     184.2438181    7512.1724604
   1005.6267717    4219.3410156    9569.2816635    5317.3826934    6931.8394454    3158.3234600    6858.9046444    8335.6949976     174.8055498    7513.7773985
    983.2447446    4197.0715503    9587.6210914    5334.7538757    6915.8598178    3161.2334625    6856.7324372    8355.8957649     168.6341644    7492.4087222
    969.6995079    4206.9106595    9571.3207912    5328.0263905    6918.8188178    3160.6988355    6866.4745975    8348.7753160     198.9260129    7498.7782438
    968.8849789    4220.5900682    9597.2539970    5333.5257367    6927.1664817    3148.6001432    6866.8660304    8352.6269722     186.6685292    7496.0461729
    999.7746363    4212.8044109    9588.1972836    5335.7106396    6927.5078817    3164.4888430    6862.8477253    8354.5935071     204.4873307    7521.4330696
    991.1087525    4227.9488023    9565.8155881    5346.3768128    6919.5199005    3137.2869560    6866.6613827    8356.0196820     175.9224967    7520.8144653
    996.9606151    4198.3251114    9588.9862041    5332.7725766    6913.2543371    3151.9899936    6860.5593268    8334.0940087     178.3995424    7508.3700386
    997.7277586    4225.6596334    9573.1616942    5330.4803730    6910.1774263    3165.4563349    6848.5277476    8332.6239534     176.5243065    7503.9578839
    980.2568585    4211.4068891    9579.3706477    5333.9856470    6908.4265097    3151.7627124    6870.7854002    8349.0590105     193.8158398    7493.9809067
    992.5309525    4225.7424975    9577.4693986    5334.3121512    6921.0230338    3160.5130160    6868.8884880    8360.9515961     188.0164228    7510.0881665
    986.7836056    4200.6585472    9583.2289050    5329.3532895    6912.4202653    3146.2126036    6864.3053060    8340.1820780     203.2794961    7517.4108684
    980.7990354    4218.1678218    9590.4649265    5329.9244560    6937.2534732    3164.3774137    6863.9921857    8328.2637277     173.2232214    7504.6300749
    979.0856988    4210.8687174    9571.0221661    5334.1220770    6914.1881191    3139.6292513    6861.5928443    8340.5364601     167.3661970    7515.6749213
    982.7078287    4207.8075893    9586.3990496    5330.8268973    6926.4440758    3140.3497639    6854.6427181    8351.7089949     197.8017471    7501.7432647
    985.6326810    4202.8418110    9578.5959427    5324.5634826    6917.1687583    3162.3791113    6845.0216374    8348.3869762     174.8373576    7494.9773273
    994.8500660    4214.0306467    9588.2315978    5314.0151026    6914.6689713    3150.6196388    6859.1149801    8350.6590640     191.8419883    7490.3753608
    973.8417127    4198.5566757    9590.3713683    5326.5055005    6917.7573317    3151.8342033    6855.3727110    8349.9893287     186.7130421    7510.8564053
    981.2141375    4208.1053758    9573.0400840    5346.5342654    6928.8468094    3154.7524580    6871.4990129    8340.3982815     203.4275211    7495.5274869
    979.6714488    4207.3659349    9595.9076512    5333.1288741    6929.6153251    3154.0553405    6852.8795271    8354.0115207     176.6182080    7488.2579243
    979.3075829    4217.3928211    9596.5381521    5317.7780704    6896.7805596    3164.4578800    6868.0097894    8340.6219899     187.0663926    7508.7375802
   1002.5890258    4209.7728307    9591.6933032    5327.1352903    6913.6744521    3159.3940444    6853.8596018    8333.2371287     192.5147044    7481.8123988
    984.6018209    4207.8288274    9575.1650996    5318.3297968    6898.4121152    3148.5472253    6853.3570968    8342.0025287     183.7631344    7494.0255471
    972.7430853    4213.9766637    9571.2769546    5322.0575315    6915.7796068    3158.0112244    6886.0967611    8362.3923345     170.2489640    7488.2006573
    984.1155121    4216.6462395    9577.5782459    5353.3761777    6930.5418417    3171.5568837    6860.8305706    8337.2879231     172.1798905    7500.3053338
    970.8848392    4204.7383295    9574.5876041    5341.0956970    6914.0423839    3141.0856690    6860.5345441    8348.1425481     188.4919540    7492.2265589
    989.9420895    4224.9445060    9583.7904677    5334.0408083    6914.2900214    3149.0483600    6844.7098261    8352.3361848     179.3416846    7502.9689644
    988.4810868    4203.2122223    9589.0652584    5332.7839555    6933.7410920    3156.8456867    6868.1955238    8343.5229476     197.6469134    7480.4082216
    978.1400187    4208.0257101    9563.5910942    5323.7058232    6897.0499124    3157.0601824    6850.9570014    8349.9553237     180.2649565    7493.1160143
    967.9305122    4204.2477716    9582.0015397    5330.3983778    6925.4335775    3147.2730074    6881.0692120    8343.8771848     174.4308192    7514.5447418
    997.0440031    4210.1745569    9574.0522803    5340.7535961    6909.8297698    3164.5082255    6851.1374716    8345.4227862     183.0003285    7513.5241441
    965.1761420    4213.4206173    9577.6881968    5331.6819326    6909.9300840    3142.1373618    6860.3779062    8343.8400811     197.6346082    7502.5569659
   9888.5681265    7488.6400067    2788.3213742    7900.0189490    1041.4138272    4488.0067004    9082.6250903    2923.7889838    2867.9041008    1302.7602599
   9893.9785375    7494.4220416    2819.6542611    7901.5057673    1032.5993538    4481.5844613    9083.6019072    2946.6901683    2883.6961014    1302.4443179
   9876.0548837    7492.1231576    2789.1710570    7905.1111064    1042.1063608    4463.0645736    9085.4703876    2923.7275411    2876.3071927    1305.8374209
   9887.2445081    7468.0178636    2807.0481934    7895.3881616    1031.9877177    4468.4838720    9082.4572143    2938.8267554    2876.2028877    1321.4119424
   9891.1716834    7479.5889305    2809.2659002    7881.7389610    1036.4676178    4495.1032040    9077.1173177    2939.1298339    2885.4245168    1283.3522341
   9904.9997784    7471.2065619    2801.0893801    7896.6000063    1029.9340369    4486.9646284    9087.4642851    2941.8389966    2878.5031201    1315.0057373
   9868.4559090    7485.2974863    2801.4337694    7883.2029583    1024.1439657    4473.2154620    9091.7391363    2927.1801794    2876.1215501    1303.0382099
   9877.0529726    7492.7800303    2828.6558137    7886.0531114    1041.4545376    4475.8384670    9091.2887055    2934.3244318    2899.8400022    1297.0424030
   9896.5501932    7487.7302053    2793.6003193    7871.1905904    1038.0509379    4487.3804462    9080.5879767    2929.8077371    2887.5214184    1308.8140554
   9898.1696555    7484.2705642    2796.5571560    7880.6135507    1012.3287003    4478.3584442    9105.1467185    2940.9204293    2876.9559834    1285.0782590
   9881.9315884    7481.7059316    2802.2177259    7901.8766814    1030.6739981    4485.8883217    9084.8128483    2934.2438121    2890.3447212    1292.7659468
   9885.7803604    7468.7291698    2805.4073142    7903.4882945    1039.0740849    4486.2753799    9096.4854547    2942.3936656    2885.3359802    1304.3229620
   9878.8570036    7486.9174948    2813.8987844    7883.8741880    1034.6199656    4489.7633925    9082.2202664    2922.9304180    2878.3687256    1316.2225768
   9879.4814349    7480.6026431    2796.9296112    7889.2036116    1034.6077786    4493.7033978    9078.7885907    2929.0549338    2869.0283615    1289.3478167
   9873.2638885    7473.1439218    2803.3817879    7893.2019384    1043.9845577    4470.7192569    9078.1556497    2928.5731113    2879.7108451    1298.7009970
   9896.3829770    7473.7651357    2813.5725092    7902.2184159    1029.6353888    4472.7098872    9087.7667218    2928.2261461    2897.6754332    1301.6945942
   9896.5352968    7468.9854708    2786.9323448    7899.6659466    1037.4189330    4471.3292142    9080.2872744    2929.3420457    2880.0316550    1309.5242425
   9873.1622870    7486.4439951    2795.6982434    7887.4839649    1030.6557137    4465.3207214    9114.3944166    2960.3912585    2885.2760845    1306.8458730
   9878.1747871    7505.4300326    2804.6230933    7891.5593294    1044.3000016    4481.5432624    9078.1889948    2933.9522694    2873.9925281    1300.9322781
   9894.1554645    7486.9841328    2817.4519396    7892.7522539    1041.8407510    4496.0018802    9073.6948049    2943.2671894    2867.0300648    1285.2149653
   9904.4575095    7493.0113835    2809.6736501    7888.0239705    1047.2956780    4465.2635845    9086.6289601    2940.9932593    2890.6246552    1285.0214442
   9857.9694755    7482.8102469    2807.6141922    7894.5300872    1023.4875972    4478.4936538    9070.5542402    2940.3474177    2886.6792698    1292.9654023
   9868.5714714    7480.3587267    2802.4549175    7891.9872146    1045.2958203    4480.3212166    9106.7962594    2939.9489183    2866.8810492    1311.6218558
   9887.7074454    7476.7688352    2807.2339342    7893.9411226    1016.6741238    4470.4400740    9097.4750966    2937.9007627    2884.1432454    1310.4872476
   9906.5370198    7475.2655788    2797.4059701    7883.5481886    1026.2555604    4469.8093941    9085.8050236    2935.0591560    2883.5657686    1288.3792088
   9882.0726438    7485.2511545    2811.4264004    7869.6271114    1026.2393596    4476.3990579    9065.5434891    2940.6284873    2889.7946611    1280.8547271
   9872.9616014    7491.1783651    2815.7933129    7880.0655281    1022.3838586    4485.5294498    9083.5247936    2930.9283194    2893.6947597    1303.2637116
   9870.4164006    7484.1896829    2790.3873440    7900.2138503    1042.0800024    4483.3208817    9095.2332295    2955.7842783    2885.0201855    1296.5661218
   9877.6778500    7483.9010511    2794.0895389    7878.4058318    1027.6415707    4461.1520805    9072.9502931    2941.1530476    2873.0008331    1297.2193774
   9888.3517281    7462.1146256    2806.3021581    7892.7549851    1031.8080011    4482.3637249    9064.3057552    2955.2597789    2874.7198747    1285.9435840
   9889.7261879    7468.9448666    2805.1038476    7898.1993068    1019.0710975    4487.3895261    9087.2659529    2939.6323206    2881.7940669    1305.4100627
   9899.8145071    7490.2610883    2809.3090242    7885.1498883    1035.1233768    4473.3569222    9071.4675082    2935.7277150    2868.6252849    1311.6371350
   9888.2337971    7482.1091695    2812.1919818    7888.6120453    1029.6941172    4490.5819734    9072.1182449    2927.4719316    2876.4164471    1308.1336131
   9891.1088138    7470.0813754    2795.2421809    7909.7378847    1035.4227586    4472.7508495    9081.1122557    2973.5439728    2891.1561050    1283.9209811
   9884.0231393    7488.8847706    2801.6851098    7904.1838175    1049.9025616    4479.0108657    9088.9024261    2934.4548609    2886.5813765    1315.2849728
   9897.9548428    7470.8267677    2811.9835513    7887.0057452    1049.7436854    4483.6980999    9096.5363183    2935.9308899    2877.4300067    1304.5934975
   9888.3028759    7497.4456828    2793.0179576    7899.6474490    1026.3934678    4487.5457242    9067.9838700    2949.0027462    2874.6596981    1287.9489897
   9895.7777322    7479.7387754    2807.2113090    7905.0723715    1021.3481602    4471.5714904    9086.7591022    2941.8166377    2870.7172361    1292.3542680
   9896.3242420    7491.4929302    2818.4126532    7889.8419313    1006.4377178    4484.1691646    9093.5543520    2921.4732522    2878.6571883    1303.0388040
   9892.0144387    7477.0095991    2805.2742526    7898.7972295    1014.4983314    4488.0460861    9082.2966644    2943.7865049    2870.7271831    1283.1680725
   9900.4222763    7498.0679057    2785.8346133    7879.8705183    1033.2017974    4468.4416585    9093.5575484    2928.1708447    2872.5775806    1302.4000709
   9866.8286381    7478.4573179    2824.5864094    7898.6621320    1022.2689706    4489.3954130    9106.5868853    2948.8881685    2871.9072775    1293.7097598
   9884.9061205    7471.1660101    2804.7320786    7882.7363913    1023.5076719    4482.1434495    9080.3188103    2934.0976356    2899.2351683    1303.9679161
   9900.5141214    7486.0357251    2810.4697108    7879.3015324    1026.7903466    4476.3127230    9081.4887644    2934.1123987    2879.3524033    1298.0595971
   9895.5068172    7479.1785687    2815.2794404    7892.6623304    1026.3133032    4466.4213542    9078.2611947    2933.5983766    2889.7739794    1287.5669854
   9899.0124165    7480.7389019    2796.1254698    7879.6023722    1037.7500170    4459.8729333    9081.3399012    2931.7378644    2876.1221358    1306.0975706
   9882.4644798    7482.8599681    2792.2614601    7893.3702054    1038.3436195    4475.4183430    9089.6416879    2937.1878070    2874.3104944    1299.6775464
   9886.6606803    7461.9140662    2789.4482920    7897.1218068    1011.3765954    4490.5190797    9071.8553196    2936.4467366    2882.4747450    1293.9183709
   9900.2367745    7467.9480083    2813.5075844    7894.2788500    1030.7482076    4489.0522212    9091.3475692    2924.0967094    2891.8714919    1310.3256852
   9889.6489659    7483.1534191    2817.8022878    7909.3750071    1038.3866506    4467.3090474    9087.1575324    2944.3416828    2869.4084025    1288.2270521
    193.7273626    6789.4789679    2120.0594579    2667.7695872    4893.9073388     534.6240657    5739.1192777    1467.4432415    5894.7297016    7007.8410957
    199.2589061    6787.8983302    2117.1723353    2656.5201676    4914.4019350     546.8455890    5722.0536721    1453.2707872    5909.0317387    7003.3201337
    199.9759954    6799.9371979    2096.0976095    2669.8579477    4904.0669513     523.7980615    5751.5384827    1455.7285895    5898.3645812    7011.8568941
    187.1736432    6782.4645279    2123.0014457    2664.4298102    4919.1488450     517.8117711    5757.2780952    1473.5106984    5869.4867200    6988.5857253
    183.0692361    6780.5783532    2118.8416839    2648.3142723    4927.9810629     544.7128304    5741.9185617    1456.7534793    5893.0492390    7001.6511975
    205.2941526    6783.7123884    2117.0783796    2645.4991960    4911.1217691     545.3088328    5757.1380897    1463.8360079    5890.4139796    6989.9769786
    178.3735989    6792.0829342    2121.0080632    2661.5110645    4915.9929126     538.9175642    5742.8298739    1479.7303397    5896.8011302    7012.0969514
    204.3931974    6791.9454948    2103.8581549    2660.6393168    4918.9392126     552.8116464    5748.5994707    1455.9730370    5885.1267317    7007.2229694
    191.7384561    6776.3264293    2121.1887738    2660.4030861    4914.5461753     542.2414135    5740.1337157    1485.9339025    5882.0802710    7006.6628211
    203.5794404    6801.0239950    2115.0286176    2651.3366503    4933.1383434     539.0911422    5735.3247021    1475.6092672    5908.9261943    7004.2474108
    186.4097781    6798.1495793    2100.9058116    2663.2347866    4925.5148682     531.4057622    5743.9473199    1468.7885521    5887.6974124    6989.0075970
    190.8827652    6782.1352079    2131.4195675    2641.9138791    4933.7237109     531.2713416    5733.4656698    1461.8432900    5882.6457406    6977.2619270
    201.8294702    6786.8188561    2107.8966571    2642.4082642    4910.1033024     521.1104571    5754.1617711    1448.3229698    5883.4732409    6988.7533829
    198.4213526    6790.8930775    2114.8332289    2653.7443438    4919.7123107     525.6710618    5746.0127023    1454.0581249    5898.4584242    6992.5110282
    204.9533641    6776.1218237    2111.7461288    2647.2575400    4925.1337819     519.5125165    5750.0175329    1471.9179213    5898.7151011    6990.7020071
    198.4229839    6805.8625474    2109.3680746    2657.9984892    4913.1007803     522.6219872    5732.9277790    1472.5342585    5892.6015435    6973.0544016
    198.9924605    6785.1794361    2125.4586311    2649.0302521    4938.8008655     524.1379587    5748.8383168    1456.5311509    5895.0049252    6986.1084996
    206.2180662    6788.1442912    2131.2288518    2654.4937353    4899.4880032     525.1942779    5737.2543652    1481.1007432    5920.3499904    6996.4420295
    196.8497473    6800.8564517    2104.8680768    2652.3105616    4922.4275198     537.1567837    5740.3328296    1457.5117420    5894.0972688    7004.7123732
    186.4853691    6789.1001003    2137.1785692    2660.2399603    4921.6628285     523.2635655    5735.6672984    1464.1110874    5884.6685950    6985.4925956
    178.0118303    6786.2765310    2124.6093474    2661.6343994    4922.4944079     542.7463198    5732.5878234    1460.4530419    5890.6995125    6988.6710238
    196.1662889    6781.7237711    2127.4206874    2646.6880783    4921.3570106     550.4130552    5729.0238007    1461.7725176    5885.3737843    6986.9808620
    196.2764635    6793.3585246    2108.9530856    2650.3417675    4918.1557003     536.7650686    5730.0623256    1490.3020941    5890.7209585    6998.4647973
    187.3888886    6785.7683750    2107.2382736    2671.7489808    4897.2597177     531.7759575    5747.7871996    1451.3136066    5897.6655287    7010.7486642
    196.6332754    6788.3554045    2115.9390520    2652.6516005    4921.5333693     524.9901852    5744.4441855    1463.9004918    5887.2391405    6986.0198443
    200.4148609    6782.4488756    2127.0563598    2655.1861395    4915.7006704     522.6467241    5731.1748977    1472.7557314    5892.0934921    6998.1710245
    200.1797238    6793.5737778    2112.7228370    2684.4104556    4947.0820662     538.0285823    5726.7841113    1458.3496476    5898.8727619    6991.8175313
    192.8525560    6768.3878740    2120.6429752    2667.5510198    4903.5878592     530.1904509    5737.5858488    1442.4367950    5888.2988683    6991.8919547
    179.7340090    6779.6099242    2118.7496927    2658.8804842    4918.9802783     527.8659292    5732.9270097    1468.7396288    5889.1239474    7007.9477703
    205.3126652    6783.6291981    2099.9462904    2657.3001914    4909.0426378     541.8484219    5748.1770501    1456.7796555    5903.5376746    7011.5063736
    197.5318175    6794.4567898    2111.0718795    2646.8749897    4928.2804615     536.0365423    5740.2593029    1466.5964989    5900.5829837    6995.4270875
    188.6852997    6785.3078933    2114.6561880    2650.6018802    4916.6144159     528.7094649    5736.6267765    1487.1511410    5893.1279739    7014.6634620
    183.6219326    6795.9034967    2116.3943401    2672.3766939    4911.0797293     551.5486811    5735.2895939    1467.3620235    5881.4945097    6997.2380887
    191.6013477    6777.2614712    2097.8211945    2664.4306631    4920.6829686     526.6620660    5740.1081186    1460.0337106    5891.6746225    7000.0840271
    197.2007353    6783.3455607    2114.1831162    2660.6277626    4909.1383283     528.0698800    5741.9945570    1472.2333715    5888.8158715    7005.5489082
    192.9689375    6781.6279041    2117.2253141    2640.8996908    4897.3726024     537.0157025    5723.4128215    1459.2662782    5903.0420749    7000.9005409
    185.1699100    6788.2054251    2101.9422027    2644.0746906    4914.0534118     539.4999467    5740.8387597    1466.4428064    5886.5519257    6998.3287826
    201.6297569    6799.3928096    2119.7088941    2656.6863756    4919.2833196     538.8790533    5736.3582912    1463.5946299    5886.4209193    6991.2956059
    212.4998741    6796.2047066    2109.4337629    2655.8897615    4918.8064848     532.7258668    5731.5385110    1481.7510355    5881.1711230    7006.2670040
    194.2099483    6780.2206113    2114.6661189    2636.9616024    4918.4813185     540.9100972    5735.8754454    1470.2643283    5868.0664263    6992.2696448
    180.2955628    6797.6082554    2118.2242919    2654.9942179    4913.8393058     531.1965673    5749.0266797    1456.8682210    5902.3779003    7004.5794892
    203.9771220    6784.8759627    2127.0960192    2665.4744530    4920.2275697     544.8541486    5736.7630385    1466.5542701    5906.5313648    7017.7575040
    177.2032309    6797.7257638    2103.7000008    2657.5695087    4909.8526118     535.6823416    5738.1936684    1471.2264836    5899.5528159    6994.1020421
    200.3552127    6785.4795731    2123.1293546    2667.2411377    4917.3824436     535.9565775    5723.1488344    1459.5668443    5886.8288032    6996.0770041
    179.6693498    6775.3446686    2115.5100904    2657.5448464    4925.5935521     547.9530154    5746.4586399    1463.6084293    5899.9725776    6989.6001327
    195.8077560    6806.2550887    2131.0168993    2652.4427397    4925.4352298     529.7462810    5735.0249948    1451.1923754    5898.4242707    7000.6430081
    203.5145189    6796.4145509    2113.2859567    2664.0976098    4934.5389003     556.6382888    5748.9006130    1470.1705079    5896.9420099    6998.4174969
    187.9138899    6804.1282434    2123.9062247    2656.9315607    4930.6078025     542.0227659    5728.6132728    1479.6521367    5888.9610564    6984.4077798
    196.5681727    6785.2533604    2108.8364320    2671.3020666    4916.3288146     533.1032113    5738.6624035    1463.3559257    5894.9431611    6994.3721628
    226.0530107    6777.8115790    2117.4535918    2650.7638609    4908.7061874     526.9460660    5741.4526055    1476.5976962    5905.0004332    7004.5500155
   1019.1074706    4159.7772599    6961.7789132    4159.4242781     494.8200579    5365.1784056    6645.0489950    5154.7404479    9451.6351079    5871.0406321
   1020.3199737    4152.6330485    6957.7782434    4148.1555346     500.0875630    5363.0222303    6650.4310250    5147.6163045    9452.9419166    5858.1979004
   1027.1364493    4127.8132600    6932.6324391    4162.6775133     500.8510576    5370.0012073    6611.1780384    5146.5141359    9444.1897273    5859.9680196
   1024.7408440    4131.8964257    6956.5601887    4148.3820241     488.0910321    5363.8106063    6641.0916512    5164.9999354    9456.5062459    5854.3672067
   1015.5725351    4150.5042282    6930.7864435    4147.7917157     492.7511088    5364.0535099    6643.3291004    5152.6364572    9438.4793875    5865.8857837
   1035.5465131    4138.7138799    6948.4683209    4158.2801732     518.6298764    5374.5109539    6639.3742289    5149.9191542    9444.1815587    5860.4297292
   1021.7047861    4126.4502185    6949.7818267    4138.9463437     510.8472382    5369.4640935    6651.8766097    5141.1230267    9443.6808063    5858.2482768
   1007.7533367    4133.8578485    6936.0741711    4153.0987470     472.1431721    5364.0672089    6635.4102590    5144.3144939    9442.8871949    5870.2079806
   1022.3645318    4164.3422744    6945.9700349    4137.0842622     494.2378358    5356.8023023    6653.8520195    5154.3222578    9459.7179345    5852.9082953
   1018.4728658    4141.2561636    6941.9964956    4148.8224247     510.0495966    5355.3028266    6609.2259497    5139.6629287    9433.9424769    5871.3756106
   1043.7789881    4143.9906264    6962.1993081    4145.1728644     510.7643370    5362.2051898    6645.5001955    5139.6211958    9442.8466121    5880.6315207
   1032.6413803    4127.0079739    6954.7527342    4154.1093887     496.7785668    5362.3044948    6632.2058486    5151.9750932    9447.5187232    5861.6973759
   1022.9390142    4135.1345045    6950.8912751    4135.3504321     503.0750145    5361.7721621    6630.0649680    5144.9030018    9449.0726958    5879.2946519
   1016.9392637    4139.3213297    6942.1390528    4124.2586261     498.0557198    5366.4832680    6645.7596406    5144.0907732    9451.3046576    5863.0618868
   1026.9196059    4149.9196273    6937.3640572    4146.5900645     483.1362018    5368.7174453    6622.4884437    5148.2538100    9444.0511233    5874.1671089
   1041.2361425    4138.6797257    6944.0874634    4131.2062254     505.1863366    5368.9438315    6649.7121622    5138.9302733    9437.2126688    5874.5966003
   1032.7360150    4120.0599459    6935.8359626    4119.8437688     497.6227536    5360.3809496    6641.4377917    5153.4118128    9452.5201830    5864.5431289
   1008.2254702    4142.6975662    6951.5132481    4127.6681068     489.8567509    5370.9761466    6654.2479715    5144.2405347    9432.9044848    5859.5668304
   1015.0547351    4135.9876014    6952.2291877    4122.5718230     479.0990982    5378.3935981    6629.9020906    5160.7276984    9427.4950506    5874.1364444
   1009.2048869    4130.6863694    6930.0349753    4147.2399536     489.1226539    5348.9798326    6644.6829858    5164.5700736    9450.2407718    5868.1608184
   1031.1427823    4157.2376605    6941.5183873    4132.0142254     517.9655345    5373.1130707    6625.8051601    5157.0237352    9450.0227200    5864.8402964
   1011.8205396    4126.4515589    6938.5259415    4141.0722991     515.9450814    5344.9748093    6648.1286838    5151.0202085    9454.1068150    5885.7761628
   1018.9085695    4141.9389551    6927.1845855    4135.0943418     515.1517902    5379.2107182    6639.6182433    5148.3691219    9450.5558498    5868.5206710
   1045.8698189    4130.4557787    6927.1520361    4134.3428303     485.7570385    5360.0996092    6638.5098895    5133.9583775    9445.6181410    5862.6126356
   1025.7430033    4134.1505036    6939.9965036    4138.9139140     512.8237127    5347.6134771    6632.1215165    5149.5395331    9445.2213590    5877.1136965
   1020.3109511    4144.0246981    6944.3291603    4133.2538845     496.4606554    5358.6766181    6629.9560935    5174.8536565    9448.1820245    5876.0060788
   1040.0019892    4160.6036442    6925.9705333    4135.3825516     485.5218503    5354.0576190    6634.3808462    5134.1732536    9457.0509387    5878.2979888
   1016.2721107    4147.3649587    6952.5420857    4148.4082530     485.9535749    5383.4178396    6658.8185896    5143.9987667    9441.3157186    5852.2427129
   1029.4926460    4140.5279525    6948.8216392    4137.5816830     486.9111206    5349.3548555    6631.7737035    5150.3833944    9443.6719570    5873.3396633
   1030.1259206    4149.9000976    6946.9677184    4160.3524045     520.9744486    5354.0501491    6627.3703595    5156.5606053    9451.8209904    5873.5756718
   1018.3666518    4130.3168741    6942.4350924    4159.1582615     497.5127131    5365.9248828    6632.3174116    5140.0936585    9437.9423215    5843.0346006
   1016.7894719    4149.3943000    6944.4347817    4133.3326197     498.9987028    5361.5621946    6646.2697757    5141.5777884    9445.8716891    5868.8792776
   1033.8790478    4128.0530976    6940.9434343    4123.8043107     491.1380925    5362.3354016    6655.0385292    5146.5092704    9441.9316155    5855.5557822
   1009.6763913    4131.9427190    6950.2087524    4120.8340282     497.4740055    5352.1324787    6627.4913614    5151.2699574    9438.0248968    5854.6743772
   1017.5085268    4125.1150069    6927.5553892    4133.8260711     488.0828884    5367.8752711    6637.1273241    5137.2505549    9444.8872712    5872.5617343
   1029.1083072    4157.7064291    6935.9750601    4154.6220198     495.8435564    5359.7274655    6629.3619634    5138.5094175    9464.1153391    5884.4632784
   1026.3030248    4148.9034416    6946.1493971    4157.6124934     481.7267103    5375.2655805    6621.1452421    5164.8816282    9467.3467443    5853.0192125
   1016.2560133    4140.4368012    6952.3480363    4120.1009109     497.9642347    5365.6261706    6645.8029413    5155.3930677    9441.4223118    5861.4408365
   1017.7049355    4165.8511571    6933.6943372    4144.2184371     496.3644749    5357.3267045    6641.1571809    5143.0743645    9446.3234812    5861.0602631
   1030.6772328    4136.5533546    6944.5775652    4141.8448347     518.3842428    5377.5035102    6625.9524942    5140.9059674    9431.3363650    5861.6606692
   1022.0667581    4133.2452966    6947.1203262    4136.2912530     498.6249421    5339.9368911    6643.9467746    5138.7897341    9441.0567161    5871.3374518
   1008.6611017    4150.4661908    6946.3239121    4144.0061811     485.1319383    5345.2465456    6638.2911970    5145.5363148    9439.7871353    5863.9592247
   1014.0376018    4138.7253334    6949.0217670    4132.5163217     490.7507987    5357.3788081    6632.9318907    5147.7015959    9446.1852513    5847.8781840
   1038.7585833    4138.1200331    6944.3687006    4129.3738959     496.5280551    5355.4944655    6627.0929177    5146.1297106    9429.9744549    5887.7886132
   1025.0143464    4144.9031090    6946.3079823    4133.2468862     499.7495863    5331.8601218    6627.2784433    5154.1797958    9442.8419233    5843.3164452
   1008.3760208    4148.5718127    6925.9551084    4142.0187066     480.8359841    5367.5468009    6642.8178524    5157.7780220    9442.1816696    5868.9936129
   1025.1503400    4127.2118453    6944.6183686    4134.6845424     487.0224837    5347.2746632    6648.8937698    5156.9927966    9442.0770532    5844.8219241
   1029.0312626    4152.0281855    6950.2054914    4139.1520637     485.2125385    5357.9629708    6628.8268143    5140.8441973    9445.0273489    5859.0448521
   1023.9262260    4149.7006083    6928.8291599    4144.3190088     503.5132496    5355.9286064    6617.3900193    5139.9819389    9468.6108931    5872.6424570
   1011.2231385    4136.5723452    6939.4938689    4142.6163267     502.4163071    5366.8258839    6639.0753637    5139.9816552    9454.7813842    5857.6727541
   9039.3681834    1392.7632086    1393.9918438    8057.0861758    3982.8343863    1657.3591965    9264.3591529    3483.7931605    7508.5632847    7249.0703422
   9035.6226208    1372.9269955    1374.2496218    8076.0116454    3960.7010111    1658.1150188    9260.6009870    3482.2261148    7509.1172118    7244.8564544
   9038.4590452    1385.0337171    1376.8972453    8064.2666837    3965.1320847    1649.5275760    9288.6460017    3476.6970152    7521.0735415    7257.0136982
   9045.7020338    1367.5864161    1387.7496523    8056.3787524    3983.7696590    1650.8416133    9269.2939029    3466.2537174    7513.1311942    7262.2375255
   9023.1282814    1387.5476224    1391.7752841    8071.2113974    3994.2190543    1651.7363914    9273.0620262    3473.7330325    7529.5850532    7281.3439084
   9043.7614492    1372.8491418    1386.1349941    8078.0525525    3977.0876181    1637.6053780    9286.5239486    3472.5632296    7514.6089783    7258.7935634
   9033.2909436    1361.3127467    1383.9630178    8067.3762627    3976.5482418    1656.9249693    9272.1982533    3470.0377263    7518.6526929    7259.8880030
   9038.7767567    1378.4864752    1383.9708369    8067.5244097    3985.3242380    1673.0995072    9279.8187197    3470.9077708    7520.4060840    7243.5596502
   9025.6158323    1387.4575238    1388.5003968    8089.0511112    3959.6014241    1646.9711376    9278.4261480    3479.5891871    7510.9018292    7259.6549481
   9027.7528032    1384.6890189    1386.1248986    8061.3526289    3975.6619141    1627.8260565    9283.3957567    3482.5698703    7507.3874971    7253.0877127
   9015.9361007    1357.5027048    1399.5602298    8074.8969615    3980.5520144    1652.1120179    9278.1238290    3461.7096346    7514.5576484    7263.5886322
   9042.9323910    1375.8714150    1382.6144292    8078.6559267    3964.9701210    1663.4415419    9278.2620230    3471.0536357    7511.8421368    7275.9065368
   9024.1696638    1391.7109800    1393.7417708    8084.9662399    3979.6901064    1658.3545291    9293.0674295    3479.5333966    7506.6326673    7261.8641093
   9044.9760281    1372.6067461    1383.5356961    8071.6596739    3982.5119463    1653.4055352    9279.2281426    3470.1314478    7521.7247993    7263.8436026
   9037.9043077    1375.0522611    1398.9006576    8073.0903581    3975.3261736    1661.4657480    9272.0630856    3477.0951865    7494.2604338    7257.6048497
   9021.5777548    1365.3610059    1386.0670665    8092.9632430    3987.8724122    1656.7824650    9278.1360918    3489.5225751    7487.3643921    7247.5863731
   9033.4306254    1367.0088814    1379.7816402    8069.6957637    3982.9981811    1663.0597033    9274.3873775    3480.5588900    7514.2665683    7234.1107538
   9040.4237968    1353.9801286    1395.9688284    8079.3323689    3982.7478263    1647.6952873    9281.0157331    3483.5135249    7517.7580383    7244.3494832
   9025.7076710    1378.0799721    1390.5953456    8080.7967949    3981.4819295    1655.6149232    9279.5403344    3479.4351391    7499.3585229    7265.2805504
   9027.6331461    1390.2518612    1403.4248981    8067.0206974    3978.3391327    1639.2687413    9276.0199307    3493.2068827    7509.9892127    7269.4080178
   9046.2635793    1376.1173541    1403.9359317    8071.8020007    3979.0109625    1638.3540346    9267.7245661    3474.0811892    7513.6026104    7248.8270174
   9035.5808788    1358.7506505    1388.7752922    8066.9134582    3992.6768133    1645.8851622    9273.4987247    3486.5707257    7500.9115568    7264.2510816
   9032.8210625    1365.5247755    1385.0312674    8081.4181119    3970.7328182    1661.0776958    9275.3528932    3469.1080614    7507.3715462    7281.1252215
   9034.6526052    1366.8715760    1396.0412714    8070.0304415    3962.8170811    1657.2425190    9265.1114484    3490.0259436    7519.2840228    7266.7322575
   9034.2436725    1366.0366668    1395.6378082    8066.2910388    3987.4756258    1639.7754555    9289.6030017    3476.5784988    7501.1992823    7248.5141010
   9039.6984588    1378.9857550    1400.1546269    8072.8329608    3970.9255498    1654.5736177    9262.9175546    3475.9695660    7499.7298724    7272.7784195
   9038.6623741    1370.6993555    1387.5789411    8084.4507202    3970.4169380    1652.1488601    9280.7275230    3469.9795068    7520.7546219    7262.5645323
   9049.8193288    1374.8148813    1420.6370870    8077.9742131    3978.6408505    1640.2416755    9277.6912387    3463.8032063    7505.2368252    7256.6862538
   9042.9559577    1371.6563127    1389.9625176    8066.0445280    3973.0989929    1647.9542438    9293.2255499    3469.0864502    7496.6168304    7253.7440709
   9044.9002582    1355.3494034    1406.6871377    8064.6097511    3966.8285586    1640.2448930    9279.5575567    3470.6973190    7509.7042216    7260.1069012
   9009.8602755    1373.8360316    1396.5620253    8061.0374043    3963.3377830    1652.6083603    9290.6792600    3491.9644944    7525.2263289    7251.2566218
   9039.5593046    1369.3550525    1399.6798327    8072.9895144    3958.2277672    1659.2293066    9254.3072035    3501.1347566    7535.1822806    7253.4662382
   9033.5220586    1375.5449366    1396.4426994    8079.8302289    3960.2316710    1643.2375114    9283.4944146    3482.1588560    7501.5226376    7246.7406274
   9037.6576222    1370.5561904    1402.6069897    8084.5687933    3983.7849142    1656.7429830    9277.9745880    3486.4845751    7500.8213793    7244.0676897
   9039.9710455    1377.4803794    1395.7445953    8072.5865214    3954.2576044    1682.4778967    9302.5073561    3472.5564178    7516.4545429    7260.8690748
   9036.5530390    1378.1799655    1403.4985009    8067.2223923    3983.9219064    1660.6185879    9249.5986368    3492.3420022    7514.6952255    7254.1576809
   9034.4979539    1379.8717197    1389.9202804    8079.1669895    3956.2596086    1655.6610569    9286.1908828    3485.1721408    7510.2997029    7252.1746832
   9034.7227320    1362.8840130    1393.9695434    8072.1687410    3981.7627885    1667.4303962    9283.5912240    3469.3432386    7498.4460512    7251.3225685
   9025.3146574    1364.3616996    1412.6786250    8086.9091789    3970.8476438    1654.0385649    9299.8658584    3459.8716502    7512.0785626    7280.0125711
   9035.5073852    1369.2336248    1405.4621518    8096.5203636    3974.9392121    1665.4765264    9265.4924872    3480.2982631    7514.5113670    7255.4633410
   9028.7218470    1381.0762163    1401.5134331    8063.4191958    3970.6948518    1657.7233491    9259.6680069    3467.4066540    7511.3807802    7268.0312962
   9036.7565422    1373.9876409    1409.5882537    8075.9347588    3971.4887506    1632.8293277    9280.3474566    3473.1557662    7504.6334959    7258.9236663
   9025.4018052    1379.4783982    1391.3746589    8100.4342839    3970.2058998    1656.3375908    9269.0086529    3484.9567336    7499.2491559    7260.7531260
   9034.7533161    1378.9073031    1373.9714722    8079.6674756    3977.7889940    1665.3850083    9267.1373735    3476.3995669    7498.5175674    7251.5407208
   9040.3025700    1380.1191863    1391.3597626    8075.3293038    3979.8880560    1661.2328230    9280.9286616    3495.5445240    7507.8747209    7274.8827515
   9030.8083814    1380.3551017    1395.4713293    8081.5795742    3977.1018540    1671.1476944    9254.7499468    3486.2609589    7515.1027157    7267.6619860
   9051.5371117    1388.0077423    1378.7144723    8085.1642508    3972.3576773    1655.7442129    9279.5669150    3469.2076919    7494.4167325    7261.5348572
   9035.4642518    1368.9874319    1383.6354695    8073.9727559    3973.7649734    1652.9718522    9293.5661265    3483.4923628    7521.5028857    7253.7634786
   9050.0657402    1374.5323304    1394.0922736    8074.5281561    3980.4415376    1638.0656389    9275.0996670    3484.4690262    7522.4050485    7264.5032585
   9027.3647433    1360.9625647    1396.0814089    8055.8375905    3975.4036227    1658.8885357    9276.1316079    3475.0515729    7489.1666933    7259.5169734
