   4161.6209810    7220.9710107      -9.9598824
   4172.0321897    7208.8883831      -4.5213541
   4177.5198030    7206.9748723       6.4818573
   4169.3003140    7222.3831383       4.4517195
   4181.6394722    7191.9489828      -7.3567756
   4179.8282471    7201.0707527       2.7288970
   4178.9542294    7202.1311007      -9.2366395
   4160.1252488    7192.6623688       7.7065890
   4169.5951311    7185.8583915       2.1753781
   4164.0033785    7206.0021149      -9.7630007
   4164.1201945    7206.3090582      18.0620094
   4162.7405096    7197.4369622       0.0362085
   4190.6403345    7207.7201413       7.9775905
   4170.4489068    7211.8172772       2.9830540
   4166.0589312    7215.7454349      13.6267460
   4162.6433056    7209.1278761       4.6123415
   4183.8903741    7209.9820952     -11.7718789
   4161.7376079    7201.5789387      10.3157084
   4171.0225529    7205.5273222      -7.6610198
   4173.0013355    7202.5433667       7.4396274
   4152.0858114    7218.7194202       4.3943224
   4168.1009178    7187.7776937      11.5957544
   4180.3238018    7203.9533009       8.3196464
   4167.7129979    7202.7296351       1.2750372
   4172.2424376    7207.7944568      -2.8489335
   4172.0307212    7211.3198139       9.2691001
   4172.3290673    7207.4627260       6.9630000
   4166.1179718    7226.2135954      18.0287187
   4176.4781617    7187.1312963       1.7447256
   4174.8442549    7210.0932993      -4.8108551
   4180.2105594    7200.1632270       4.8021316
   4186.2951175    7200.8631607      -2.2645347
   4175.0959891    7220.6356647       1.8334462
   4174.9524609    7196.7413842      -6.6473214
   4162.4434199    7209.4705624       5.4193689
   4170.9601430    7198.7132484       7.1852846
   4194.0721052    7202.0061011      -2.0981886
   4173.3275893    7227.8612175      -2.0174887
   4152.0694193    7210.0874294       1.4640735
   4172.1827491    7212.3194460     -20.2046000
   4178.3885188    7215.0866475      -0.9010575
   4169.1116024    7217.3897617     -13.0227018
   4176.9551816    7195.5219902       0.2049778
   4168.5223068    7197.8334881       6.5232243
   4174.1328736    7225.3640832      -0.4786981
   4173.1318286    7204.3255610      -0.8515810
   4172.5483700    7204.7988671       7.0809997
   4156.7144699    7211.5505811       2.2759286
   4157.7925899    7219.2397652      25.8879423
   4166.8967986    7211.0163996       2.0472600
   3021.4597516    1474.9914939     919.1941670
   3023.3753309    1459.2233355     919.5923588
   3017.8895014    1478.3950845     924.6040085
   3029.8621289    1466.6673587     932.3946641
   3037.3505929    1469.7357337     922.5499531
   3004.9459701    1465.4982841     923.8075021
   3009.2801202    1487.3558134     917.4457535
   3033.2078907    1469.3899489     932.6258776
   3028.6574461    1461.7075778     917.7805785
   3024.7334581    1485.2349177     915.5082103
   3022.7085057    1469.9431761     924.1336722
   3026.7087740    1470.3396744     935.6256065
   3009.0207402    1476.1033372     938.4544541
   3028.5590657    1471.7120207     929.2198230
   3030.9203527    1471.6858099     935.0643160
   3011.2008285    1445.9918556     914.3992714
   3006.2583488    1452.1081375     933.4598730
   3008.2365693    1471.6666177     922.7812143
   3013.0361215    1473.6283115     904.7214431
   3014.5925217    1470.5145411     925.7009872
   3026.1060671    1474.4592250     914.2061873
   3014.8073522    1468.4664939     935.0079724
   3026.5435510    1480.9720865     924.8026995
   3040.6995731    1471.3165959     938.1685045
   3002.5240544    1463.0246325     921.5960015
   3016.9945624    1472.3051798     918.5403175
   3027.0845707    1475.0393929     911.5013711
   3025.7618387    1446.5865022     918.8996413
   3028.0313222    1453.5731259     928.8747767
   3020.8505762    1465.3076334     927.1828665
   3022.1687788    1466.0927072     941.0799331
   3023.2935385    1460.8943068     915.6675876
   3020.6761195    1478.6317305     909.8985825
   3029.2347538    1467.9384589     913.8587075
   3011.3154898    1466.7684684     931.2848811
   3045.1875014    1458.2919982     927.4044003
   3015.3667959    1474.7612331     938.3020643
   3024.3374967    1478.5412895     924.5375017
   3036.5500339    1477.3904955     935.9578473
   3027.9514467    1458.4085759     932.2098324
   3030.6854248    1454.0452885     934.6282017
   3017.4616952    1482.1588820     920.6051688
   3027.6918540    1467.9411246     938.2867177
   3049.3036334    1463.9297520     914.2166027
   3032.8658901    1464.0451400     934.3949093
   3034.4347542    1465.0802663     910.1017011
   3024.9793578    1467.8343518     916.8869100
   3015.6976027    1476.3825598     914.9977252
   3016.5404173    1466.9000161     908.5455822
   3023.7644994    1461.1455665     932.8351217
   1863.3546576    3451.8024125    3963.9872385
   1873.2582877    3456.3487972    3984.3041890
   1868.2596570    3456.1115571    3964.6230103
   1880.8598516    3451.9853318    3965.6589756
   1853.1755581    3453.8862707    3979.4170164
   1867.7874321    3465.9341443    3975.3090286
   1872.1347532    3451.2648629    3980.1858830
   1859.8516300    3445.6548608    3971.2053732
   1861.8933848    3448.1929095    3961.7894918
   1876.8667881    3452.4694010    3983.9549805
   1850.6270651    3428.3486310    3981.7182172
   1861.3978943    3463.9295519    3965.6674660
   1865.5693557    3446.2343977    3967.8848551
   1859.9387440    3451.8891192    3963.6006693
   1870.3824548    3457.9558106    3971.9756956
   1865.0379293    3440.9712999    3961.8749699
   1858.9856544    3458.8080606    3975.4135824
   1856.8856426    3458.0823560    3950.5118371
   1868.4728430    3452.9556493    3957.8719263
   1842.9037774    3462.8148591    3967.8766184
   1842.2947531    3458.1806981    3969.4834545
   1873.7137175    3450.9510591    3986.4617393
   1848.2312910    3464.3918287    3967.9293677
   1860.9744573    3457.4045960    3948.0486123
   1861.1784218    3463.6702690    3960.8354610
   1849.1790693    3453.8000286    3966.4826726
   1855.3442079    3444.9450347    3971.5235973
   1850.9135310    3468.1370383    3964.2521503
   1868.4180297    3446.5361063    3971.9890397
   1847.5091898    3450.7439411    3966.0170357
   1869.5925959    3444.0552067    4003.4083330
   1857.4346695    3458.3172716    3955.2092378
   1865.9963848    3456.2802402    3969.7028029
   1871.1201648    3454.7992307    3960.3985911
   1865.1504039    3454.9394927    3974.1024889
   1867.9045815    3470.0685846    3979.0406375
   1859.4120913    3455.4557991    3966.4836490
   1840.5184751    3453.2411134    3985.0290039
   1851.4508971    3454.2963729    3961.0699392
   1851.1458844    3471.8991435    3969.2021093
   1852.0192615    3454.5877856    3968.1519402
   1842.8033569    3466.7934193    3974.8733401
   1876.3772141    3456.4552397    3962.5667810
   1881.4030628    3457.9745358    3974.4765401
   1862.5390735    3453.6042716    3969.7728738
   1864.8838844    3469.0176072    3979.1901492
   1846.3773244    3461.2458302    3986.6326562
   1869.2842531    3465.0419144    3963.7619742
   1868.7955622    3447.9703490    3977.3236151
   1855.1875717    3468.7931831    3964.5780436
   5376.3389518    4185.8941290    6844.6552599
   5398.6986804    4201.0037940    6860.8376111
   5381.3705126    4185.3215032    6848.2202554
   5384.8200178    4189.0672563    6851.4477219
   5391.4331388    4184.6661197    6845.1106837
   5381.6664044    4194.2767871    6856.7998599
   5369.8502570    4196.9942475    6849.8483569
   5400.3135013    4194.0869587    6856.5966385
   5377.4305884    4191.3141147    6849.0276752
   5374.4797367    4181.1640072    6849.2712483
   5380.0014467    4197.9614144    6864.9528852
   5395.3862177    4196.5572699    6838.9797243
   5395.4526955    4205.0658835    6836.1144399
   5395.8041446    4206.1351298    6848.4517337
   5383.9341686    4179.5264639    6847.3347446
   5385.8532977    4189.4807439    6859.8746710
   5381.8986936    4224.6508010    6849.1245980
   5384.3198515    4192.0970355    6844.0688065
   5380.2893195    4178.8029958    6854.1810978
   5385.4602837    4194.7576159    6839.6547965
   5389.3985905    4178.2491462    6845.5208215
   5392.7445050    4177.3239419    6854.8308588
   5396.2082943    4201.2948144    6854.7597952
   5385.8754592    4171.1287575    6864.8646721
   5396.2183849    4201.5482083    6856.5444985
   5394.9694616    4210.6339842    6853.7020568
   5382.4807592    4204.6945229    6859.7023386
   5396.2647253    4177.5640953    6868.7855300
   5391.2780657    4194.1022890    6847.4475255
   5384.9039277    4184.8439788    6842.1582339
   5389.3098193    4202.0827006    6844.9946570
   5383.9207756    4200.1458324    6837.0817750
   5383.4162686    4172.3500697    6864.7714563
   5386.0255150    4173.2480552    6843.2704117
   5377.2076684    4198.8302707    6832.7224347
   5384.7240905    4200.9947308    6855.2371635
   5402.7205338    4189.2688485    6872.6620904
   5382.5295592    4190.0169349    6841.6025907
   5390.2128963    4199.8829393    6852.4742383
   5404.0147865    4204.2275135    6852.1253582
   5389.3799252    4184.7927674    6852.4751297
   5395.1118440    4196.1093091    6848.5383476
   5396.5853169    4181.5294750    6858.6172531
   5388.7434204    4202.6976913    6856.1506947
   5385.8739243    4186.5003057    6854.8516139
   5390.5409284    4175.8499314    6848.2301451
   5387.1365644    4206.0387856    6851.9888975
   5397.8200210    4189.4578387    6863.0916697
   5379.1130334    4208.2294090    6838.3927320
   5388.4226253    4205.8378514    6855.2368306
   2059.1902383    8781.5302206     284.0335819
   2051.6792915    8798.4961376     262.9137905
   2039.1012215    8771.4318391     270.5362513
   2032.5548659    8775.9341550     259.3180376
   2054.4760203    8777.6964945     259.9597377
   2051.2338453    8777.9881876     287.7898759
   2030.7051379    8769.5741761     263.1466939
   2053.6758096    8775.1048817     283.0160664
   2036.3559316    8811.0058772     277.2786938
   2031.9392054    8779.9205664     283.1417586
   2042.4752375    8785.0822301     289.7668384
   2054.0012084    8787.7961081     272.6183370
   2056.1427540    8774.6539319     268.9006300
   2034.2832431    8785.6320996     266.5673401
   2055.1700308    8792.4325326     282.3017698
   2033.7206481    8777.1548196     259.3287954
   2029.9205369    8768.2490677     275.4903763
   2039.0978109    8789.4919645     289.0568152
   2034.1484741    8785.8359506     274.3569023
   2032.6279539    8779.4066421     275.9752551
   2020.5460644    8768.6372225     261.3849954
   2044.4224628    8768.6897223     265.6150742
   2048.4608903    8785.6923020     293.0357566
   2031.3881254    8781.4920562     262.1595683
   2052.1364971    8776.8756270     285.0823332
   2058.9297986    8780.3415782     263.2510005
   2034.7253704    8785.2556844     283.1434323
   2064.1587542    8756.2220427     263.0111100
   2055.3739040    8784.2523901     278.7013540
   2059.7916095    8777.7348578     260.4957051
   2047.1750697    8772.7559304     275.4003707
   2041.2344918    8770.2119303     289.0851114
   2050.4614663    8773.6773257     284.9818475
   2038.5193578    8811.8173100     259.4326560
   2045.2133569    8778.9158736     261.7364915
   2037.8275927    8761.2201948     262.6509362
   2048.5104815    8780.9230917     286.4358594
   2038.3149948    8790.9153924     275.1968510
   2031.8165013    8773.9323058     274.6450627
   2050.6686992    8781.4399469     266.8551711
   2045.2123281    8776.6297860     278.4902211
   2033.2639475    8799.1280500     269.7278304
   2044.2373377    8796.5174250     261.9892432
   2045.4937275    8771.3733344     270.2982595
   2042.7363681    8798.8043919     283.7909939
   2043.2093570    8756.5143915     281.3677854
   2041.6000542    8779.5962823     270.0239430
   2043.8575716    8781.4883161     255.1930726
   2044.5144456    8801.7761016     268.8292819
   2048.4463055    8779.3321576     266.2571970
