     41.7022005      72.0324493       0.0114375      30.2332573      14.6755891       9.2338595      18.6260211      34.5560727      39.6767474      53.8816734
     41.9194514      68.5219500      20.4452250      87.8117436       2.7387593      67.0467510      41.7304802      55.8689828      14.0386939      19.8101489
     80.0744569      96.8261576      31.3424178      69.2322616      87.6389152      89.4606664       8.5044211       3.9054783      16.9830420      87.8142503
      9.8346834      42.1107625      95.7889530      53.3165285      69.1877114      31.5515631      68.6500928      83.4625672       1.8288277      75.0144315
     98.8861089      74.8165654      28.0443992      78.9279328      10.3226007      44.7893526      90.8595503      29.3614148      28.7775339      13.0028572
      1.9366958      67.8835533      21.1628116      26.5546659      49.1573159       5.3362545      57.4117605      14.6728575      58.9305537      69.9758360
     10.2334429      41.4055988      69.4400158      41.4179270       4.9953459      53.5896406      66.3794645      51.4889112      94.4594756      58.6555041
     90.3401915      13.7474704      13.9276347      80.7391289      39.7676837      16.5354197      92.7508580      34.7765860      75.0812103      72.5997985
     88.3306091      62.3672207      75.0942434      34.8898342      26.9927892      89.5886218      42.8091190      96.4840047      66.3441498      62.1695720
     11.4745973      94.9489259      44.9912133      57.8389614      40.8136803      23.7026980      90.3379521      57.3679487       0.2870327      61.7144914
     32.6644902      52.7058102      88.5942099      35.7269760      90.8535151      62.3360116       1.5821243      92.9437234      69.0896918      99.7322850
     17.2340508      13.7135750      93.2595463      69.6818161       6.6000173      75.5463053      75.3876188      92.3024536      71.1524759      12.4270962
      1.9880134       2.6210987       2.8306488      24.6211068      86.0027949      53.8831064      55.2821979      84.2030892      12.4173315      27.9183679
     58.5759271      96.9595748      56.1030219       1.8647289      80.0632673      23.2974274      80.7105196      38.7860644      86.3541855      74.7121643
     55.6240234      13.6455226       5.9917690      12.1343456       4.4551879      10.7494129      22.5709339      71.2988980      55.9716982       1.2555980
      7.1974280      96.7276330      56.8100462      20.3293235      25.2325745      74.3825854      19.5429481      58.1358927      97.0019989      84.6828801
     23.9847759      49.3769714      61.9955718      82.8980900      15.6791395       1.8576202       7.0022144      48.6345111      60.6329462      56.8851437
     31.7362409      98.8616154      57.9745219      38.0141173      55.0948219      74.5334431      66.9232893      26.4919558       6.6334834      37.0084198
     62.9717507      21.0174010      75.2755554       6.6536481      26.0315099      80.4754564      19.3434283      63.9460881      52.4670309      92.4807970
     26.3296770       6.5961091      73.5065963      77.2178030      90.7815853      93.1972069       1.3951573      23.4362086      61.6778357      94.9016321
     95.0176119      55.6653188      91.5606350      64.1566209      39.0007714      48.5990667      60.4310483      54.9547922      92.6181427      91.8733436
     39.4875613      96.3262528      17.3955667      12.6329519      13.5079158      50.5662166       2.1524805      94.7970211      82.7115471       1.5018981
     17.6196256      33.2063574      13.0996845      80.9490692      34.4736653      94.0107482      58.2014180      87.8831984      84.4734445      90.5392319
     45.9880266      54.6346816      79.8603591      28.5718852      49.0253523      59.9110308       1.5533276      59.3481408      43.3676349      80.7360529
     31.5244803      89.2888709      57.7857215      18.4010202      78.7929234      61.2031177       5.3909272      42.0193680      67.9068837      91.8601778
      0.0402025      97.6759149      37.6580315      97.3783538      60.4716101      82.8845808      57.4711505      62.8076198      28.5576282      58.6833341
     75.0021764      85.8313836      75.5082188      69.8057248      86.4479430      32.2680997      67.0788791      45.0873936      38.2102752      41.0811350
     40.1479583      31.7383946      62.1919368      43.0247271      97.3802078      67.7800891      19.8569888      42.6701009      34.3346240      79.7638804
     87.9998289      90.3841956      66.2719812      27.0208262      25.2366702      85.4897943      52.7714646      80.2161084      57.2488517      73.3142525
     51.9011627      77.0883911      56.8857991      46.5709879      34.2688908       6.8209348      37.7924179       7.9626078      98.2817114      18.1612851
     81.1858698      87.4961645      68.8413252      56.9494413      16.0971437      46.6880023      34.5172051      22.5039958      59.2511869      31.2269838
     91.6305553      90.9635525      25.7118294      11.0891301      19.2962732      49.9584171      72.8585668      20.8194438      24.8033558      85.1671875
     41.5848718      61.6685067      23.3666139      10.1967259      51.5857017      47.7140987      15.2671644      62.1806232      54.4010119      65.4137347
     14.4545540      75.1527817      22.2049140      51.9351824      78.5296028       2.2330428      32.4362460      87.2922376      84.4709608      53.8440593
     86.6608274      94.9805991      82.6406998      85.4115444       9.8743402      65.1304332      70.3516988      61.0240813      79.9615262       3.4571220
     77.0238735      73.1728601      25.9698393      25.7069299      63.2303317      34.5297462      79.6588678      44.6146232      78.2749415      99.0471784
     30.0248340      14.3005828      90.1308436      54.1559379      97.4740371      63.6604400      99.3913025      54.6070804      52.6425934      13.5427903
     35.5705171       2.6218567      16.0395180      74.5637193       3.0399690      36.6543097      86.2346253      69.2677718      69.0942142      18.8636801
     44.1904281      58.1577407      98.9751708      20.3906225      24.7732902      26.2173084      75.0172413      45.6975327       5.6929438      50.8516241
     21.1960165      79.8604245      29.7331382       2.7606012      59.3432449      84.3840429      38.1016124      74.9858311      51.1141478      54.0951805
     95.9434321      80.3960891       3.2323067      70.9387251      46.5001482      94.7548941      22.1432734      26.7072020       8.1473965      42.8618829
     10.9018764      63.3786761      80.2963237      69.6800496      76.6211381      34.2454120      84.5851483      42.8768775      82.4009870      62.6496159
     14.3423049       7.8386900       1.8332643       6.6724998      45.8583814      11.3341923       2.7783349      75.4861481      39.4850480      74.6938496
     45.2404827      45.0086747      47.8072507      47.4003927      80.3163342      40.2392520      90.4686160       3.7061048      77.3874343      12.5641381
     61.8513567       1.0364261      53.8627283       0.3017957      95.1193785      90.5402034      79.5966942      91.5274320      14.5558231      15.7730070
     18.7631673      62.2495902      90.5809496      98.9955178      71.1122459      73.1800409      90.9293205      40.0873732      24.9850680      17.3430171
     11.9457050      81.2610588      14.6792373      26.4297483      81.9089179      31.0587252      98.2417449      26.6638702      53.3653345      31.4467011
     91.0772831      36.6556644      43.3592327      51.2292692      93.8886477       3.0949006      71.6878664      89.1018954       2.7287224      52.2051247
     32.5989812      85.9489321      55.8516551      69.0227868      45.2853500      62.8309038      29.0096852       0.9348578      57.6755935      31.1444214
     51.7267599      91.6405853      42.6474789      24.7396037      37.1293761      93.1861117      93.6868381      84.4329949      92.0206514      22.7900290
      8.7482210      22.7309736      31.4376616      17.4765876      60.7094162      41.3586415      81.6351512      18.5130398      70.1876530      24.0355625
     57.4219089      34.8987597       5.6964399      22.8813671      66.4102555      49.7250093      51.9015984      17.4720150      57.0715852      99.6753425
     81.6835109      59.4372624      97.5989068      90.1562585      59.5607934       3.2426325       9.3577096       6.5371715      45.1733149      37.5434833
     97.5350034      16.7983293      97.2787592      76.7474869      82.4237840      63.2615817      66.8732770      47.6882334       1.3136357      35.3006086
     49.2071801      73.0091211      46.8628343      45.7404916      13.7662741       1.0888734      75.8278260      31.9952838      98.4383450      22.0234226
     33.8708025      52.3896136      75.4891457      46.3857784      12.4822543      31.2501378      50.4519170      67.3849008      77.0149956      13.0335781
      2.2915131      51.9082322      80.9988711       1.2603767      67.2469845      68.6808227      44.9246754      91.4788687      64.4361085       0.5239838
     48.4428446      85.9317806      83.0399570      64.9154197      67.3698424      57.8499580      27.4119775      56.0529991      67.1729785      35.2429630
     85.5828367      19.5037486      74.7320810      28.9602746      77.3799287      42.7737329      80.7698409      35.3534863      21.3693238      76.7284508
     30.8641948      73.3245068      74.4473153      22.1396701      21.4112137      19.8947923      14.2518338      37.7082599       2.6627885      11.0920369
     67.4564024      79.9776537       8.0529527      23.1702310      20.7625662      91.7333563      71.1314518      55.3884611      30.4517988      83.4854048
     43.5305958      92.3456215      70.6051804      47.8031308      12.6210104      97.6043550      15.9833650      20.2602125      43.1181755      40.4201906
     14.6751481      72.9318919      18.8745067      64.3895644      75.4305951      21.0732392      60.0954248      74.8928375      63.8218711      59.7127303
     29.5482286      73.1606471      94.5308440      42.5561390      78.2181817       5.6141040      83.5271602      19.2250017      39.5096869      30.0081046
      8.0103644      90.4631003      37.0154178      53.0697438      49.4116266      13.2161142      20.6454059       7.6188809      50.7921700      26.1549552
     35.7061609      10.8065329      78.7551840      10.6583877      98.5708824      17.7161164      57.2405112       4.4845335      78.7116290      18.9605948
     52.7903978      74.0077543      14.9931485      55.1087174      21.6617208      75.9196049      72.2915194      17.6549034      86.1966558       1.9775100
     86.0236997      55.8903811      40.3220472      75.8746931      71.6929002      98.7326175      27.8085049       0.3793672      93.3902608      85.7897105
     72.8850878      51.6688783      70.6956245      78.0529557      37.4875944      77.0322525      75.0624319      61.3211212      40.1865924      69.7308019
      0.3112858      77.4896647      89.6416602      23.9315707      12.0767184      22.0283988      30.2096731      88.3028509      54.3166430      28.6711650
     13.8354690      29.0144463      61.3871090      32.4138530      45.7360182      44.4117107      82.8135361      42.6348154      34.5698821      67.4971605
     22.1482056      46.7245824      31.4765687      62.6855602      87.7360475      44.7689000      78.4457419      45.6965701      65.6229332      13.1840975
     43.2981507      90.9311989      60.5479001      76.6774587      50.4700608      49.8055625      84.2899840       6.7806934      57.3272272      94.2762575
     51.7860048      19.4465810      84.7939392      25.1639142      70.0726036      54.0260940      94.8836288      62.4336702      83.7977962       0.7932876
     98.9340056       7.7714570      32.2129514      94.6152395       0.8939102      82.2730005      86.1211638      43.9830814      25.5745194      80.2689520
     47.7862004      13.4338609      92.7848993      89.5969967      49.1545150      85.6702497      41.8578026      68.3464900      39.7990639      50.5742017
     18.9551703      96.4988924      29.4215688      10.3459556      14.4315400       1.4092294      71.5945699      56.4498320      79.4578351      50.7079923
     79.1821040      69.5764214      77.7848477      40.6482869      64.7770633      17.9794298      32.1819963      17.2604620      40.8637225      24.1418748
     40.6921994      97.5222342      32.0319326      98.2490945      63.6306126      37.5091018      85.7484499      61.9586739      25.2033080      79.2855678
     43.2938509      35.7511167      33.0276937      69.7368876      26.8650124      80.8278014      29.5288794      54.4121384      48.7921492      85.5356413
     88.8386434      18.4384442      58.5348459      89.8205046      44.6117219      92.1868305      27.8990890      60.8831174      68.2453710      22.8205733
      1.3767513      41.6723962      93.8481892      34.3028110      77.9744295      17.4736313      34.1952836      14.4597721      71.6770814      69.9307624
     68.8497318      25.3396034      69.2360122      22.7297541      42.4649116      37.1922122      35.5307912       5.7654807      63.1646627      70.7316603
     61.3588695      64.8312756      16.9940714      14.9446799      51.4175044      87.5332726      18.3953442      46.2839119      42.8932334      49.7289186
     16.1510770      34.2440641      26.1880404      84.4526943      80.0332246      42.6639158      60.7015461      14.5465610      50.9613294      29.6947086
     85.9650954      67.1598381      63.3474013      12.4751300      47.0587879      98.6572780      94.8299174      64.5085640      15.1724871      63.9126849
     56.5662113      46.8665838      42.8037469      59.9269756      84.9969889      75.1121040      57.9360540      92.4704182       6.4739983      99.1346509
      5.2994543      19.9495546      42.2752662      10.7508876      62.3670411       4.7992564      28.4623881       6.1036681      70.3519331      66.8456168
     37.8580593      18.8194260      74.7004829      34.0379291      79.5301167      48.7900939      52.5669444       2.8490849      64.4232020      35.0656502
     22.9205027      43.3883376      38.2467457      46.9789040      97.9483354      36.4378070      77.4410133      55.2767597      88.9131089      35.4952851
     24.5518680      91.1019240       4.3534264      95.0753428      55.6406916      37.6363217      99.5052322       5.8362646      51.6706360       3.1097075
     57.1175739      18.0468509      63.0959200      98.0923676      87.4902551      45.1836249      70.8460870      77.7468750      49.4843084      52.8533490
     15.0784398      36.9399926      14.2221253      72.6893753      47.7012994      44.8878837      88.5997971      52.7618772      40.9090832      26.8892022
      7.2012035      41.8136134       2.5753482      29.1153941      50.3509510      96.5933065      10.9382914      67.3041054      49.9932371      77.7098229
     14.3606998       8.3202636      39.9218605      79.6962252      19.1675739      76.7777192      29.0297997      21.6891488       1.6715589      39.8659060
     38.1081491      65.9344936       7.0918400      15.2603987       1.6575883      11.3796356      65.1789276      40.2656852      32.1026314      55.7911994
     99.3460463      83.4486514      69.9623182      91.8258589       3.9728707       7.0333442      47.4006290      34.9167413      93.7252062      48.9564961
     53.9649110      89.5260366      44.6635046      87.7034389      25.3581749      27.3809704      32.8361390      54.7564270      22.0128674      67.1429171
     14.2793283       9.4100274      87.0191746      23.6868704      38.6004011      57.1542093      52.5801970       7.6023879      87.4125936      95.1135618
     81.2507304      28.3801835      52.7846796      33.9416724      55.4667311      97.4403469      31.1702918      66.8796606      32.5967207      77.4477266
     32.5809967      88.9827341      75.1707721      76.2632095      46.9479029      21.0764502       4.1475080      32.1828800       3.7112664      69.3855411
     67.0350032      43.0471783      76.7788978      53.6008495       3.9859927      13.4793118      19.3416399      33.5663801       5.2312946      60.5116781
     51.2061028      61.7461012      43.2355595      84.7700468      45.4059056       1.5403520      87.3068148      65.6201548      82.3003041      95.1775693
      5.0912384      23.5071864       6.3343443      42.1657886      86.3829146       8.1623983      47.3111953      12.5543110      77.2885602      84.1422157
      4.3290938      48.6440743      23.9411044      95.2473782      94.3892628      61.3934002      97.3487397      34.4861344      89.7850718      43.4594973
     23.5814637      94.0827963      68.4218051       6.4911585      87.0424857      70.1380295      60.4926873      73.2374899      25.3439042      60.0488955
     81.4619181       5.4113660      13.0510671      84.2445810      61.8345869      53.1287810      24.8290729      29.5078575      87.2686165      42.1665935
      6.4430256      89.6985070      20.3380833      82.6227535      88.1770623      48.6750745      59.8464693      52.7267456      62.4821294      85.5041721
     28.2139448      88.3755508      56.7690330      11.5103041      22.7001165      59.5982386      23.9446237      13.1415661      16.1847714      84.4872518
     60.2183654      96.3567087      34.5679213      59.5625098      59.8985289      61.5704287       5.9177207      75.0317185      94.8209498      53.4679057
     19.2556021      75.2925915       0.7318969      32.8256104      91.7606348      58.8367333      85.5190284      60.4672052      82.2578153      87.9483523
     32.0986375      12.2954772      72.1303344      44.0347087      12.6735709      58.9823648       3.6068315      20.0182116      78.8301190       1.2096760
     30.3345672       2.1375961      99.7484993      58.2029976      29.3376278      92.8949462      50.7119424      45.4692228      58.7871506      26.4137644
     30.5288299      37.1654577      24.4447999      58.4547266      69.5846134       7.1947220      97.1083320      75.3070656      80.6163163      75.1640404
      8.0060977      48.1696283      44.5672956      67.2472651      44.8737259      70.4313398      68.1645338      69.7148529      61.8600743      15.0980733
     76.0802456      78.1045822      90.4102986      23.3768693      17.6678893      39.1099123      32.0564654      81.5476929      61.3525900      76.0001752
     42.7665100       9.9440563      11.5035012      37.3407132      19.3847768      82.0746499      59.9636008      68.8845259      49.1109961       8.8173681
     23.5077637      46.1602081      19.8591503       2.5476236      72.9397698      72.4916747      33.0391746      84.3494126      42.8442476      86.4686145
     65.7065425      58.1035657      20.0727488      52.9546610      89.4432418      30.4993976      87.0945609      90.8745273      32.9844563      68.3074366
     89.9220950       7.5696882      87.8587863      19.0839363      84.9768910      66.7118789      34.4339195      15.1375570      63.5370961      84.7788044
     82.1849375      62.8239597      95.6301510      58.9923127      19.7832785      42.9330723      33.6745999      99.1945012      38.0236496      99.2700874
     51.8804251      17.2279701       7.4574071      37.0305694      12.3418860      63.4518716      41.3919846      99.0915633      92.9955624      14.9236032
     39.4882263      46.1579711      56.0948755      78.0363523      48.7193909      41.9993552      26.1999705      91.0806139       2.2271512      82.1121898
     18.8468400      68.5756899      35.5209389      97.4212628      12.2772129      18.7569893      88.9442475      58.3406315      30.9246385       0.0764385
     22.7597738      14.5403634      20.3433824      89.6322557      87.3094378      70.0289438      47.0497676      82.7136002      49.5826397      36.3488683
     27.5603103      92.4740814      38.6989234      49.2880873      25.4438102      88.4966519      38.3263457      29.7574715      71.7594962      19.0869943
     11.8192629      83.6997782      74.4135921      59.0520548      24.2891575      62.3247145      63.8355321      32.7569444       6.7489343      88.0538598
     45.9956731      76.3872718      25.3888621      59.1387182      42.8795160      38.2100643      12.6713384      24.4266663       7.9341583      30.2858305
     74.1704800      61.5015725      67.2411099       0.8383080      67.8376972      50.3180691      23.0908450      17.4896509      18.4982966      84.4260005
     98.2589789      91.3739625      34.7369420      78.0224580      54.6454591      81.6442398      48.3726951      58.9951298      78.7263448      10.0234643
     53.7007117      36.5983347      60.4306844      95.8802516      39.2822945      39.2972998      79.0636994      64.5078399      39.3884008      68.8955048
     40.4001609      13.6113154      45.0643269      33.4419393      21.7968930      92.5774802      68.9639399      59.8820891      74.6657472      54.1971062
     70.0533073      93.0559819      86.2616695      16.7441858      26.3139024       7.1610279      97.8672805      23.6384099      66.0598356       8.9630699
     21.0770942      50.2824384      10.4953668      38.8873403      53.7987720      33.9204185      55.5900211      53.6768322      39.0610499      69.6270083
     67.8482454      68.7303149      56.1491259      35.8079914      61.3112335      93.5736267      59.6888525      97.9590174      44.1006620      73.9611963
      3.7603879      76.4726639      51.8281580       0.5316533      27.7200105      53.4832233      76.7962878       5.3092595      54.9053444      80.0994556
     64.9583055      93.1447015       7.4731445      27.6806463      91.9237504      76.5005148      59.9740344      83.2968144      89.6043492      97.2720353
     99.8520507      13.9649334       7.0542045       7.3466654       1.4743791      97.1820073       9.4766916      84.1736826      68.5172997      48.7557167
     34.6694881      35.3647787      25.3838882      91.1017974      72.5642545       2.5925793      46.1521253      28.1301273       2.8966186      88.4681894
     77.1005358      32.9735079      79.6558588      32.4638322      30.7882444      92.8109079      97.6916162      52.3555305      95.1935168      88.7996494
     51.8032562      37.2748802      71.0354578      45.5643425      60.5212895      99.0406197      77.3916250      33.4276405       8.8998221      18.4905590
     52.6851876      41.7102418      80.0659658      93.3202338      17.7864748      86.0066771      95.7394926      95.9470607       3.7862588       5.7583506
      0.5797393      31.2681156       5.5698413      29.3862485      35.6016486      95.3677018      47.6950922      27.8238442      50.3005195      64.3357925
     11.1245673      75.8061658      85.1945771      84.4249860      89.0506832      38.1842397      44.3805198      10.1581476      22.5806922      97.1320469
     28.4623969      90.7396142      89.0552286      92.2504497      15.6149564      87.9722144      63.1994950      21.0628178      34.5115915      15.9918789
     44.4348157       8.3774954      16.5318490      19.7196346      69.1027342      57.3802869      87.3323134      24.4634066      62.9607957       3.4431265
     51.6198461      86.3226482      98.4126544       0.9872975      25.2841482      22.3849670       4.7537594       1.0172456      49.0195312       4.5482146
     27.8328131      63.9974569      29.4692042      26.9654701      59.0546522      38.0534077      70.2523034      49.6123951      63.3209266      35.3394347
     28.7043946      13.3207114      93.7080385      80.4835846      93.8028543      18.5380525      93.3155763      93.5753208      28.3544514      27.4634248
     55.1431574      18.5289239      44.2101111      18.5317646      94.7375918      49.3824657      96.3917767      64.4941673      48.4315773      96.7695246
     14.3189782      63.2329875      66.1888368      43.3839827       5.9357225      49.2722601      46.5133944      80.6746811      25.6660990      39.1430363
     24.0172207      68.6443415      98.9883453      17.7429537      82.1446740      23.0988559       5.7975813      13.8816518      93.5153116      88.8542103
     28.9260495      94.7764066      84.9930535      43.4654794      46.8049555      62.9853022      15.8031835       1.4782087      26.5512017       1.5443632
     67.4498844      55.1468836      32.1648146      78.0202337      14.5785431      24.4880639      29.2313762      19.5931946       8.7938684      86.9976180
      8.8188646      68.3710336      12.0400877       1.0699003      55.7268230      90.7109055      86.0456667      33.8451384       2.7158829      80.0859355
     80.5984932      86.8488116      66.9646600      80.7778862      89.7498282      45.3829950      55.7825304      50.6131129      69.1983905      68.2906868
     52.0313636      82.8468148      50.5779387      82.4858562      28.1845088      17.8494833      96.9870570      74.1939525      25.9791693      58.1235342
     95.5262254       8.0753908       8.3534207      61.9134831      22.4493479      76.5183957      56.8152543      66.6188090      10.7813901       8.4283051
     62.5121068      40.9731261       8.7252524      37.1063945      67.2144410      18.9587400      89.5729109      94.9846389      96.1572542      73.0082558
     40.6288428      74.3749196      28.7986879      31.4417222      60.5896361      59.4847133      87.8660976      25.4600756      76.6188365      94.1013267
      0.1032933      47.6089118      65.7040329      84.3323214      18.3739412      85.6159238      36.4365480      89.2273929       2.7711740       8.5390139
     98.1410466      60.9501926      41.7632347      16.9214185      64.9901153       3.6975068      31.1613913      32.3479197      60.7441894      65.0831257
     84.6054599      92.7580943      66.0457728      57.8173918      39.8715544      96.6612493      15.4079172      89.5086809      31.1013068      54.8489090
     68.2066258      23.6469651      16.7736685      50.8482013      79.1863876      69.2414462      11.8973337      90.0742215      47.9737567      94.6676679
     55.3433706       8.4801822      20.2463036      85.4237973      70.5927367      89.4939520      32.9146002      52.8001397      65.0398132      59.4290854
     23.1462936      42.6821349      24.8111464      84.5614962      98.6677445       6.6570803      71.3928032      33.0115552      62.5435378      25.8129649
     65.1007609      37.1147184      29.4820880      91.1763174      94.2498874      61.3550027      21.4467781      93.9418871      75.0453547      75.1089807
     21.1721335      83.0156526      24.0095154      63.1620745      71.0739570      74.2383430      39.0264705      75.9825397      90.2935902      58.7420019
      9.0409716      12.8975984      10.5262527      17.2727463      12.6430890      77.8300890       3.9411512      24.1558417      87.9066401      97.3518861
     60.5422008      97.6238265       4.3451542      94.8572768      31.1296082      79.8972840      81.0629103      85.9998592      45.8550811      93.0644392
     25.7892984      93.4445493      61.9119633      98.5444915       3.2643866      72.5166659      56.5554235      49.2424047      25.9218126      32.6830685
     24.9462207      21.9267910      79.9660838      50.2395006       8.3189889      77.6984192      53.3649076      73.9387787      51.5393693      39.9945924
     98.6246782       2.8242620      93.2763908      93.0854968      39.0918712      21.4464871      61.9213298      17.7972335      80.3208194      25.3933856
     29.0806155      91.5915790      90.2916833      53.5380892      86.2838981      35.2532569      99.7884278      43.3689739      29.4812012       4.1574234
     98.9706954      46.4887631      73.4585014      64.0807624      72.3093400       5.1110904      92.0045405      92.6841218      55.1995027      96.3915889
     28.0955537      60.2146627      39.6462690      62.8023232      30.0632289      81.9358385       6.9785979       4.1877570       4.9396385      15.0455028
     39.5350474      95.5389989      11.0795440      64.7552986      52.7621508      35.3242406      19.8199229      22.0594082       4.3821510      71.3163973
     65.3840199      44.3769793      71.8939488      10.9975972      93.8719173      84.7626709      65.9035660      37.8831169      41.6566729      48.2153922
     93.5283770      86.3592955      47.7923849      55.4518498      87.5403862      94.9264434      63.9184756      74.8520320      35.1624906      91.8028319
     83.6752050      55.2055881      86.7627210      84.9871881      80.8411357      13.0692824      53.6002575      90.0783115      77.0831831      42.0713199
     97.7880393      25.0773157      33.3610229      95.4200507      80.8715348      90.0340005       1.1589589      37.9764433      23.5521957      29.5935052
     73.7995496      72.4084845      46.1799410      36.5274461      58.4691613      53.3707755      55.0579559      61.5477071      39.5648272      77.1718482
     25.1203183      65.5760768      96.0397148       0.3554760      72.3361044      10.8995034      54.3787492      62.6916017      24.2947126      91.3843875
     62.2312529      23.1694691      77.0132188      10.5507080      55.5225319       9.4956070      58.0984073      25.2980113      64.9466808      71.5826953
     52.4185615      65.7521408      81.3293845      80.7512272      61.9681992      45.1102462      40.7949989      87.4747620      70.2931732      18.4935022
     56.5732147      90.8808032      15.0689992      84.5517676      82.0202466      49.9341101       3.7583851      14.7502505      92.2638695       4.4154796
     37.2498766      61.9039635      19.6948039      98.1079757      15.5975233      53.9679195      61.8011324      23.0989949      46.6308989      49.1008529
     76.6862376      63.4280753      46.7550053      66.6942543      45.3377427      52.5711591      65.8568042      18.1195382      78.8049551      60.2865338
     98.0332885      22.2383194      46.6266474      89.5641803      60.1433410      72.5958846      41.3670164      68.4309622      94.6055030      20.0186066
     80.7365264      96.9538012       1.4568732      21.5209587      11.7376920      76.7423518       8.1216586      99.8413559      38.9612016      90.5202766
     18.8577603      44.0872200      84.4811819      59.5269781      46.2158097      51.2649747      57.3885527      44.0319208      19.3558958      11.3965761
     15.1227927       5.2490964      55.8676411      84.7721014      35.9119339       7.5310873      42.5724412      60.2007838      42.5403466      81.0721234
     94.1886246      86.9910773      70.3999498      47.0298925      68.2698043       1.3418311      98.2478119      17.2077332      90.6260396      80.7109902
     80.0139684      26.8936058      21.9153806      42.8800693      84.9371101      45.0379642      93.5420114      35.2679327      61.9392166      98.0699036
     64.3462522       4.5498216      46.3557091      33.4751344      53.2181549      28.4746209      12.2261230      66.8288989      68.1359755      86.7139300
     13.2381494      79.8620308      82.6768738      64.6549936      20.4922146      26.1420714      41.8496818      54.1799073      47.7437956      46.7459892
     83.9840710      87.0102365      81.6753964      87.7801419      57.1008762      96.4036133      60.6544348      60.3947741      31.9297737      68.1204184
      5.1965689      13.4546421      13.0242168      65.5201287      17.5332592      34.1146823       4.4311656      23.3734360      96.4224325      50.9139403
     15.1074518      52.3008532      94.3509384      86.5686014      39.2065869      28.3867516      76.1729863      24.0484325      25.4232355       8.4086354
     86.4144095      44.7898916      56.1786261      73.6710958      79.6488867      44.7508139      18.4127556      82.8732852       3.0997960      94.6728270
     57.6977846      87.5388738      60.8565437      25.1659584      29.6129923      53.2922559      96.2078213      18.4495604      50.9898378      34.3788103
     76.9725345      80.2866486      42.4559910      20.4122500       6.7089460      19.8648264      27.2400850      59.8788918      87.3083497      12.8230939
     95.8188742      68.3170844      74.1964236      98.2880786      41.6100773      53.1583466      67.9212950      51.2875143      29.9112345      10.5384673
     28.4932146      76.8852848      64.0782704      80.1330703      51.7120532      23.2100022      62.7961927      30.4005490       2.9528745      90.3331177
     42.0369569      42.6130780      74.1251735      94.8458404       7.2515528      17.2701088      32.2357489      24.8424246      49.5494981      82.4459611
     85.3972415      59.5829942      24.0173734      18.6492688      74.3390512      23.7214058      53.9490891      74.9280787      22.8249105      17.4501188
      3.9735687      14.7568838      85.1438907      10.4635912      22.3645046       3.2757200      67.6356635      23.1703141      41.3591718      13.9301171
     37.7217288      42.4437466      47.2964952      42.2841813      10.2756564      77.2580267      13.7206003      42.4292374      27.1956112      30.1007943
     67.2420773      51.7786724      19.0087050      46.9134440      33.9540869      70.4497198      22.6095202      84.4988137      52.6229665      50.0619573
     25.3685807      18.6155670      47.1819063      98.1824418      13.2906238      28.3462432      80.0641174      66.4776899      27.8758409      31.4647607
     41.9948254      60.2786762      71.9338767      85.7300333      68.1111470      23.6982064      92.5720535      78.1195401      30.7381480      30.4965642
     88.1168318      12.6078480      63.3460834      27.7712732      82.7200325      36.4523448      73.3366094      19.2417890      48.1445898      80.3594626
     39.6988212      16.1574040      64.8982223      75.3325806      28.0192635      45.1361861      90.0448912      87.1985631      70.7187610      59.0900599
     81.7382270      90.7644646       0.2507560      39.7227766      56.1409684      73.3923136       8.7472762      39.9754988      27.9621179      42.3510053
     49.7978633      66.0015224      49.6236139      62.0468201      58.2439862      42.8332398       0.4976365      19.4516414      32.0206654      14.6978126
     59.8663882      61.1499477      50.0093260      32.0848902      65.3258052      19.0283483       0.5880981      73.4942019      44.3503842      69.7841656
     18.5043350       6.2619802      37.8108587      69.5996510      10.2818367      19.5834234      45.3952650      62.1149190      75.0124248      10.9735021
     62.4623607      38.7360522      67.0090369      20.3560378      52.7918798      17.2162555       1.8681006      48.6950246      18.4177777      63.8343330
     53.6574819      77.4945380      39.2959903      98.9452131      51.5214696      47.8823401      74.9442471      57.2688293      36.2465317      48.9244785
     18.9138375      39.3583414       2.9961753      46.2529060      27.4474113      52.6715860       2.9272121      55.5086767      29.2997884      57.7490681
     73.2769853      44.0337827      66.3156823      23.8909955      99.8599089      24.2878522      94.0828414      21.7219750      49.7564385      82.1176965
     71.6588047      70.5580412      44.0440560      75.4175025      91.9953577      44.1351745      52.7965484       6.6035584      39.0773074      46.7238566
     89.5137711      11.0557440      73.1137603      54.5471169      60.6535431       2.9782944      14.6747380      28.3983225       0.4872048      66.9157798
     87.0257949      54.6968309      54.3164048      61.5725929      30.2181500      36.6731982      57.4939727      80.9216584      20.1596634      32.7524056
     74.2921250      34.0920249       4.7610929      15.6356929      19.3864860      49.5112363      63.5124961      88.0219977      90.2536556      30.7160768
     75.3380073      28.2428031      36.8576870      29.2726562      41.3690736      21.4715696      31.8986006      12.1919814      96.3018240      50.3983009
     92.3100683      74.6160141      45.7705288      75.4622225      62.8023079      30.3758434      52.1659313      71.2312196      30.5313531       1.2522837
     26.8262829      79.6745476      92.9993089      62.5331155      13.2807485      75.7570359      52.6905346      75.3869072      85.8611703      94.7541551
     65.4537535      85.4258210      74.2588058      72.7101188      85.8790756      92.3003041      90.2076002      39.5750262       8.4021280      82.9573718
     53.8931553      54.2076155      82.5175331       3.1984184      87.7960419       3.4634001      69.3194558      58.7484479      64.1749181      37.4080188
     27.5462027      50.9408581      88.5823117      56.5289670      66.3148891      44.1379231      97.2139087      74.2522452      35.4902511      65.3531033
     54.2616412      88.4056212      27.5054051      10.8067485      19.1272052      38.7046233      85.4059795      27.0844914      62.6358803      62.3551801
     40.8047135       5.0335130      74.4833873      29.5725534      39.8458197      37.7239568      66.3602632       8.6333287      54.9889920       1.5421822
     98.3038984      59.8427222      38.4114228      14.6747931      69.6878326      90.5808417      31.8108752      76.6492145      28.7498102      95.7225342
     70.2315755      62.5015593      93.0734733      26.9042387      92.3615746      67.8082934      77.1362507      57.1635336      83.3904677      69.8281799
     14.6608702      61.2461129      27.9320336      91.5878723      19.8232290      28.5716495       4.7654705      44.7579144      55.7587815      57.3561083
     90.5377380      34.7413933      44.7528380      85.1237663      57.6829303      65.3992935      27.8359330      48.7471302      62.0952388      13.3394030
      3.2908717      11.3411001      47.7461076       2.4026735      62.6208929       9.7582618      25.0961538      42.6492946      11.5826747      27.0551994
      2.1079673      98.5045554      61.1573608      37.8353839       2.6528351      38.9838748      45.2558626      93.1003194      27.8504172      61.4781891
     66.5168355      18.5960970      50.5763349      78.6500763       9.6579034      60.6035298       2.6059933       0.7046724       5.9528607      48.1400459
     92.5704109      40.5557384       7.5032639      86.1352474      51.9297585      31.8935869      96.3032339      93.8261769      26.0018972      20.1391854
     58.8908703      84.2518210      33.6721090      58.6429421      16.2244999      19.4593735      76.1335216      15.0098461      26.5907041      68.9494863
      1.5089308       3.2194404      28.7525940      33.6623181      36.2216106      80.7190576       3.5980968      35.8395245      63.8278133      14.3004110
     85.7738615      64.5564408      11.5293425      20.8097410      74.5498331      40.3406628      48.4470061      88.7455078      13.7443550      96.4372797
      4.2629682       9.9440257      22.3238431      80.6585082      45.5872807      65.3251142      17.4321138      16.6721933      52.0848341      74.0293635
     46.2474465      86.9614085      66.0411935      24.9090088      23.4902221      37.4046717      75.6616056      93.7937664      86.1905999      26.1610793
     41.2278928      61.1544099      54.6834456      38.9274945      10.1420777      71.2244804       8.8135164      86.6077429      86.3448440      70.8450792
     48.6424574      69.9146565      39.4987060      79.7495984      78.6417082      15.5528584      31.7817550      34.3983177      36.4170299      56.6645557
      4.1687443      65.9969719      20.1631759      41.6462556      45.0892657      34.8726770      38.3280310      18.0306061       6.8130057      55.1256649
     59.5866946      14.5499789      23.0941708      28.6377132      83.0751367      15.3420941      55.2138808      56.8139718      34.3420093      35.0617189
     95.9112018      55.3343949      65.2731201      49.0740116      64.6649982      60.5250786      14.5173293      33.4680533      46.0433993      12.7821662
     36.3073324      22.8141634      84.7502602      34.1474080      22.6789321      40.8181403      68.3064048       6.5621999      18.0729214      69.4306939
     75.2256605      61.7754280      87.9198561      16.8800190      70.3547732      91.7260159      15.0739659      24.3763977      54.6684572      34.4119337
     69.0639081       5.7567618      16.0764142      71.6238306      97.0618698      92.9550377      90.1066993      12.7743314      14.5928918       7.2264757
     54.2540233      88.2486173      53.1791900      78.1715285      18.8453787      86.3111260      18.7424771       5.4764126      42.1491010      55.5104430
     97.0742010       9.1753833      27.3918093      10.5107069      39.0439637      28.9011083      51.3300349      34.8256682      92.8228018      78.9947796
     86.1011369      12.9500946      57.5070167      21.4782536      86.8238571       1.5019422      10.5744215      37.6057076      40.2093906      27.7220083
      9.6062999      11.8730405      31.7944754      95.0792834      20.7406565      74.7280321      25.8188664       3.7240256       1.6052209      15.2705931
     46.2084193      75.5901098      72.8814932      35.2389442      47.9139279      81.4073753      83.8402906      31.9916700       0.4265018       4.6930843
     73.7807378      27.2632281      48.1485812      19.2031266      84.7112916      50.3377610      52.7160176      28.8079588      51.1999231       0.1963645
     27.7295040      34.8762984      28.3950886       8.5952228      52.1781209      78.8479133      94.2598436      49.7289792      59.3753858      29.0859938
     14.9159509      13.1871691      73.2360776      73.4469435      17.9350017      41.3560380      59.4144328      12.5281946      78.5368950      61.9992203
     61.5221692      70.1208092      98.7183082      56.2394456      86.4416262      41.8708675      65.4469351      92.5261188      66.4150816      30.3080676
     61.9945694      35.1318320      32.2366675      61.0205059      16.0323232      48.6738936      94.5634285      38.3914242      18.8962593      46.8838950
     84.0907831      84.2667723      82.7803239       1.1475513      26.7040310      99.9875788      11.9683277      49.0089496      79.0026151      12.2213910
     66.2409181      48.8080446      19.4289982      87.8630027      18.1487398      63.9052859      74.0826878      56.2672887      62.8841569      11.8965397
     30.8036987      58.6962207      39.5463716      66.3946081      85.1954645      19.0222089      90.3272701      38.3175850      94.3124331      61.7382313
     79.0095521      51.4775428      53.1144694      32.7593899      12.9364707      38.3821912      21.4976481       3.2865256      27.4886830      18.0576053
     87.5530315       8.1236562      18.3895599      70.4030696      91.9225891      25.1458452       2.1301131      96.0504473      68.2220640      31.0662696
     47.2373442      59.9255874      37.3868572      87.4487797      72.6172588      95.4340705      35.1065523      93.7174089      47.9100574      64.2322639
     73.6647205      80.9337969      39.6259367      44.7945979      81.7277026      71.7557203      94.0849209      97.9597871      17.8913336      22.7919412
     71.5986447      74.7382735      60.3179554      87.7299764      25.1990462      33.9487394      49.4646848      31.5027089      54.5439089      68.2478079
     22.0366901      48.5337454      99.2981358      32.4161303       3.5361919      81.7351729      50.3306784       5.2783856      89.0305027      40.4514380
     92.9273182      40.2078174       7.6832285      24.5301144      35.0260506      75.0728292      18.4748152      43.0973654      87.3245420      53.3761091
     10.3154720       2.4522487      70.5809801      97.9127491      78.5165263      76.4726197      67.5447516      79.5502710       4.0017786      26.4681632
     69.5397536      86.6988330      67.4606872      17.6276128      93.6308460      90.3378700       8.6678766      19.3000038      27.5193031      73.8411871
     85.9373328      57.8322387      19.9645571      41.5089888      13.7859200      91.7396187      76.4530940      51.0213834      45.3575043       9.7842078
     31.8675356      12.0632795      78.2338063      54.4883707      22.7277381      22.4202839      26.0398198      30.8872752      38.7705132      29.7548932
     67.9555895       3.5073619      32.8110315      74.5291873      94.2807985      80.2732550      24.0826210      23.2915468      19.0336795      88.2497535
     23.7855687      75.8180623      26.1049731       3.3081843      73.3447700      72.6201810       8.8959111      32.6701258      94.8365290      16.2948999
      8.6672473      59.4603888      93.0989865      13.3778308      51.3012294      68.3999214      17.1829760       1.1259893      88.7683130       3.5231271
     25.7458284      65.1684032      28.5782933       0.9707597      57.5451834      30.7792278      15.1514062      97.1283312      16.4972268      72.7235441
     89.0724191      85.8715116      18.4257067      23.6808534       1.8362637      93.1405467      88.7121177      59.5466169      10.9367656      17.3542647
     57.6960371      25.1656974      30.0171833      17.0987349      18.9591719      46.3421154      50.9873973      51.1579890      99.7138799      12.9595817
     75.6169888      79.3756747      58.4882599      46.2738180      89.3426637      82.8180219       5.0290936      96.2983753       0.7339892      57.3132205
     57.2430817      83.4379665      38.4716068       9.1040869      58.1687269       2.4845860      36.1795761      98.5316802      86.8778870      15.2496742
     79.8826089      81.0996919      92.8207219      22.4384266      49.8967474      82.7444091      66.7333785      59.3936143      65.1975821      23.8516013
      2.5540085      73.6257257      32.6791825      37.6756887      61.2616054      65.7165042      20.2898901      82.6031538      38.0206605      63.1744409
     96.6411416      56.4786235      35.8911142      61.8970109      50.1793118      45.2376248      73.2270735      92.4510150      47.9271415       8.8230151
     56.9653557      24.4950855       3.9577911      78.8140207      27.2768237      77.7070493      48.8208943      31.7935891      31.4025450       4.2024760
     53.4399837      82.3551556       8.3895352      10.8558706      52.9255927      66.0141810      69.4745992      31.3221695       3.7777776      41.4562880
     22.6044171       0.1114830      68.5716572      95.2062539      39.1151761      30.0298429      55.3751813      85.1976258      79.4967425      68.4756705
     43.2107091      69.0434020      21.6025351      28.3943438      77.7820611      92.9980136      19.0049504      29.6063289       0.6210267      43.1562245
     21.0295072      64.1424783      70.9589216      11.8777714       8.2144002      90.6335070      38.9238755      53.3403497      96.3241565      75.9054012
     32.5540298       8.5849301      53.6024017      33.6125443       2.1685405      77.1152333      38.4909130      57.1321150      75.5742856      94.0847420
     61.2322339      31.5396179      11.0076508       7.3918888      31.9690774      66.0839139      69.5152065      20.7718040       8.2795939      30.5510661
     54.7574560      75.4669674      52.9657321      28.6983753      62.4179723      26.4836655      65.2692914      84.1898008      63.8947820      56.5631469
     30.7142109      87.6777040      98.8821885      77.7479431      57.3643858      14.1279333      31.4929022      36.6859319      29.1895221      44.5952815
     61.0632517      21.2914591      24.9759754      11.2150483      30.7588589      49.7448279      48.9807785      99.5577212      98.1108563      43.6562772
     97.2020622      21.4397904      54.1120886      45.3435314      96.7608898      83.6176223      21.4146925      43.9539102      16.8476972      52.9087210
     79.3484674       3.5879149      19.1358878      97.7455564      96.0797306      55.6591659      64.6090721      27.2093014      95.2091086      66.9774806
     66.6807995       1.1103333      85.2969850      77.8326219      68.4923997      74.0781813      15.6572425      71.8775053       9.6818411      70.6949448
      0.2631796      77.6205787      49.1557185      20.4386866      72.9246614      31.5654132      88.3817590      18.0233525      93.8550654      97.0750148
     30.4485244      86.2486400      84.2179119      42.4612710      36.3684408      28.2437473      99.3236784      25.5751027      92.0675598      42.8335214
     93.5427012      83.8844834      15.5777326      57.4283354      67.3503015      40.5820406       0.4877044      32.5331330      83.8944948       6.2823980
     10.5419746      70.1787347      51.4158268      49.8166825      37.3609719      60.3513617      85.1468767      27.6923056      84.4761363      41.6619149
     50.0984012      72.9623379      25.8721708      92.1636919      70.2069464      61.8930423      27.3008837      69.5848456      25.7214748      81.6452670
      1.1472455      16.6537644      55.7828989      71.2281000      49.2480654      87.7809501      97.5869938      46.4277068      76.7986979      49.4772134
     66.5098778      22.4874980      10.9541717      97.9008938      81.4994660      28.5383532      58.5828384      38.0071205      17.6338041      41.8835143
     29.7187794       1.6624107      38.7368307      92.0913004      82.8200259      57.4074755      31.8646865      23.1264295      95.6019584      56.4610099
     21.7605304      24.9482051      95.9596203      23.8814133      10.6714088      18.3961940      76.6224807      70.8764256      43.7941925      79.3804507
     51.7512692      41.3598161      11.7441936      88.3911066      27.5593214      61.6260723      98.4579779      18.9418022      96.5187992      65.2715368
     12.8731605      77.1927146      95.1775778      56.2780550      68.8555200       2.6347879      98.9075686      31.8457120       2.3903779      80.8564150
     97.3252552      73.7588510       0.2735806       6.3360511      58.4269405      33.5715108      88.1833481      87.3669369      98.7518909      71.5831969
     87.6883700      31.9650112      11.1176952      86.5364106      30.3472598      41.9332298      64.6030257      60.5099134      42.0923085      38.6150512
     12.2681042      53.3861884      23.2854097      75.4807851      67.4870584       7.1926965      98.9264685      78.0456936      22.7825887       3.0742818
     47.8371831      35.2742438      54.6511499      65.9663955      79.7219807       1.3544347      71.4295514      29.5313966      98.6402576      84.6241731
     56.0401181      59.7765685      19.2075673      22.6251589      15.4013178      37.7813547      11.1955444      51.1272894      63.8477955      12.2212378
     34.4196359       7.0347880      52.5761187      65.0289769      61.5472141      81.3869563      23.5566237      61.8181842      30.2828519       8.8767706
     30.5261472       7.1356475      95.8574211      72.7165435      10.1460858      78.6269322      35.2155360      91.1435140      49.5497435      87.2692723
     22.0529795      36.7192326      36.6836942       9.7132682      33.1014434      65.9709804      46.6543491      87.9231570      26.9670266      35.4819349
     32.0354290      55.1737971      18.8219416      17.3244272      93.9481924      37.6647714      58.7098135       5.5152085      14.0857997       9.6358552
     81.2115568      10.3146783      51.6316046      15.5577898      27.8816755      88.2602003      63.1593765      96.3662710      59.9714366       0.9519716
     41.5641006       2.2441754      31.3984328      48.1624931      57.5459341      23.8650203      55.8286578      39.4920134      50.6582188      19.5967015
     15.6751610      75.4517008      32.9973229      64.4195693      56.5455597      89.9530916      88.0683618      44.3111400      20.4735086      63.2192375
     63.6835975      69.2417503      90.7473203      78.2580978      62.5290936      60.0965595      21.2759036      65.1365362      81.4500171      92.2322481
     91.6650112      56.1098806      25.9833976      33.3797457      99.7762366      52.5597788      81.5906673      59.7016188      50.6930387      34.8539615
     53.7770528       0.6734707      87.6685807      56.1486482       2.4281425      81.8174745      13.5354391       3.0638698      46.2335404      96.0656695
      9.3614248       6.5598516      87.9935576      82.1372042      81.9969422      46.7818048      42.7492095      40.1068305      58.2215042      72.8970669
     78.4292002      65.4799188      56.2466165      41.2392608      31.9915062      28.6247793      29.6176718      68.2752866      76.2441182      59.7619787
     22.2863892      19.4395021      76.5686119      97.8693819       1.5909962      24.8898142      79.2312872      71.9165298      24.5979958      55.4892381
     58.5585794      72.1384277      46.3673711      40.4848472      30.8009471      23.8308908       9.2503358      64.5883387      66.9570449      68.7343474
      0.3145720      43.8253033      12.2553365      52.6609336      97.9739621      49.9277011      37.4649979      81.3839992      96.8201438      28.7123378
     80.3000040      99.6141437      11.1824240      53.1047355      81.3526579      37.6294184      44.5774526      75.0902560       9.8346379      36.0526305
     56.3706255      23.8585596      83.9953772      76.5850992      96.5542580      52.2988075      10.6524658      93.6617023      83.4235989      54.4418161
     83.6302277      88.1690919      77.6081137      57.1253977      61.5298721      84.4390683      62.2216636      20.6479959      69.1488424      53.2013750
     26.3247059       0.0786542      23.5497761      67.3566698      87.8320200      83.0702569      10.8107386       7.1124980      76.1592312      28.4833372
     27.1803052       0.2000301       9.8539011      13.5597047      15.9360206      44.5313603      81.4135815      81.2298115      90.9989622      44.3592039
     70.8710508      48.8334118       4.9842558       8.0431434      24.5942335      98.1621729      69.1917229      26.8007582      70.6263245      66.1346134
      4.3290161      36.1487585      77.3727983       7.8522915      88.4384117      93.0868296      85.3085512      11.7377604      56.5173482      70.7559948
     88.7980090       9.5776029      81.5770585      27.8016332      59.2287386      71.9795709      77.7019149      29.4664849      60.7376539      28.7472874
     99.8316750      81.4505608      41.3977916      87.9142186      73.2501115      92.8746931      17.1610694      29.4835005       9.3736676      31.7981032
     38.1188614      63.2712540      47.1519938      71.7668981      26.9223534      17.3056719      37.9122603      43.8081437      42.2126568      91.3569687
     26.9567018      35.2043403      21.5209660      37.1923011      38.9855391      57.5427057      27.8364979      25.9492309      71.9061395      91.0178708
     12.2096820      18.2288971      13.3109645      68.3607683      21.4009773      60.4571603      20.1678735      81.7757194      31.6107132      66.9616765
     14.8733563      30.5945447      29.7241445      63.5079933      68.0880527      84.5248647      18.3346907      76.0429764      71.1939402      55.7543914
     65.0162986       8.9995103      14.6875816      41.5571721      71.1370688      16.7821164      38.8979139      49.7945954      93.5045727       5.5196249
     82.9007491      98.4159846      26.7272614      89.0057304      29.0300139      79.9007498      45.9857368      59.7608649      23.6667377      68.7614962
     14.8684866      55.9686499      49.4328931      83.7205996      48.1468515      78.4730960      40.0294307      30.7905933      78.7227136      41.8464264
     49.6766061      57.7322531      81.9665738      58.1319975      40.6142903      16.0586829      70.2111305      88.3232822      10.8378888      46.6213976
     93.4535505      56.3509167      54.5253514       6.3475550      53.5300180      65.4541304      14.6591846      95.6364728      19.6150792      67.3925994
     27.4341153      10.8430834      26.0900804      33.4151834      46.4731877      23.4356443      72.7503887      80.7191102      79.0975596      71.5748548
     26.9643246      21.0457791      10.9128328      39.6681101       8.7266640      65.5389656      94.9828914      75.5633281      11.6891727       2.0481249
     33.4888830      99.2876157      31.2831748      73.7507799      71.6529377      57.2557598      36.7646058      20.8265694      97.9999216       6.5893770
     23.6227752      30.8899471      90.9503353      71.3369263      26.5371850      16.4501303      88.0497414      79.3783132       3.8387432      87.9300844
     58.7939745      45.7537197      67.3851877       3.9442799      33.0321203       8.8048418      68.3637465      39.8011715      47.8954092      28.9803339
     78.8294520       4.6512682      28.1125646      59.0595862      79.0133502      60.1599336      73.0488669       2.3527915      25.4923589       4.2091760
     50.0012398      98.9140296       1.3530508      44.0879038       0.4786418      61.2888619      18.3358726      71.2741784      15.9648512      82.8575655
     20.6178164      35.2216274      23.0578472      80.7684492      49.0269956      87.3833506      13.0085973      49.8958110      77.6613634      98.1210169
     67.3377730      18.3001180      75.9772956       7.4635215      76.2772464      82.7815231      55.9209716      49.2720830      93.6527423       0.0096951
      0.9566894      25.1951423      50.5676463      54.0416650      37.1292424      29.2711375      20.2367346      80.0281894      31.5922905      49.2467986
     81.1290892      61.2358942      40.8608496      17.6904222      39.7652090      48.5212654      99.0584593      28.4195076      16.5639676      22.0575514
     21.1467344       7.6047691      36.4907698      28.4734025      88.7588792      78.0259610      10.9064957      85.0503495      10.9598607      72.0207747
     57.2824298       8.6808384      90.5328036      87.4566515      84.3851731      36.9567355      22.2951412      99.7111655      81.7338365       4.2128161
     37.3277878      81.2186976      52.8384697      24.7130826      79.2887930      26.1751044       0.0398380      23.1318919      99.3370289      65.6200834
     22.0668122      68.6139702      68.6936898      64.0742770       7.0548517      24.2964117      87.0837193      73.4740819      16.7816006      29.8589461
     56.2722029      82.6445766      20.0516306      10.1665294      38.1868890      91.2353469      26.0513519      10.8304353       5.5942965      35.1670556
      3.7626945      58.3033921      67.2556810      46.0483590      74.1116854      50.1024964      70.2352621      23.0640906      74.4612409      50.1637202
     70.5368830      44.6697790      50.5940610       4.1535183      48.9309291      14.2287502      14.2495847      43.3350403      57.6214790      34.3048695
     16.0491590      74.1410417      96.3091573      73.3642286       7.7064231      84.0908158       6.7514050      43.6312049      92.8862799      26.3180104
     12.7953172      76.2238772      92.8608121      32.5768421      23.2458098      18.2485476      96.3235523      57.6634635      86.0087772      30.8344986
      5.6436430      45.3804185      20.7110096      51.8983664      53.7987636      29.4288217      30.7453882       2.4173672      42.0402014      32.3689414
     61.9490125      85.9763067      49.2640441       8.2708298      93.3480458      80.8326967      36.5518823      33.0728911      93.7934079      37.4894341
     63.5802219      98.5344338       3.6739765      31.4630978      23.1235722      92.2365419      55.1136731       5.3713538      75.5248249      68.4083821
     66.2174103      95.5728775      87.4601599      75.3251485      22.2665954      13.8014962      22.0888336      20.5509861      56.7964546      66.3043823
     52.7417520       5.6349392      36.3162595      96.7727409      69.5511575      36.9739780      67.1626149      26.5109694       7.7477564      52.8067139
     28.9769126      48.1651896      90.1994595      65.1740367      72.3319136      10.2586525      47.9658086      40.4341890      64.6857243      28.7735135
     38.3064712      98.1016792      11.4810568      19.9907863      23.9046164      69.6654200      71.3688091      78.4754937      38.1044375      85.2403288
     69.7346540      71.3259898      82.1988644      62.8924438      42.2227623       3.0798811      59.5455663      56.3763570      60.0808022      32.2853469
     55.4881977      17.1656304      64.9859426       7.1673474      87.5077134      21.6137950      29.3844571      88.4736919      88.3592090      83.6267216
     32.6935617      90.2344639      77.1802296      65.8082981      89.9803074      78.3131472      42.4749509      32.4255224      39.3878138       6.1412154
     36.3430893      35.3043686      86.5624488      88.8700050      96.3052087      32.8199248      69.3320156      63.3066268      24.2443746      86.9987626
     21.4101916      74.7714003      14.4663936      10.6819656      72.0322210      52.6318116      44.2915831      77.8180568      35.8743353      85.3349599
     96.2172497      97.9125494      27.7628002      41.5007036      72.5009884      89.4865934      71.1311110      75.8132283      88.3403652      36.6948238
     54.2544942      53.4769976      64.7582580      89.5183880      60.0827476      96.9938538      73.2135555      41.5291492      58.1138460      92.2320782
     61.8500384      70.9928603      66.1292032      33.6146439      20.3334855      40.7812963      15.0769806      82.6333548      71.0460614      40.1056189
     17.1382696      87.5799340      63.9063906      99.6602820      10.1097890      24.4848359       8.3654934      74.4741776      15.9575309      88.1659534
     49.1479527      52.6169263       4.2520289      61.4053636      22.7614789      21.3504089      89.5318569      88.8013349       0.5265184      83.2303960
     90.2298840      51.1947658      65.6173818      76.7785684      68.5439975      45.9116420      57.3452232      57.4059432      84.2130520      24.0441708
     75.7226466      81.2337110      79.7032361      80.7707819      82.9280022      41.7515751      61.7886736      75.5245516      76.9765569      95.8604623
     97.5075276      56.4734592      46.5739069      83.5525327      21.9960924      76.6398089      19.2011599      59.1627566      60.6831457      44.1843803
     86.4550653      54.3482186      49.2729711      41.8125636       6.2225183      36.2149460       9.2815358      56.5638500      64.0501632      76.7782263
     63.2535256      18.7060755      75.0243951      54.8859400      10.2170359       2.4827029      29.8746192      69.0015029      93.2788350      96.6497201
     76.4548089      29.3249186      62.2069125      23.1096128      75.0690372      16.5867029      75.6470386      86.8588999      51.9506354       6.5634838
     44.8892021      83.7828611      17.9752653       3.8559061      73.2693574      56.3040724       4.2060626      98.4885264      56.9332387      58.5156673
     78.9906642      90.2634671       6.0750736      34.8513209      20.0091863      46.5151532       9.1467942       6.8085774      30.0889433      90.4345258
     97.5541978      76.3720032       0.0740913      73.5215554       2.1992510      16.8565682       1.0514008      14.9126999      68.7505525      70.2016875
     37.1077407      73.1190824      84.7304205      13.0357514       8.7407316      37.1921457      40.3883638      27.6404220      75.4168186      32.1786201
     80.0144312      91.1308354      51.3149008      42.9422030       9.1594802      27.3677304      88.6647815      24.5944341      62.1189387      49.5007396
      9.4372536      89.9368531       6.7770832      68.0702325      97.1998140      70.9373791      32.5908720       7.3440166      57.9737047      73.3517018
     35.8846034      65.3751473      56.6591408       3.4106417      92.0694453      38.0005803      37.9401944      84.6355876      48.4277902      45.1068794
     63.9856715      21.1771291      52.8300693      66.8568524      53.8776700      70.8761138      59.8536492      84.1405534      87.9170763       9.7839203
     25.8593995       5.4656155      22.8891868      72.0916707       7.8545239      15.5119513      77.0768327      44.4325177      29.0120738      64.3984696
     88.6938405       3.7605440      69.3094345      66.8550724      86.8012099      19.6372040      71.2792630      10.3901108       5.6626357      68.0796034
      2.2634714       4.4299089       3.6953023      46.5410509      75.7869444      99.2199224      22.6607697      79.2380225      79.5245864      87.2242709
     31.4255990      13.2925055      79.6701580      56.7463338      41.4653927       5.8641677       0.6556875      31.6023463      27.1458785      47.5723627
     92.3611865      41.6684486      28.7883871      84.5246533      30.6949867      91.5584022      86.3411843      63.8819188      74.7675194      15.7322796
     60.2874270      32.7037284      48.8678054      22.5385458      90.1957678      41.1533777      47.6734053      72.1402753      12.2196813      50.3065049
     81.3147663      67.7341860      32.1650726      71.0665397      93.4439599      89.4776238      74.2234788      26.6101169      37.2487407      55.8417921
     38.1048897      45.5746862      79.3525944      10.3940132      97.2996578      70.4619066      86.4727868      78.1680054      43.2183714      94.2511143
     25.3086217       4.6248423       9.6878230      20.0736622      53.9080536      22.3602553      83.5320820       0.9338687      74.5900929      96.9007822
     26.7183211      62.3815506      71.4779635      32.6957418      43.3126572      73.4408846      13.1150187      14.3685973      37.5406323      22.8409052
     30.6986394      15.0065685       9.6636060      91.5984031      34.5893408      56.5966257      54.7198765      45.0357548      74.7820580      33.1576457
     89.2477457       6.8033222      57.4889593      33.9052577      36.3900345      30.5097894      60.3586300      23.4407930      29.4306200      28.5494591
      0.6795445      37.1618509       4.8897351      87.4376213      72.1822631      59.5307105      74.3878335      90.1094084      69.4090563      59.0756317
     12.4259244      40.4582652      57.8951248      60.2844366      96.0777837      20.5500321      66.3151328      25.6429141      41.7761243      97.1950462
     33.1077431      36.2023165      43.9568448       4.0667790      39.8570239      61.8985100      57.8079987      87.3412728      64.1186558      55.6955945
     64.0647157       4.7616783      99.6121349      15.1705418      41.8446887      29.5251470      57.7216894      55.9561023      35.2114324      97.3629464
     75.1271639      88.9841363      45.5410195      59.9406089      41.3453276      30.4255165      52.5470571      19.0967309      21.4101724      51.0787418
      1.3852074      44.5487109      99.6700671      82.2682981       8.3460546      65.5890317      22.5392930      11.7955852      34.8677263      67.7166818
     55.0764561       4.3962664      85.6754269      47.7595024      85.6776225      18.7654012       8.3733266      51.5969662      45.4544663       1.3894399
      3.9354590       9.3632836       4.0677480      17.5739067      57.5536151      47.6752620      97.9769733       7.0737134      86.7415632      57.8519782
     87.6475546       5.5713610       9.9153521      86.3094718      57.0384026      55.8493801       1.3012668      64.2252804      84.7664481      99.6126191
     43.2954791      31.1409046      40.4770325      22.8025096      22.6098585      43.3643609      68.4539508      66.0737289      77.2490168      21.6814688
     72.8706379      79.5253827      56.1812864      46.5670690      15.8199872       4.6452851      46.3832148      65.4302080      21.2546317      39.9949605
     49.7637885      95.4903957      87.7445129      87.4049648      99.6600539      77.3453283      20.3059878      83.9887341      16.6248249      88.9087080
     33.8579796      28.7944664      60.6223000       6.0611546      90.7088175      38.1070698      78.9983171      71.0547435      70.4148130      53.2626167
     46.6675510      64.5397932      69.1577207      23.5818195      75.3808208      93.6617168      81.5097648      73.0609669      82.1710939       0.6954918
     17.4824047      34.1979202      73.3518134      97.8373289      73.2877847      47.8992933      92.1051812      37.7699140      64.1690632       0.1504470
     17.9359544      29.4838769      38.6989798      45.9820507      79.6718759      27.9845584       8.2661585      52.1370124      98.1151988      40.0758471
     25.7191082      77.6341499      61.5583537       0.7548336      98.6205105      48.8918532      30.4021871      66.5077051      28.5560781      46.3543931
     65.1821071      12.1882027      46.7223126      73.5205743      96.0518040       2.1389492      83.2479211      93.9146020      98.5817820      93.7831635
     12.9251408      88.6020194      15.2862129      36.0516357      36.1161938      27.9785392      35.4804244      54.3001565       7.8517017      37.2869671
     58.3218881      13.4249410      24.2987945      31.2779083       7.4533851      80.7690795      26.3397473      41.0601009      40.5412866      30.4735636
     12.7738047      89.3559374      68.1394848      26.6891462       9.2430927      12.3495016      27.6436401       4.9043479      14.5146864      47.5029548
     93.5979403      43.4068986      70.9140454      57.0305074      97.6244186      17.8211207      73.9105083      35.0406695      99.1212104      35.2811735
     97.8783183      86.0371447      59.7736660       2.7447957      18.5532049       5.6511775      79.2461762       7.3951084      78.6459436       2.7951849
     25.5206253      29.7583387      56.4606490      56.2061244      88.7400965      63.7377440      16.1462030       2.6994793      76.1982498      53.5568798
     57.8629150      41.4105048      58.9815088      40.5631378      44.5692405      59.2739636      49.2344511       5.9103391      97.6789708      85.5137640
     37.9085628      54.6524843      93.2874327      39.7965342      94.4772699       3.0486276      74.5799522      79.7006611      19.3835113      16.2866775
     59.1078286      47.9691712      58.6542602      13.2271097      27.7737070       6.9672361      10.7996723      71.6377678       2.6401956      53.9650322
     29.8662990      86.8497300      54.5038877      99.7547735      56.1075891      56.2097813      33.5106698      25.2324934      42.7369678      22.7175354
      7.0876008      42.5051233      10.6417093      72.3120815      29.8394029      49.0361659      19.5583282      68.0826509      83.0826147      22.0406786
      0.7808669      25.0904308      62.7636302      31.0816827      83.6206138      85.2739199      37.1740563      36.5334492       1.6562572      54.9678748
     15.4270594      11.2679538       5.3338129      17.9283807      15.5930811       3.5490379      98.2432455      65.8304501      38.6994072       6.2485478
      4.7245309      80.4952435      42.2779806      10.8260232      16.7034138      68.0194533      42.7234142       9.6808290      39.2009660       4.4755817
     27.1026123      50.3079698      45.7479286      76.8634604      16.0230332      51.0044236      14.1527031      18.9369591      40.9898604      14.5862583
     56.2327526      45.5231820      94.2096658      66.9994905      10.3142236      60.7106855      42.0329250      50.0631973      65.5805541      18.5718099
     35.9534495      48.0379797      61.4782965      28.5557145      50.2773456      27.8546113      57.2389854      34.2289404      83.9160959      68.5912806
     81.6127819      15.4246067      18.5193652      54.2594781       6.1398259      53.8058518      33.5997001      32.4454327      22.9853189       0.4686740
     68.7073346      75.2781192      33.8283416      46.9803619      79.7382274      64.7467739       2.2978172      28.3972485      95.4394832      88.3154655
     32.5217951      91.0633889      47.9175082      20.2068721      27.1449408      24.0981916       5.5575456      43.7136111      90.4582888      52.5757464
     54.5456473      22.6999610       4.6400830      12.5808023      21.5125693      87.3393415      98.8328610       1.7766249      44.3309955      36.9197291
     53.6463564      61.6522819      39.5999761      18.3864064      58.5274246       3.3296770      89.3977665      64.4410797       9.4544264      55.1374986
     12.8974321      11.8820840      26.5548902      76.2908302      69.8220946      55.8852134      25.5226619      51.7868767      92.9750994      18.5319203
     73.4207407      87.2182897      66.9456208      20.3695669      12.9165996      51.5032991      13.0308181      82.5700001      52.3644529      29.1423687
     56.8126733      26.0637380      58.4470205      23.2122427      21.9052052      51.8506082      83.5415783      64.4770770       9.4190741      13.4068325
     39.0300596      31.9564693      89.1220602      89.1291488       2.9824101      21.0521938      38.8352713      17.6374745      91.8686340      18.9598553
     73.3985962      95.6915634      47.7718045      81.4219293      42.8219382      81.3449255      76.1698496      95.9603648      33.6600007      76.6594404
     92.1617804      81.0771683      81.4337492      94.8298239      29.0682903      44.0146559      10.6057501      87.7282124      34.3699328      90.5244880
     20.3857572      34.9605815      69.0479378      92.2706524      68.7946013      34.0093518       4.0043460      33.1750717      47.6161060      73.0400135
     89.3628593       0.6309041       7.6734462      28.1790546      53.5618930      53.5785598      42.5263479      88.3637418      72.7352045      13.5961363
     23.5136345      50.5305856      36.2518554      80.8620044      41.9335536      94.1162557      18.2456524      48.2787478      89.4247372       6.5736041
     27.9231663      20.2772925      98.4812759      46.8453756      88.8171148      85.3925409      10.3968583      34.9943563      49.6695516      87.8895044
     98.1854068      33.6948929      78.1948595      85.8717336      28.1249291      19.8927435      64.6613679      56.4139333      15.4575558      74.2172531
     36.0092688      60.4674020       0.6492973      59.0515366      73.3426011      34.5674338      75.9329824      42.6970121      42.3200058      29.9352638
     74.1058919      91.7084864      44.3101239      98.6984649      79.9487737      31.1235249      23.3105298      35.8936004      40.4669286      49.5898290
     70.1533742      84.0998335       5.9074022      45.3072012      42.7555890      42.4032415      56.3677089      93.9801810      33.0321416      94.8968142
     24.5884258      54.8405028      71.3400836      88.0621696      78.1698690      96.5761259      55.1143103      90.5426338      65.4684357      16.9010096
      3.0660715      76.0780502      67.7620072      28.8313465      10.6016613      68.9460221      74.9452515      55.8282010      66.5237363      40.4060982
     86.6087520      53.2401282      89.4839202      73.9709555      52.2901878      71.9657131      88.6746012      19.4511285      42.9805052      85.9351009
      3.0496365      13.3082182      40.5346880      11.2358998      72.6152013      97.4810000      48.9066565      96.0267493      13.5769118      70.0443425
     58.2858314      79.1733562      53.7700612      97.9892797      43.9652782      95.0272354      91.8278522      42.3869673      41.0521906       1.9947065
     44.8494113      19.9410012      33.5925634      28.2515793      67.0197968      44.0173574      60.0249021      84.3518432      83.2772005      58.5557343
     44.0536447      40.0410257       7.1127136      46.7381981      40.3042815      20.1530693      80.2724962      69.8147978      97.5408114      38.5515821
     41.6927584      51.9734920      35.3288457      54.5246744      88.9752542      73.0519387      20.6511950      80.0152880      79.5308063      79.9090960
     31.6802654      61.2951521      65.2290982      12.0225004      91.8675290      36.8135774      68.8376724      92.8338379      67.4872163      93.8477413
     69.9107657      17.0857895      72.8905509      40.5720147      31.8573293      78.0646271      79.0489135      94.9011766      20.3185295      53.2664331
     77.2122459      51.6348869      22.8786454      99.5290291      88.9319844      57.7143337      53.8047807      83.9976118      91.4633981      81.9585356
     43.2809776      85.5623131      22.5605332      54.0516067      31.5150289      11.9634496      14.5511953      93.6604818      19.4992428      64.9910129
     23.9121158      52.5469573      13.0634204      28.9540346      40.0524530      70.6678774      90.1069935      42.8577132      71.3821969      13.9086461
     10.0575074      44.8109590      76.0506233      23.1615284      80.9132824      25.2407736       8.3801227      51.3000614       0.0977808      70.8113040
     73.9059249      97.3319596      66.3164607      49.4216726       7.3623317      53.4295027      14.1830394      80.2388762      57.6148851      21.2914238
     70.7055179      33.3008477      66.9098212      77.9551088       8.6576119      51.0656463      10.3674362      64.9461506      31.5497883      64.3501190
      4.8553782      86.6996397      47.8159255      79.3553189      22.6636978      33.4973742      76.3774923      85.3422917      43.7123865      93.0332330
     57.9614299       4.9097481      45.2861338      16.0400046      73.2824447      34.7352668      20.1177640      84.2788034      81.7796332      34.3646691
     40.3622791       6.0599810      17.8884717      73.5918844      56.6130348      82.3236970      50.1150098      76.7862416      50.9918000      56.8069031
     18.4617964      54.4401025      20.1033149      55.6219172      14.1441238      18.6009989      76.4783960       7.0886266      36.9313646      87.7878019
     10.4337400      35.9153215      11.3960368      87.6540758      12.6237113      25.4555508      42.1906353      66.5256018      34.4705310      21.3501665
     37.3385106      57.1024626      99.0751349      32.7165176      36.2203336      70.6235254      29.8935691      34.9700721      99.4707735      60.4267379
     82.8810795       3.1665690      14.5490220      72.7728294      53.9743946      99.5264506      49.5629659      38.4103869      19.4374001      59.0166445
     76.6625187      92.4439187      13.7625826       0.8089923      47.7960489      18.2947586      61.0338612      62.0269305      40.9630185      67.7205264
     19.9670569      80.8581980       5.0339684      17.1861859      98.0602319      90.0377179      93.9729021      90.8444293      44.1417200      93.8804104
     23.7413463       4.9514312      55.7264074      31.3320235      53.2077316      47.1608569      48.3132410      57.0077529      92.3442278      23.6192494
     87.6080149      73.3835433       7.9210763      83.5387486      39.7644019      33.5738110       0.0393003      24.5805186      68.7946350      85.1172635
     24.1049469      37.0939771      15.0423338      80.3500164      71.7023723      70.0478187      67.8854524      89.2045004      88.3030992      62.5367848
     28.8778377      40.3102785       2.8957250      91.6484014      68.7447734      90.8170824      30.2087137      94.4826454      86.4031172      88.6012759
      0.0141330      37.7240219      12.2325292      93.2807906      51.3707253      48.9336413      48.6921167      57.0291901      54.4507510      91.7110861
     88.4384547      78.3719259      32.2727336      78.4437422      14.5185475      86.0226200      77.2999742      77.5967136      52.8698694      45.0185367
     22.6631493      80.8678177      96.5929097      54.3531972      90.2207457      28.2350442      51.7755251      32.8162589      99.1801159      25.0316652
     67.8755488      76.4202079       3.2226639      98.2271228       9.1322740      61.4074832      14.9350811      52.0796497       9.3345094      78.1200440
     77.2931017      59.8148765       1.4543320       4.2024221      18.0970657      97.2030671      25.4600189      75.1008826      28.1235210      25.5518618
     25.7863736      29.7052996       0.8944605      98.7176182      56.6460636      60.1842411      53.8260071       4.3837548      47.1520489      53.9676501
     67.2955791      53.4168003       5.5072309      62.0098990      58.1175203      54.5596326      84.3281280      44.7386760      60.3565446      12.3612886
     25.2379253      85.0354326       1.6224362      15.6250978      82.3384975      22.9337681      25.9194955      70.0790607      96.6525279      19.8279820
     74.7497288      14.0506245      38.2497571      32.3289251      88.3785519      65.5381396      33.3575360       2.1607959      36.9008659      97.2180672
     52.9099087      74.2144823      34.5388837      46.0589865      21.1635698      83.6959730      35.9808859       3.7088133      68.8989190      15.5788884
     79.8751169       1.5262453      58.5623147      49.5516277      99.7461734      13.4370736      67.2553682       9.4945475      16.1768414      98.8331292
     80.6665067      24.4640289      84.6300446       3.5600259      53.5607051       9.1474756      97.0905667      58.3100937      55.5741275      31.7973073
     84.9904542      53.0154513       1.7098224      18.4894891      43.3468310       7.9976411      28.0657553      25.0395286       0.0608642      69.2885319
     77.3889636      82.0349298      85.1629614      15.1524881      89.0036638      65.8212890      69.6133663      56.4071664      93.9681998      25.1847044
     78.6884284      49.5258466      89.0900207      27.6198690       1.5246909       6.4891005      89.9635086      64.1150223      73.0268722      50.4361705
     55.7574600      36.3894483      78.2635648      75.6865251      70.0006137      96.1892415      76.8838371      97.7922591      59.0276450      61.9259091
     63.9053217      32.6371387       3.3029018      78.8176379      71.0187851       7.9031692      14.8581836      68.6340244      53.5037377      19.1214443
      5.5953351      61.1412300       5.3611627      21.3575312      50.2662670       9.4031110      40.8906111       2.0115798      11.9463746      94.0062514
     55.8861089      68.6461376      37.7770203      76.3121411      89.6389035      91.0192163      49.6486148      76.2610232      70.8962033      95.1296854
     24.1554490      56.1339708       4.3773268      92.3177959      94.5256579      50.0906345      58.6117448      77.1941845      24.9331184      37.8990476
     28.8605596      53.8803965      94.8956824      38.5400700       4.5009766      68.2518633      49.5030660      29.6512001      41.5888607      86.2510297
     82.1017714      17.0846340      68.5133278      99.7663361      78.4359298      72.5046355      31.0019979      15.9470791      86.4322154      61.0346218
     39.0090399      75.5590735      71.8627886      64.7333125      20.7263362      88.5527818      71.9005962      30.2630563       6.3598499      91.2796415
     79.3850058      49.8583643      41.3925194      61.5562474      39.8515176       3.8918040      30.1968332      24.6278558      97.2302588      76.7498049
     40.3696614      73.6627209      30.2655015      52.7295827      20.7143240      25.4260284      43.4023069       8.2425859      85.3287957      91.6329216
     21.3107863      47.3722012      84.1459702      28.8278973      61.0708822      44.2048012      39.7491478      78.9374221      46.4512614      46.4802518
     99.2028504      96.2229795      23.5080888      22.6953767      66.2738018      41.1946435      71.8754041      73.3453357      78.3294861      26.3314488
     99.8358215      49.3700437       8.3926514      11.2015683      56.1499724      51.0108942      93.4835507      90.0826061      46.5403648      20.6477133
     56.4417606      30.8733382      65.0585634      51.5104007      84.3180091      13.1740415      25.1006777      59.7531434      62.5214781      41.2594085
     90.0592174      81.0275025      54.0849883      40.5029360      39.7178144      11.3988847      93.7244947      23.4535514      15.2816828      51.0015806
     45.5044535       7.4026970      57.5572872      69.8535281      49.0548735       7.2893652      17.9663989      11.5935459      58.3462574       8.5087803
     38.4054874      14.7156395      41.1486236      62.5274959      35.9539662      89.5984348      41.7480348      93.3655236      82.0456833      11.6642488
     10.3965622      13.2810138      63.8468368      68.4592135      79.0010084      54.2325864      67.5357869      68.6751671      33.8229868      65.0516313
     40.4096019      64.0164497      93.4620218      42.9970692      50.6167545      33.2064802      57.8720537      86.3420303      28.3649356      83.4390322
     51.9477205      22.6076260      41.9447228      16.6994674      91.2394525       5.7947147      60.4003433      10.3951668      31.3478071      14.2941660
     49.9510488      63.6097775      82.9255471      45.0012935      76.9449117      59.5337814      97.2264333      11.9715795      81.6317683      83.5156205
     79.1571783      45.4824873      52.7209406      98.5384617      94.4635813      76.3001754      46.0261334      54.0235560      80.4560331      27.6869590
     25.6533118      21.3861345      55.1206161      95.1395603      23.7736694      80.1599355       3.0410018      50.6220011      28.4025359      28.2721730
     39.1973891      53.5457361      77.2885363      96.1658254      15.0385638      39.4790141      16.2740260      83.6642155       8.4802417      85.6285722
     74.0845157      85.8336508      88.9920210      15.0776646      55.6686044      30.2517610      27.1223196       1.6434376      51.5180771       1.9049400
     89.8228578      26.6981691      49.3373406      63.6417524       0.1499757      11.3238946      46.6541430      62.3277802      81.9671062      41.4805614
     92.6854135      59.7383246       0.1830797      68.0037926      21.2773645       1.5255832      73.5748232      55.1910382      78.3621089       8.8169073
     35.5699683      29.9701639      56.9002998      51.0153205      78.2126250      18.7057908      57.6495507      64.4377408      45.9867987      55.7977230
     97.4326063      75.1672418      38.0986361      43.4016285      71.2831484       9.3712094      63.7808223      11.4358496      10.1847988      66.6668779
     16.7099878      76.4718469      75.0590411      31.2020272      57.0864600      64.5140645      81.1464609      20.1466320      67.6242716      82.2890583
     41.4385679      49.3696805      51.4249396      93.9328628       5.1650761      57.1552824      48.9760092      34.3828100      66.9916720      76.9440011
     54.0059577       4.1638047      23.5080865       2.0439751      32.7778292      46.8056078      78.4569113      53.2272956      47.7426501      69.7949721
      1.7417185      69.4990765      31.1959587      55.9790959      60.6806645      18.2142657      25.0272590      57.8818059      26.2622672      23.9417049
     35.9031350      90.4410998      86.9210306      51.4035779       5.1747681      80.0337907      18.1189188      66.8741254      83.5371715      96.4796557
     12.6845909      52.3311322      85.0611045      53.7609254      73.0046476      78.5459646      83.6595545      66.6532427      89.7739190      64.7791234
     94.4637390      62.9298382      87.2428624      59.5655360      34.4348984      81.3457486      43.2381028      12.6545660      96.8568733      85.2563524
     56.1259424      67.0612298      99.7724222      16.1308720      53.4539960      39.0978708      54.1147570      10.3377853      44.0742258      46.1464137
     59.5891644      66.2375181      59.0149374      72.9382760      58.0902624      44.3103109      49.6788445      43.0088817      21.0073853      22.6801116
     45.7388676      43.3552713      77.9283759      42.0858376      67.3368333      16.6038684      82.4058984      68.5406776      78.9052399      35.9484488
     66.2549000      21.7090464      22.1005788      24.2456772      26.4588317      40.8411956      82.8695448      94.7419554      63.2457997      13.4739136
     41.9993453      93.6185389      32.0544275      61.9280986      93.5133647      46.0682336      50.0399054      91.8693710      92.9823571      90.4486873
     51.3634531      63.9811251      58.9006176      15.8494820      62.3449004      31.9144323      13.0735501      21.5003005      31.3660297      95.1451801
     99.0767162      86.6886364      46.1860979      46.5617253      76.4728507       9.8408077      99.4037370      69.2214883      29.9285691      90.8848193
     55.2578847       8.5189977      10.8245743       3.1664855      21.6194736       5.1413945      51.0272465       8.2940389      44.3122283      23.6200741
     55.9720698      43.8967791      83.7540463      33.6544755      23.0231647      94.0115833      46.6363696       2.8157759       7.9436384      55.5571768
     21.0771402      14.8235615      19.5532375      74.4748950      94.9013961      12.9377968      87.9780247      71.1919823      55.6843317       6.7018639
     78.7741117      81.2280154      75.4581867      55.0489562      63.1604793      43.6662894      30.7847009      20.7711269      77.0760889      93.4775818
     62.1515714      53.4247429      88.3270467       4.4802973      30.2675541      38.2471111       3.1099491      51.9932955      94.0576415      79.7245019
     53.5094362      67.6541040      78.5234819      26.1093302      27.5663601      60.5223787      67.4181116       0.3613473      85.5700979      14.4912046
     51.2352173      56.2180389       0.7191149      42.8850538      53.3742766      69.0706700      90.3173884       6.8561126      28.3098715      52.7932313
     29.0234965      42.0131287      98.2052953       5.6933361      92.8913212      66.7978214      49.8580546      46.4697087      55.8934471      29.1587157
     17.1800481      61.9740656      98.8477296      51.6220665      67.1008350      51.9532580      20.0030861      57.8695868      95.7879560      69.2424154
      2.7336939      36.3118807      63.3885353      56.7073108      12.1333711      93.6473283      39.3839133      72.9262722      78.5687255      21.2992722
     66.2624343      52.3367100      17.8297230      71.8440858      54.0576510      21.4093790      41.8061811      68.0761519      99.3761524      54.8437831
     79.3920037      33.0578172      51.1561039      83.5025000      97.0457990      17.8472006      85.1307588      98.8396971      45.0462016      30.7960144
     91.2459605      21.9857230      98.8263708      40.1541610       9.2233628      13.6774877      47.7072328       6.0947774      25.1885435      79.5002260
     78.5331926      81.0819834       4.6262812      76.6449000      80.6846547       1.6049677      39.1327934      86.5577072      95.8474635      91.9591941
     54.6987934      30.9921273      58.9264996      59.5990488      66.4551851      59.0815025      86.8055449      37.3977832      24.4016535       2.0486572
     23.2688609      16.1601649      23.8160396      88.0963166      73.1599432      24.3389082      79.3054272      54.4120853      40.6486244      20.5802263
     31.0731880       7.9246518      23.3623509      66.5751396      35.1020154      81.9720195      66.1154901      62.4351103      42.0277840      64.5002283
     87.4830655      31.1272654      34.2752027      84.8679157      52.9894113      92.3688087      18.7552948      21.4873261      86.2458746       9.9490381
     47.1662375      83.9403559      69.3736604      46.2241485      16.5198494      55.0815892      98.7978669      80.5157545       5.4928834      71.0928376
     97.6616275      19.3373924      95.6407706      23.3345547      81.9397822      14.9418684      51.4104738      36.4014683      67.0687527      17.9117090
     57.9748341       0.2423688      42.5654235      51.5793209      83.7796600      75.7637664       9.1891639      62.5033667      66.0002886      73.4028736
     55.4860035      10.7355510      64.0347781      67.0530853      25.0106992      94.8275260      45.2649115      86.6715639      65.3081093      61.6535109
     54.9400880      64.7567460      84.4335250      77.6878823      67.2627466       3.1845334       0.8694772      35.8537645       3.0633821      51.7847453
      0.3553901      48.0730399      37.7608612      95.7464038       5.5853550       6.5190973      84.9266547      79.5257878      93.5846152       7.8236649
     62.0099774      51.4404874      32.1574045      61.0811451      91.8077788       6.2565506      65.9726140      28.5171506      40.5447691      84.9694534
     12.1729505      84.2971074      40.4242744      98.3887479      91.8015662      40.7674383      29.7920308      22.0946383      21.7735940      76.8738064
     75.5442482      97.8253231       8.3309772      22.0183380      98.3710936      54.6374379      55.3670416      34.8770995      70.3786436      49.9763781
     46.9493261      54.9772845       2.5180201      53.1260639      13.2964561      45.8929094       8.2271202      88.8961649      37.8425605      43.0354710
     74.2061182      15.5774519      57.5023692      51.1047751      36.8303578      68.3335516      79.4486203      46.7684493      62.7351106      91.2539117
     45.6971862      13.5019947      54.3233094      43.0028056      76.8313080      79.7674611      17.1845972      43.7938936      26.6820995      95.4689225
     93.6872134      43.4348752      43.1010688      74.6477150      59.5975950      25.9070987      48.3170065      89.0108377      68.1554092      56.3126528
     87.6753924      27.6276383      99.6847475      19.9839833      83.9793528      74.2341961      86.4053917      58.4917574      23.2381264      48.3519931
     86.2375214      79.7804505      17.3510537      99.2209929       3.0412241      39.2648463      75.4401315      97.3739683      14.2126642      92.4040549
     21.9023955      55.2638547      43.2807470      80.8055105      13.8569581      19.0869921      56.7512505      20.9951683      87.9992649      57.8353005
     91.1755105      76.4341582      47.4943139      69.2408298       5.9802201      63.1258531      98.4047264      11.9384480      45.1566674       1.8533945
     68.8127858       1.9422631      45.5272220      21.9150410      80.7215496      64.5637407      66.6268829      54.9891106      25.0446403      81.5691024
     88.0119955      43.8317099      58.6329815      62.4300424      72.7605560      59.0903749      80.6597577      82.4088079      55.6550365      88.2953804
     20.2938642      41.3615434      63.0109849      10.2572697      71.8643621      47.9683338      37.8993837      45.1846707      36.7586155      23.9538044
     91.5872426      79.9362295      33.3940021      16.9051672      11.6626226      79.5332848      70.2028228       7.5232655      11.6593990      91.3804034
     86.9771394      29.1952444      10.1999969      80.8891382       2.6173664      63.6347696      16.0087015      69.1624429      16.8019696      34.9048727
     12.2086916      28.7087031      12.9097363      46.3386171      64.9407730      39.4510569      95.2958501      75.4865391      54.4375331      56.3522892
     32.0603953      51.2519767      75.7811697       0.1809625      48.0591897      90.4156541      84.9500214      22.0995435      73.6236442      58.4873637
     52.5536114      66.1444513      63.2067613       7.1417398      41.6842236      19.9297221      70.0583441      27.3310332      43.6419434      82.1625647
     78.3062987      85.4160150      47.9053845      92.6494740       3.1554688      93.8283246      34.8628793      81.2823077      94.8321097      89.1814072
     69.8019117      67.0183139      97.3577973      46.5108735      10.4017062       2.4147417      88.1300204       2.6191020      95.0827989      56.9917642
