   2060.1420661  320016.7386806       2.0038090
    305.7019073      22.9773638       9.2928832
     44.3310329     627.4938238    1470.8346783
  15625.3579145    2135.9591576  178463.3139364
     59.9984778 4417560.5335136       3.1542614
 139627.1765308    2069.8568168   21747.4086314
     20.6674218      53.9830931 1219509.5693920
19790130.8734349     367.6477323  200847.7502737
4292360.0174267 5811825.3712937       8.2309621
      3.8299214      33.7292906 4419403.0559879
     10.2697134    2205.0306592 16653807.5718544
  14223.2825601  199364.7380198     380.6642153
 182308.4952459 2142726.2648159       2.7111758
 525548.1996373 27878819.4320861  508530.8263535
    212.4023341 1007748.2748847      11.1380453
   3442.9860692 7334626.5166114     264.4295434
    239.9530143      17.3960244       2.7602654
 160482.0918179      67.6057844     165.7792723
   7120.4653899       4.8591403   28110.5202090
     22.9669249   36190.7374667  227294.0890134
     10.9740663    1960.9590696  207910.5996231
   1964.9848427       4.5912373   14884.4030504
 124956.9383680   10494.4481883 13349423.8668989
  34572.1084629 6727532.2304450      19.6900231
     20.2890911 1362090.3089498    1493.2542242
     31.3088960 10046613.3871793     650.9399432
 531419.0703277  351691.6723373 4815807.1479444
  64104.2758428  532572.5025777     663.3195365
    178.3131638 5936862.3652519    2476.6744986
18695155.4514421  124224.9940860   62030.8074927
     13.4907940 14481846.3048449    3560.5667986
  30180.9530904    1777.0681159     103.1533973
6725026.3673475   27906.3859894       2.0978156
  57508.1148995     458.0869465   12849.2314895
5031685.7203359     762.4369563 7327266.3164496
  63772.3214540       2.6021603 10374177.4022347
 196140.2396910 32092846.2857702      35.1675323
     19.5793096 10933796.6458464  216444.2389747
      5.9960156  574167.9445591  559209.1817003
9324460.6828350  276437.5757868      15.8071250
      2.7839305       3.0931219       3.2028488
    120.1810501 3269572.9190056   15629.0833315
  19724.8606613 2423635.6759198      15.7814686
    207.9954698   34117.4574352 20234276.9314726
  22610.8132455       2.7274163 1217241.6254715
     96.4281572 1355623.0996852    1268.2781419
3466394.7101150  499775.0745676   20879.0089808
     19.3589046       5.4189921      15.0557528
      4.1966702      11.9576261      85.4509204
 283253.7497481   22122.2049753       2.4645829
      6.6225311 19468412.6035945   25432.9481450
     58.8527381     133.0493701  473111.4325308
     51.6360789   31709.2086873 20377584.8555439
2625009.5409124     108.1092547    7385.4655103
  60261.0103463 1950674.4427729      27.1521300
      2.7241929       6.4109202    6527.3544266
  48038.6197546   25752.6716765     392.5405336
27765455.0718074   30869.3024380    1115.4329997
  19119.5011110  485134.8658250  136788.6917628
    164.0588242       6.0294902     943.5928980
  70886.3471821      65.9900332  548880.7775400
      6.0497501     151.9615335 1303635.8758905
     49.9503466   83359.6234988   12348.8358244
9605247.0454613     159.6891510       5.9921186
 408955.1535777  758228.2632910 7240111.3761559
10820993.7561972       2.5224711      98.6802911
  57158.5052274 14368356.3135145 14648269.0777290
  21022.9355820 8241939.2230376   86330.8764524
   1314.3967833    6488.9800280   46451.9516084
  18679.2656253 9827235.7901074 8682038.8955542
   1425.2652376 18210922.6570885      36.1252584
     16.3578186      18.9207818    9001.1397526
      2.8611504 14120472.8920702 1891069.9627487
      2.5676624      37.4971784     501.2983880
     17.6785038 1410501.3450890     618.9502592
12389198.9655485   32056.7449027 4470384.9117928
2535127.1715769 6954019.3414288    4202.7746288
  17710.5768765 1176839.5346724     231.8828708
   6965.8541109   42602.4087761       2.5897245
  38794.2118714    2717.8165730 1361393.4973836
    378.9530411 5648079.6556454   29914.8283995
     42.7023878  985366.9869271   52818.2268366
      4.9035362    2171.7590288  161106.1539297
8663044.3441658       2.0134206 22795086.9543949
   1051.2773027 21694183.0136957   46766.4540398
1946295.5749503   28389.6238368   68977.0476415
    231.3335592   34732.5370374  524477.8532452
3177657.2159997  570541.5869342  220952.0763073
3520884.1352633     428.8543440  140375.4360861
   3617.9944359    1152.4321103    1857.9196539
   1590.7705056     392.6811956   62262.0228848
   2567.1190726 21700874.8700146  157743.5395198
     54.4053764    2420.0551745     604.7980822
1158102.3220456 4557966.6106750 6776960.5370324
 122742.5126849     179.1467783     133.1400529
3002120.8536982   12990.3394642 1248587.9492388
  27358.9342691  396076.7818488   11239.4129189
 742079.3068920   25755.4794612    4630.7722410
    598.2206041       6.2204733    1075.0442316
      7.5215285 25212061.1206310      41.0328777
1467174.2012594 4191628.6503527  188201.4290571
  26029.6069372      29.1074083    4721.7977962
    623.4496438      84.5046595   38173.5265220
    360.6551225 8338366.0893377 7462629.3326116
    144.0912631      12.6528565      49.5600442
   8135.5270472  367161.6957318      63.8522929
    123.8805086 2845251.9871236    2020.3215868
  57069.8682392      97.5444133      10.9072404
  10664.7934728    5600.6699205      25.3536132
  62144.9509447   17035.3368144  106411.6312954
     22.1478226  537784.1131790      80.4031075
  11303.2010939  943134.9413985       2.8997535
    441.0196213 4051815.4493611 2534079.8991089
  15527.8904263 3647808.5423202 14558352.7672757
1868912.9510443 2963294.6448098      10.3376879
 101512.9301638  241959.7778508   51268.3022605
1196812.9677314       3.5546543  734157.2734988
 386869.2182130     150.4104964     143.9738683
  74002.1526930     624.7516855 1138046.6547832
   3344.3487114  904014.2288984 28635923.7394216
    295.2841582      21.5877335 6497271.0993914
  16354.7840916 22042261.2961026   79491.0932998
30323072.1584744   17629.4433210   12714.8111500
     19.0308708     742.8484501       3.0935120
     28.8297078  487584.4615428       3.3163415
    889.6131687 3398131.0669655  202037.7311488
 196287.8582729      46.1188049    3116.4821580
  31824.6665205 28294944.7375678      59.4559548
    123.2624569     156.7317888  525793.9146124
   4004.5040363       5.1561939    9438.8133172
     67.9802589 1176852.3306592     281.2975459
      3.1657433   38762.6286115 2497702.6323994
   1131.7871737  523053.6683563    9860.1609376
  16190.3137032 17087330.6701933 1286536.8911762
      3.4241683  266780.5622801    4576.5209118
14021861.8826436      79.5828480     170.0397782
      7.7563352    2498.5093263      12.2647875
  75851.0880342 1265361.0803851  216380.6412391
 686582.3028995     595.8886161 2582676.6381373
   2504.7494802 1795851.8271908   67187.6200524
     21.7380883       7.3680640       2.7131775
      6.0687523    4113.1031260      13.1793393
      3.1750964  568450.6389048    1424.6694703
 498254.7021340    3711.3178335    3570.9245297
   5688.1356736    5315.8852141 1269580.2948672
   1615.1142164 6872806.2010883       3.7049784
 779929.5163307      16.1716295   58832.4952531
      2.3763417   15576.1901604       2.1029739
14898366.8041484 6955143.2998201 1126336.6025888
8196540.4221218      22.5240999      27.5794480
     45.3540710   62862.0480343 7002447.8541554
28390880.9655383  274593.7018678  387331.6371054
7420252.8051045    1574.8182016     127.6824408
     35.8108312      14.5906192 1485641.0079602
     22.9913131     162.3698082 1654702.3400914
    350.7001028 25044991.4454611     168.8184592
  14339.2334259     374.0813597 7605164.1046986
    889.8136701    2714.0204095   10050.8132151
12140087.2708468       3.3467856  302188.2264377
5475103.8657322       3.1489991   11822.3558778
    453.1219228 3240407.2297494   21684.8106024
 193969.3040193    3739.1224406   69244.7417417
    249.4011730       2.3365273   29371.7669919
    355.7354992   10918.0104608 8352290.5751934
   2410.9648862     122.5736344     962.7719306
10801039.2751081 11739284.5584885 2518125.5164366
8897424.4282141      88.6228587       8.5716505
     87.7564750     373.5192500      36.6154604
  48653.6320469    1945.7005283 1581033.2564026
     43.5056105  235446.0043841     109.0264975
  28158.0173010     664.3051705       5.1591936
     89.9797281  125598.6409987    7825.6899689
  11240.2275195      36.5876184   26563.9199762
31790275.9762247 1593803.7996318   39373.6536454
22504928.4151351 6524799.0152950   40191.1547000
      3.4300552       9.4863316       5.9336555
   3670.0794221    1031.4341453 22266953.0678320
     32.7086211 21337712.8135782  701166.1641320
1802675.3267704   74387.8614692  135655.3560665
   5576.6229111       2.4884934     710.2317537
   7179.7765808  376473.5716768    4861.1442359
   4033.2244700      19.7517118       2.3971657
 601697.2558091     409.8261165 25877641.5895422
     78.0118525     559.8872869   12190.8175171
 568734.1738868    4490.2710336      15.9528362
    362.0469743    8831.6058582  147706.7460208
 733073.8164628      17.4851558       2.9280966
  11252.6387472 1422235.6124382       2.4665429
 144356.4727224  183242.8574638    3521.3723879
8130589.2479427   90439.5400281       2.1821588
   6322.5143559 3231174.7494495 1997258.5587247
  97946.1205358  147337.1967470   30236.2146344
    191.1915038   22423.4364727  142590.1535621
    703.4534388 3048949.4782334      51.3004531
 501433.7050312     247.3595704  778956.3135413
   2462.1379896 1369067.1877092     716.5068585
     69.9686962  698949.2601322     339.5327066
 396753.0052612  478233.5019313      79.5351575
     70.4579837      54.7485998      21.4133722
   1060.0983354       3.1146482      12.6589765
 149474.1592207 1200028.2061921       7.6354260
     94.4091936      63.2509781 8482190.8533921
 275472.4344879   20076.6461750     317.0203650
2150882.2905869    2792.5027442 9391662.6889326
 252380.9170159    5684.2385704      16.3253554
22525334.7634464      28.5616537      58.1799844
   2607.3384006    1664.4683687      22.9756781
 371667.7708053      46.2019425   89741.9842933
 563221.4734519      66.6058694   43929.4846559
 515024.3099879   81654.7422465   41219.9538940
    272.7763688  386084.0181069 13508859.6597777
   2374.6075201  895518.4337023       5.0890097
2165874.8617560      48.9759103    1430.5208931
    294.4635195       7.5815217 6866502.7931857
    944.6920200   13651.1845573    7428.1662099
     18.0242510      62.0301373       7.1035068
   9345.9188733     155.1144462     759.8014280
     12.0717915  979200.0808997      11.7779214
26454535.8372380      38.1039313   27321.0005480
      4.2172076  972130.8243183      46.8683710
  13031.3188617  444511.4438436      24.2238394
  19163.7487096      73.4562326  610954.4016965
 334110.2332901      37.7178836 3376734.6511879
      2.7790704 3280963.1009960   21824.9611887
   1637.5137784  606406.7742348  302441.3849735
27175970.0089445     204.2286089       2.1302875
11174156.5316704 3155704.1102010  368785.1557750
  10813.3864876  256206.9144900  871239.2141056
   1021.8889039  735181.3319202  529761.5679239
  53865.3189950    1601.0272804  218215.2590450
      2.1062966  793306.8723322 5989476.4062593
    107.1566057      14.9121092      78.0764584
    304.5048826 4793620.2925826   16797.9123573
    235.7443837      19.9803861     249.5987873
  54459.8788967     439.3797948    4030.2241394
   3233.3423813 1923428.3496101    2405.8912251
    628.9370032  150491.0866522      79.6481715
   4750.6189422     375.9446592   67590.5742905
4362281.3566904    3431.2915614  930068.8876042
   4003.8627736  110180.0854407      17.9285064
   2686.5820183 7422571.8753290   47363.7610008
 693045.2826745    8858.3027784    7931.2634813
2458924.7674067       6.1789702   27717.9802969
12948680.9908081   11026.1472750      50.8148911
2673958.0819177     131.5383270  230982.6358845
  16005.3052282 14325388.3964176   64816.8306152
2265614.6821154       2.2821427 28101841.7169896
      7.2861146     424.9379337 13699856.9281273
      2.3206653 1758020.0944407 3334593.1521924
   3010.8174880     140.8372011 1259612.4322164
   5668.2516954      18.6891184 10103668.1722702
5945139.4022655    7117.1483889 3093610.0302226
   2114.1655238  173329.4895632    1501.0697969
   9013.1046026      46.8260964 18741514.1452747
    267.0889570      11.1814032      22.0631917
      2.5283831  297534.3659078   23953.6798711
1100616.4976075    9215.9562891 1051272.2817522
 212682.4024278  833234.7280813    1728.8402560
  95717.5066777      39.8101153     422.7553264
     35.3223857    1791.9235843     110.9718503
   1741.5158151 22219703.3270268     412.3323431
25075631.1754897   79097.6394892    1025.5516532
3134117.8048535   59892.2513935     132.4031764
1069523.1440062    2684.6609973     765.5050134
    486.6182025  218436.2871828     174.5628770
1382331.6211805     271.8997596   17066.8975487
   6700.7915063 3025105.2399388 5240505.0462912
     42.9690691   33885.0907437 6170350.8963613
   3342.7349637 9146823.1807757     207.3294677
  50080.0430033  170438.1810480      89.0743163
      2.5147593    2049.9529706 12058652.8240196
    601.6057876  859932.0211019      36.5974572
    590.9400922      22.1670564  301646.5464555
 225596.1573840  188464.8082459     135.4395080
 200973.1046164      87.7386730    2338.8421519
    972.8886746     737.9554321       5.2187901
  73198.1235528  257747.4205979   54204.6375486
  96584.6396664      33.7912342      24.0293076
  10370.5230859 4217584.1776934      42.6620858
   4414.8198362    2511.5739120    7830.7808701
     29.3697380     595.7550177     155.9705349
2526391.2299475 1211173.3187710    2417.5663983
  48589.9746367      22.4894215    9612.6538037
    279.5049569 3249131.9103900  142278.7956264
  75457.4801622      15.9339407    5022.2185922
26837495.5315249 14197958.6134227   91536.2371189
     24.9574201   82897.6951207   24421.9486941
   4864.1773102    2474.4621638   42715.5617775
2765822.8494852  534157.2413173   30672.3900309
9588677.0980930       5.8716241 29055666.4339893
      4.8294839      55.2496380    2266.2069197
     11.9605600   64102.3605396       4.4438852
    227.6972637       5.5208115  241969.2087220
 135032.5811267    1086.8478233      45.7805294
 498804.8255813     575.6718985 1113930.6738028
   6698.5008713   12555.8028824       3.2126869
  90245.5689510     683.0067652      90.5674451
   2727.1928920    1159.4452448    4955.9192380
23851894.0939671     858.1426563  786912.2273337
  19707.0241269 5305826.7534028     733.6094575
    118.8047184 7636402.6907282       4.1262245
14789626.4020632   20936.9834402    1047.4874186
30903260.7532450       5.2806060   10816.5487862
      3.3550396   26767.9259770      40.2591335
  72365.8193803 24430299.5603064 4187510.0698862
   3676.3795068  262700.7659313  827987.8087078
   7518.5254013   13168.5033274      24.5699933
    932.9126624      21.3078049  356971.6755071
   5588.7575161    3499.8856741 5036364.6351909
  12969.6374906    1805.4965723     175.2667520
      6.6266919    2098.6810457       3.0696700
    253.8257410    8684.5069940 19038197.5362607
     12.3393111  145734.7401180    8182.7888321
 822899.9459695      21.8047108       7.9826252
   1532.0487915 1145141.1836898      48.5102508
 704701.4277854     250.2371072      73.7921631
      2.6411645    1517.8541332    1133.0185696
 116041.2703307       6.5072213      25.3250935
      2.6350333      13.2793493  102335.1772240
   1622.2320105     417.2104663   21467.8168083
30095639.0285595 2137771.6647250  226783.5353159
8613726.8193147       3.8731006       6.4442059
   5316.0942220     666.2953019 11814452.9318120
   6886.5183777   15843.2274890 5875372.0375375
   3371.6547501 4338681.7721585     135.8585908
    190.2078397     471.3560260   18072.9261890
     77.8749905  141878.8588366      21.5115382
      9.5692549 3871877.5827402     102.8821499
   1229.7047597   26931.5608598   12583.5143668
      7.0840437 4133757.8641368 14883957.5181575
1483090.5980401     224.6046582   13018.9286116
    566.5271853   20339.7659666 21919070.0293777
    357.2697672  135799.4905849     452.9515642
 787791.5322575     451.7682896 5367638.9215566
 539396.0017232  646894.2172723    4930.4263303
     66.6414580       3.9872717     422.8174765
      3.7081612  206034.9948387  139354.5677791
   2576.7248694  704839.6038572   14912.1832528
      3.8815644      18.8309624      49.9354884
    532.2392988       4.7750330   47079.2178526
  10012.1532656   57811.3158014    2658.7534306
2663351.1775150    3814.8677942       2.5841404
4061653.0071981  110129.1718421 1766023.3354422
15043288.4000247       4.6650651      99.8523681
      5.7367858    2225.3079228 3483001.0858879
      7.7757163    5237.5880216      16.1452137
 767205.9864151 2399216.2416600       4.1095560
   6537.7470143     107.3266885 15219005.5922811
13194405.9933678   54516.9056426 21587570.2355043
    620.2354813 6134087.1111809    2759.6686927
    101.0938407 12538584.1813972  175514.8073711
      5.8884097 3886921.5620427  233510.3662008
  46930.7192782  391051.0902594     135.5364444
  43590.7657379 1536120.9143594       4.9202371
     17.5361011 2440422.3858918   58668.5966945
  13785.9154471     124.4116258     270.9505576
4035925.0665705    2225.6059034       5.8414484
6046386.0654084      58.9385633 1863341.7287083
4694353.1717138    6571.5495387   42147.3012090
  12894.0597693   65341.4595452 3009310.0237940
    218.4783876 4851946.4473489   25260.0158313
     13.5711680      87.3071538   40442.2951747
    107.3895413      17.8021040      29.5348246
2540956.8364048   44837.1728542 18303422.3670398
    628.7318853   40202.6325665   42513.8983958
  56146.2828814       5.3526487  527061.7350061
14176793.8031886   14586.0070121      49.2258599
 550438.5394168       2.2589546     470.5311705
8520769.7942924   35630.2747887 3016756.4822605
  46732.1974293 1753584.6699472 4519101.6013741
    416.9333565      15.4647812  325270.4551663
   3036.7871637      16.4687257   36504.0155913
      3.6442945      55.8842871  991483.0284689
      2.4458268     310.8976973       2.8540746
32179527.9126751   32065.1699279     263.3852389
10290338.3634330    9222.0141571    3855.2627186
  35337.5929185     161.9386405     321.1089762
    968.5682097     116.7073802   33436.4575296
 212972.4387309       6.6195506 20741252.3581390
 551765.5052322 1334544.4343476  538792.2964300
      7.5761424    6041.5825709    3318.1213951
 144363.2110300    3491.6523607  245186.7618145
 168161.5215312  217637.0556197   58917.8768181
     24.6503735  627501.3126095  878753.9433623
6806452.6238813      97.7109690      37.7994525
   1338.4791539     414.0185779 1558197.0913535
  54148.0435670  619198.3306308    2459.1813143
     10.4582787      13.5558182     997.2221804
     50.2951165 1700957.8575334   42976.6140310
 189558.8405824    7065.8091725       8.6708195
     99.8619574    4324.8966469      54.4249425
      3.0555449  372155.1714501  345422.3561444
    487.5484938 2483354.9038338    2491.1901378
3533012.6259360  111723.2708743   31539.1416790
     56.3936068   13392.3234007 5795003.2604510
    319.5405961 3920740.2076585 7352923.5209393
    483.1306278  172207.0632583 6275516.5729109
      7.0456127 4452267.1070531      47.8399746
2756591.0820598  132061.5472850     614.8713139
     24.8128179   77876.6430271 2667234.1475816
1732453.2536518   69164.7979323 16219614.9410862
  36564.4755727      53.7423250    2528.2744119
    541.9079376 29346401.7608527    1117.2032086
29717737.9194637   11200.7057463      35.1319764
      6.9152323     947.0761697      15.5846369
  76780.3326923    1956.5229225 28848144.2611799
10464027.9789813      23.9452032    1425.4229090
   4323.2874980   22580.1918425  868836.1219040
   6620.1758208    2164.5407535     156.2803859
7609379.2547450       2.8969128 1711613.5294834
     45.9897864  180065.9136206     736.7469355
21849592.9830209      15.4178651      45.3074824
5333382.6580792   32807.8072104     342.9639747
      2.0255943      88.1779309      22.4662467
     58.9905430 5980113.1997002 4063425.6842737
 229311.0741345    5014.6879995 1891715.9619599
   7642.5243588     845.5395330     195.9680249
9594522.1502336    1250.0253370    7277.0649018
    137.8078686 4950684.0588359    1174.9005779
    282.4385426  305810.6432443      47.8643176
     14.2869208 2228971.5519478  475558.1096544
  36929.6800641     113.7243832   63652.5850105
  81840.5203688     465.1868996       6.1464110
4599119.7809512    4208.1241290  660383.8135022
    136.5539184   37465.9489987    2505.8491421
   1152.3916694      16.4626104     116.3558484
      7.4860153     308.3872508  456708.8452255
  55506.8191020  144215.4669147       2.2992987
 159262.5276189    8637.1317012      93.1705957
     36.6951176      43.3990384 2515197.2624549
25116897.6577435 7989927.5806828     646.6611321
 866830.2125934   17742.3584603 1583425.4799176
   6249.1611494   36581.6152851  974513.5640181
     10.5973485   15161.9827067     881.3677635
  46449.1394516 16908676.1670235    1377.4179618
   1380.8605821 1030767.7299424   91525.2112546
   1401.9470913  189905.3675765    1658.9315188
     19.2490548    3604.1377788     521.3344637
     75.1267257 9760984.5240310  192079.7063994
  42397.7879329  495930.8100282   16467.1752959
 230242.3573574 10569733.4706969 3413453.4999986
     32.4153351     159.2706444       6.5825506
23532435.8087283     102.0560831  118486.2844744
      8.8835528      66.6485974    8586.0877651
     11.4628036    1289.8268257   15411.3463631
    564.5276512   20761.2410625   15101.8715042
   1327.6433896  214479.7614736  159542.2380824
 184757.7792549   22784.8967286     772.7821371
  53776.7910305 11520263.6504263   41056.5447897
23894316.8431283    3070.2893091  441081.9201047
      3.7385870  669831.7965305   11103.7388944
      2.1849447     201.2440773   14623.2217887
 706881.6073589       4.8373680   18526.2421125
1224591.6659223   98647.3938784 10726888.7592257
      6.9333600     199.9305466 8755147.7945854
 672942.4284526   43051.2726990 2084450.1680862
5952415.4720051 21313858.6902249 32738665.2811435
     20.4153728       6.4666076       6.7890029
      2.5559347 20997027.2652352       9.6759680
2411808.3307794  178325.3062682    6660.3026445
    639.4453048     717.8541229     136.4409766
7636241.8706139  349618.2796268       3.0784818
   4319.0852517     215.4531739       3.2381919
4927298.5686120  743580.0771706     482.2514955
1137477.1241926     443.0481639     335.2697828
10147478.0532296 22854705.3991427   12121.8923330
15083250.3832439 5206620.6063339   11057.8361420
    986.3605233  271108.3231459    3916.7523361
  47154.5538695 28604696.9738490  780473.4331272
    520.0958514       8.7905736      43.3432121
  12805.2253477    2062.8998031 1217788.1889710
11044739.9625491      38.5525384 3271685.1822679
16517342.2660811 17097648.2674127       3.7547116
      5.2126035       2.2024930     363.1313679
      5.0516753     265.5242196     746.7055608
15526705.8449665    5582.9895472     204.7504224
   8611.9527050   88942.7993389      12.7276675
 599533.0643701 2858245.7061740 2514772.7936254
5428657.2857120    1147.4515491    3216.6087738
     10.8374650      85.5897506 20823240.5131913
    227.6975969 7189736.2350173 5432763.7222860
9244141.6385906      26.8637638 4537076.1522470
  73623.5048833      66.4904982     622.8677019
     28.6021348    3245.7941224       8.0589892
     31.2903040      53.1763303  196566.2619356
  27963.7236037 4078918.4047788     117.0691857
  70757.2795903       3.5463880   10725.5429828
3448256.2560051 25767282.4113790       2.3569994
    134.1957870      82.8478348       4.4103779
      2.3687714    6959.1119173       4.2621208
    205.0561411   84075.0236201     269.2138826
    177.5046278   36945.6408727    1122.7475457
 237991.8782355    7680.4484239   75125.8807616
    714.8339419     237.0511707      18.3406229
11780759.6545718 1305399.8105642 11968052.1893237
     43.6870139 11036185.7465042 11523510.7941679
    223.6452530     192.8348456   19273.8580990
     43.6207220    3126.7033981      43.6413402
13981560.2667248    7392.2189837 18410512.0648612
  91317.2719631    6310.6747448 19604559.6757387
     21.6538967   74034.8536056  121056.4839106
   2725.2178605       5.3687023    7257.9300035
   4586.6167388 1347565.0242899     142.9992489
   1345.8750029     108.6943374  182134.1547866
28357025.6246824      38.2744273 1720887.9882276
     93.2948425       5.2467335      20.1344817
11409045.5825004 5254093.6341362     245.9552247
14072132.0137805 2764012.7606141    2762.4163401
   4814.5635880   71046.3305683      27.7182456
      2.5575635     165.6837635       2.5858654
 149312.1726208   19285.8091956     421.5486984
 866509.5299947      22.6093929     117.5503749
    258.7706687      52.0695024       8.6369888
3858017.6864318       8.6729783  174038.6323977
     14.8215153       2.3896115   21239.1369304
7155481.0300818 3292974.7434688     557.5020187
      3.1422804 1221840.4888804 1330593.4210497
3763685.8728099  137733.3494767 1370900.7491240
6098228.4870951    3800.3558871   21436.8794579
   9071.6363396  199719.2278594  171727.8882090
  11485.5096969 1934106.1606851    9018.7094208
1821386.2876734     217.4111491      38.9587637
20326996.0004387  458495.6786863     150.6441291
  31644.0846301 15941610.8962060       7.6639800
      8.0267778   59443.6858705      83.7399117
 674947.1252535   25454.9926888  130032.6296986
     12.0214050       8.1273963   65668.1248517
   1824.8349493       8.5389612     959.0981690
 143577.0695644      46.8539120 5921366.0237157
14568139.7687581 17706073.9762359  376419.3810467
   1723.2571245  472508.4854739     240.7989185
    373.7716501   47693.7522547   39685.6881556
4457685.5850691     138.1812575  686319.4736951
12577295.5616051       2.0346637    5503.5196157
 111676.6385304 2476304.2212141      42.5104576
3065777.8096879     857.9629373 5590610.1045759
      3.1713163       8.2784653 24628939.6001199
  50641.9809358    2081.1659936      33.3852846
  99170.7931790       3.6996829     356.7411731
    434.5868550   48935.8942927  100717.1724146
2591418.1238897 10058714.6192182  118209.4184507
  30072.8513309    1519.2810347 19254600.0890271
     25.9542721 5858433.0434610     353.1931687
  18353.1255052  169343.1614499     102.2014342
     32.5747103    9433.4405058 1052021.6864156
 201154.8632026      14.4736822 6436358.0857321
   5847.8946629 13819866.0994933   19926.6138232
      8.1978394      58.0455215 2969340.9965104
 251859.0073899 5844096.1502721     477.5486960
  13052.4545923   99994.0879885   39320.1304092
     94.0339915    2424.9047880     124.0411621
2572534.6767757 26884264.7261469       6.0532053
 287713.3770795     485.3135238   66012.3839449
    146.5360257  101013.0822361     960.4271834
    269.7915044 7731496.0271754 12892001.9990610
  54169.7809874      70.8760717 12248085.3179320
 528258.7089815  533879.7768417      67.7107050
1989199.6171294     108.5551003   73166.6145581
 272850.2192799  461894.0105089    1320.0280859
 617384.4073575 6675579.5024474   35073.1761097
      8.9994272      17.0940651      11.5218513
     35.3946430      16.3854270  839529.4224086
      3.8527172     111.2299903 4487851.8868364
21598872.3919323   47318.8760397 22598416.5085487
      4.1205502 14262726.2955550     354.8599574
1184090.7043962 1437468.0730823 3267976.5441595
   4110.8455730 10584614.6580840     145.9602408
11275529.2836855   59428.6586458 26338648.0464323
      3.4424908  346861.4087396   24378.1605133
   7221.9721302     149.2135783     459.5049003
    126.8599581      76.7678239 1197720.7084761
   8524.9764982       7.9809325  821340.3267164
  14338.2151583  439440.0685060   10582.9090734
   1550.6981543 26692346.0779880       3.1994477
10964477.9812749 10621757.9752660    1334.4680747
     70.8726411   59521.3302938      38.6216006
1270527.9335761     136.6567149     252.3614475
8284475.6683444 6673462.2303205   14757.3023768
3426099.2960341     704.6590914 32393986.3158689
   2718.4220523     269.7517078       3.9938541
28273886.8617950    4567.8613390  405696.2206218
  85248.2724044  335102.1905808       4.6804969
8873610.0811372 9935693.4372092   19455.3680388
18409936.6748236     214.2175528   44809.5634622
   1463.3960568   68916.2968854     297.1762321
1662129.3531447       6.3857828       4.0140586
      4.5488858      24.4357365    1436.5687985
15975522.0661539      12.6326951   95371.5708666
  12970.2278459     713.0293950      54.0709389
     78.4802626       4.1459888  284079.5305544
 105886.9140680    3214.7147758  312727.7492969
     12.4616512 12106346.0637193 2660085.1959511
 115445.7735727    1091.3877556    2044.5979959
   6087.7530925 11433870.1864468 3469342.6815462
   5674.0863122   20289.4756186 4222578.1535427
14427784.1667661   82977.5902925  511540.0536934
    694.0990541 8580793.6375079 2219878.3631522
  19475.0734560 3710167.8623792 2761317.1263188
1385401.3542705      17.5893198   14910.7147586
6440738.7915299  741436.6643844    2190.6097442
23224262.3827226     129.6569526     514.3638680
15662510.9058341 1392425.1593985 6393436.2536194
      2.4252780    1108.4641476     100.6028216
    274.8386793  429378.9420925  340674.9341922
   4339.1172183     871.0351139   33516.8445486
  14352.2182251   19002.6027682   55934.4583447
   1443.7032698  752453.8517109     130.5878081
 109324.5913150 17363224.4944514       2.1218376
 336597.5302377      12.2599468   16972.3627690
  67658.5388346     113.8295264 8003796.2227874
  62670.5784402      94.3972282  732857.1577391
     11.5688208   20529.4541006       9.7064630
  31512.0883001     134.5056258   98456.8109789
 296947.1928069   12249.6656343  112573.9725511
1502623.6543173 1364834.4335285   59987.2306360
   3631.7749506    1771.5540129 4176731.2253734
 239615.4770126      43.3644389   24450.4181713
7360604.2518876      24.5314365 2568374.6126290
1685633.1854806    8102.6967440       3.7373416
     23.2645299 9264801.7351369       4.1690397
    982.2663004   59349.6225161      52.9571264
24493815.2240776      26.7859692   15851.1587097
  58342.9932535      93.2969988    4677.1557009
   7053.8965337  694058.1580744   76476.9870596
   4774.7228332  131674.9181058    3771.8543092
  12564.6093151  114551.1961135      40.7488988
 987341.2165273   45348.5279786 24191371.7620887
     80.8511643    4673.8489035 5912772.1887940
  44281.0506525  351462.7581546    1948.4131918
 175782.3780557 13677684.8373600      55.8879587
1361500.7373756 20214851.7899981       2.5485021
     71.7561250      14.0943602  700567.4464271
      7.7231964 32680470.2256575    1305.7729826
6932125.6903580      46.0734103    3063.4313277
2538392.3646507   39965.6999535    4365.0858733
  10110.6906018   28002.2017185    3035.3790706
     50.0540529      13.3168252      24.7519496
      4.7891948   21742.5550363 2664261.6406885
    786.2608085       7.0005144    2381.0560846
  44706.2254378    2368.3772309 1439672.8750495
12761281.7749741 3853822.1362845  243909.7592966
   4998.1351416  171132.3559083       2.5001930
25070281.2283694      35.0139025 7055170.4284688
1355729.2323219 1207299.7007425     175.3951916
     76.6222422    2506.0797840 2738408.8276712
   3588.3662173 11459833.4097402     706.3815513
  59698.7033722 24339174.0045962   89097.6977921
      4.2632604    4467.8659410     524.2213310
  13992.4130717     228.1610960      15.2873827
 134657.5625287  167364.5110654 3680175.6621662
     18.0904432 1177166.8572463 1880193.5104035
  93793.3786044      60.4693220     154.7823486
   2111.3113370   16420.1279297    5628.4069742
   4767.5667063 2336920.2079334 3866124.7705334
1591653.8063464 4394397.8097670   26693.6743994
18446799.5508539   48210.6532569   46172.4858365
    405.3840988  166931.9312682       4.7475280
     18.7538397      17.4579472  108311.7995063
     36.9622891     583.0693828       4.1799328
     97.6551784 18504640.8117408    9537.1709405
     24.6888622   12012.1332353 13110553.0934057
3592269.9445022    1360.1790439     224.8502041
 637257.4039274     109.2601725     137.3369969
      8.1008455 3501297.6320312    3443.2947683
  22896.9887078  420300.8896398 1136158.6019889
   3420.9832756      42.7858352 1942641.7430207
      3.3495123 13831731.8590190   29480.3966564
4221515.9163209   49859.1437750     131.5830656
    275.7310951   14165.9665150 17855647.4101826
     43.0486028    9658.3503068     609.2601128
 727913.8952749 1263326.1154889    2335.3739236
     59.6702535       6.1056591      54.4763578
    185.8017659   42375.2432612 4062690.2254927
     16.8835050 16736909.2756512  172483.6697331
 458684.1901942 25238780.4081058    2028.8106982
  13853.8869076  161492.8542977   10148.6726055
    289.7563106      11.5452871     228.8679280
 717424.9328288   85212.9399964 1231458.7539764
  10891.3318687      95.0358889   68846.0492855
    314.3290413       3.2686386 6719620.1143605
   2178.1229099    2397.2069231  453279.5810907
14235617.1521067       6.6824293      35.3791165
    426.5525681     124.6882675    7600.5049439
1809338.1865695 2956252.2762331   40339.8642723
    108.6970979      44.5028097  469697.4701935
    103.4749243   15801.5819934  518052.5384299
     89.1386070      36.4545883       3.8735503
     23.2902158 2834246.4207539      11.4023705
     82.5662967       3.4489872  153998.7644860
     94.4104987    1945.8721756      20.2974715
   1062.4762689    2330.6217902    5224.7954608
   2269.5703815      11.0514023  763318.9060295
     19.6022055    2325.0031956     184.4321938
    299.0391647  144238.6768522   11012.7058932
     47.2449824    4902.2439249     567.6983944
 245937.5942530      86.0011984 2545848.7793659
  12673.3644883    8276.8709608     136.0939728
     44.2540036    5126.1412096 24799127.4996754
     18.2490531     223.3400819 1217413.7905330
 127015.5463633     206.5291783     375.2069036
