   4163.3483200    7194.7928780      -5.5687131    3023.1990803    1456.3858047     925.7301047    1879.2001355    3463.0277120    3965.7563868    5379.2910504
   4162.7484641    7220.1694804       1.6518257    3016.9557699    1469.4680630     944.3884991    1863.8037033    3461.7793015    3970.6764455    5384.6448416
   4158.7948650    7199.7515072      -0.9451942    3029.1919582    1475.9487423     932.6969685    1865.4579870    3464.4586821    3960.1307629    5400.6960216
   4175.3493452    7200.2640061       6.0289296    3022.5700092    1478.8752020     938.5841159    1884.4578678    3441.6423071    3953.2336043    5383.1226814
   4171.8204177    7212.0066236       4.3000976    3003.1037142    1464.4968680     931.6656941    1864.9030611    3463.2273822    3965.4514609    5386.1597593
   4172.0856609    7207.3454509       3.1267454    3024.5158128    1460.8522853     927.1615856    1863.8203265    3466.9021095    3979.6639211    5390.0189042
   4166.4671975    7196.8576303       5.3786917    3024.0991270    1464.1203714     923.8219163    1856.4021053    3462.5875908    3963.2034567    5400.4124171
   4174.2549634    7209.1807197      -9.8053703    3025.0195506    1474.9644727     913.8489417    1859.9399287    3455.9334159    3953.9435691    5391.3189340
   4178.6816535    7194.6497750       4.6492080    3010.2028922    1467.1719531     907.2282241    1873.8162909    3459.6962758    3967.4285727    5380.4157238
   4182.9576063    7222.9159519     -17.4360705    3035.6873666    1483.8354157     926.7660647    1850.6094335    3464.2407236    3965.8655393    5382.1281338
   4157.9194657    7208.7503094       9.0718168    3017.0904190    1472.7646715     911.9425338    1870.6207241    3456.0729434    3965.8090446    5387.1498813
   4178.9089086    7210.7490508       6.4384014    3024.7027384    1468.3371195     929.5697503    1864.9270594    3462.4327845    3964.5735746    5363.8189624
   4180.6082930    7225.1147309       5.5573926    3022.3241740    1466.1944607     922.1954058    1862.7762079    3444.3870831    3962.5037977    5378.1970718
   4172.7080386    7200.2785229       6.0958614    3021.5786947    1477.4222600     925.5212867    1884.5091111    3436.6436612    3961.2055754    5397.1822090
   4195.5033041    7200.7585866       1.5804381    3021.0625839    1480.8734793     920.5128691    1869.4028122    3452.4092544    3954.9491548    5391.3028172
   4175.2518952    7216.1771932       0.0392779    3017.1521057    1473.1865191     925.7933186    1865.4087645    3454.8761434    3979.2781280    5391.8622672
   4189.2666341    7214.3555014       7.7342461    3007.0513429    1473.5821010     927.5887697    1870.7116305    3466.0516914    3963.6659604    5396.4073962
   4164.5969927    7222.7937152     -12.1757685    3005.7188407    1451.0516955     914.4803918    1851.4109598    3475.1680595    3964.4097473    5374.7405821
   4181.3638768    7197.3796950     -11.2247856    3032.0841156    1473.7925299     919.0363809    1876.6775138    3456.8982862    3983.8442383    5393.1947489
   4185.8081024    7204.3389614     -11.0536958    3047.8194128    1462.1011665     921.3975691    1855.5981287    3453.5733259    3970.1014367    5390.1856418
   4176.8302499    7221.1665165      -0.0608975    3010.9945190    1455.7357269     916.7284025    1845.8601557    3463.8575687    3962.6926067    5385.0574903
   4170.2011322    7189.2787302      -7.4694154    3030.0728416    1473.7442995     918.9542284    1880.7074629    3442.5500012    3964.2248702    5385.8589426
   4142.2891970    7222.6202226       4.8070683    3012.8798325    1488.0706426     929.2425677    1866.8973752    3449.5372864    3968.7369695    5372.9105369
   4178.1703080    7199.5005512       2.4842301    3035.3462749    1470.4063893     926.0106221    1865.3671068    3448.2745544    3976.0347895    5403.6009311
   4177.8081036    7212.0940226      -7.6290670    3014.6478541    1453.1501479     935.7084784    1860.0603151    3469.6057099    3959.8556255    5383.7922502
   4171.1742979    7212.4594351       1.7512501    3025.4369739    1467.7241838     925.1578249    1851.4374136    3456.4165414    3965.8089524    5387.5990952
   4175.1434126    7196.4381530       0.2986679    3020.3521075    1471.7319282     931.2336542    1853.0478612    3461.4663747    3988.3325755    5373.4557708
   4161.9183281    7194.4391584      -1.6472290    3039.5542172    1467.6924349     916.4390117    1868.8201488    3449.6092251    3978.9088639    5391.2200104
   4184.1078410    7196.6314920      31.4523193    3031.5715726    1474.1047097     922.8740632    1855.3461426    3446.9295837    3966.3149690    5380.1946422
   4173.0468041    7194.9839601       7.3545752    3032.8869434    1460.5005031     935.3128084    1860.2226944    3467.1601493    3972.0564058    5399.3906233
   4160.2498491    7202.1769946      15.6580408    3017.1453578    1447.1868959     903.9600559    1837.5377072    3434.4656312    3963.5583507    5400.9526209
   4165.7977542    7206.4802080       0.0438333    3023.4112158    1465.8769198     921.6441442    1867.2137548    3443.8474437    3977.7760141    5397.3675194
   4168.2694736    7211.2988687      -5.8696961    3017.9534961    1469.1215467     921.4837374    1858.1147334    3448.8827900    3962.0997951    5397.5590275
   4150.7868130    7206.7698781      -1.2206213    3030.6038613    1472.7096443     895.5606030    1868.4485799    3458.8500129    3967.8933707    5383.4806019
   4178.7528592    7199.1146413      19.4909244    3028.9695549    1488.9371888     915.5306077    1845.0428574    3462.7551664    3976.2017829    5388.5209410
   4154.8321146    7198.7659826       7.3236035    3021.4839631    1466.3990563     921.6313580    1853.2629672    3450.2770672    3953.4091881    5405.8469395
   4165.4663183    7208.0210362      -9.0751113    3031.2710087    1448.8272984     932.5920989    1862.2484345    3476.7133210    3954.6094016    5388.9311448
   4173.8923652    7215.5739263      -3.0848214    3024.1903704    1446.1342409     915.0842590    1867.1182733    3466.6490137    3964.8573796    5408.7308953
   4187.8225393    7202.6384095     -22.9912818    3005.5500626    1459.7803199     934.5443588    1865.7048367    3434.6647923    3965.3870840    5404.3009538
   4166.4720002    7195.7452382      21.6899892    3023.8598217    1462.7673372     926.8876193    1862.7737610    3451.3158476    3979.7593056    5399.3243581
   4200.3537596    6851.1661318    2055.9915011    8780.6773381     278.5423647    6715.0119705    4181.1364673    5604.7958313    1408.3822261    1964.1742910
   4180.3434430    6865.6960722    2041.2096656    8785.0397554     265.3613754    6714.6839160    4169.1997012    5601.4793668    1398.5470457    1992.1962248
   4198.6891051    6844.9710849    2055.5124606    8772.1580190     265.6512601    6711.8922147    4166.7946037    5580.9598538    1400.4303789    1971.0131990
   4202.3950881    6858.2801510    2043.8292103    8780.0904432     278.3774871    6722.3284528    4181.7577217    5581.8137131    1411.6435780    1979.8271791
   4189.9551622    6870.8597177    2040.3331183    8776.3825148     254.3548791    6690.6518103    4177.5592531    5579.9490754    1409.0235240    1969.8661803
   4184.2720458    6858.9407110    2059.1314211    8787.0990919     285.8542404    6721.7210435    4183.4489152    5577.7138841    1402.8159388    1987.3168476
   4187.7966750    6856.7144643    2028.7309345    8772.8880841     279.1647294    6682.3042367    4161.9708986    5586.7211013    1386.6754412    1981.5861008
   4183.9496691    6849.2790580    2041.9326688    8783.0672959     268.2380446    6705.5719659    4167.0364557    5592.4590196    1420.8074771    1982.9835886
   4193.6438366    6840.5549243    2051.4561596    8773.5936906     265.7874600    6710.2494963    4174.8584111    5597.9700390    1418.2981552    1975.6180752
   4193.2289139    6869.7991558    2054.1878898    8788.3048544     286.9379926    6698.6290721    4179.4138578    5600.9908184    1420.0785088    1972.9530427
   4189.4284020    6856.0221557    2041.6325239    8777.2562015     280.7159453    6701.1410020    4155.1688948    5590.5167576    1399.6244580    1973.6995810
   4176.2877625    6862.3332286    2022.2513710    8764.1810279     271.1174714    6716.9646576    4186.1450827    5575.3484581    1402.0930640    1965.9103271
   4202.0572147    6837.4293774    2043.0905399    8791.5042017     271.6517917    6719.3767052    4164.3479414    5590.5901892    1412.4022078    1979.6177735
   4205.8082867    6857.6762998    2028.1480014    8820.7603909     280.3623684    6705.7485347    4159.0598955    5587.7159626    1399.2699576    1987.4584275
   4195.6618469    6870.7250988    2045.9450110    8786.3094187     277.6005005    6703.1902038    4171.2140217    5597.9082865    1411.6696573    1974.7204748
   4180.8107830    6851.5209037    2056.1368971    8780.8990700     291.3402829    6696.9243989    4174.4644290    5561.7352458    1397.9127071    1977.9236777
   4197.0545218    6869.3016224    2044.8719332    8795.7135397     280.4927427    6714.5386236    4168.3864751    5600.7481979    1393.1397432    1985.9664770
   4182.4245230    6847.0135484    2029.9084613    8776.0108848     277.3871009    6703.9873972    4159.5703743    5601.6056830    1407.2415953    1991.0955452
   4199.7974132    6845.5463263    2025.0720277    8772.0201202     286.1274905    6694.1396410    4181.2084605    5580.7742147    1407.8004784    1962.7756923
   4203.6158957    6851.7983170    2053.3807553    8783.0729804     281.8565699    6703.6557814    4180.4815891    5571.8025576    1393.0622790    1988.2696309
   4191.5533615    6849.9074623    2042.7263744    8786.1916150     267.9424944    6709.7781778    4163.8901052    5582.8257640    1413.7189027    1991.7274151
   4180.9736004    6860.5813514    2034.1306741    8788.5045962     254.8878114    6693.5039949    4167.9583009    5585.2334249    1418.1055302    1990.0548826
   4207.6998231    6864.2610829    2041.6938618    8778.5110951     284.5656482    6705.0788161    4171.4780869    5573.5462572    1402.8047847    1953.1049268
   4187.3839685    6842.3961015    2051.4482408    8776.3876403     270.5854165    6718.1461564    4162.5573462    5590.0648734    1384.9167165    1981.9121820
   4196.0478015    6860.7937137    2035.5356654    8784.3709333     277.0574740    6704.4827854    4174.5481865    5591.5336277    1407.8481902    1971.0547820
   4179.9865289    6877.2548068    2063.7204202    8767.2574251     278.3781094    6710.9494726    4180.5613960    5588.3022388    1394.6006666    1979.1906868
   4187.0338927    6853.5387351    2041.8387843    8779.8576076     284.0614567    6716.9806838    4161.2369919    5582.2989834    1395.9613864    1993.2521130
   4191.3514650    6866.6848980    2039.7466888    8781.4343639     260.3889675    6717.7004571    4169.4219028    5572.0467199    1397.9447731    1957.9658115
   4191.6269723    6853.3198814    2047.4032790    8796.1554457     270.8661704    6712.7496610    4176.1704106    5584.9650681    1383.1013657    1990.4899025
   4186.9054045    6852.3745629    2031.8178896    8784.0043192     274.9562402    6704.9692780    4171.7000924    5597.3904674    1413.5315946    1988.2740594
   4225.1559316    6846.1927507    2040.7273222    8771.0263270     278.2357939    6697.8002279    4146.0644063    5574.7649032    1404.5919049    1991.1127642
   4176.3757285    6846.0705827    2043.1289793    8773.8889890     279.1875699    6704.7151102    4176.2606828    5579.6461352    1419.2347492    1981.0111408
   4204.8806402    6847.8050273    2050.4228920    8774.3805261     264.3668395    6697.6315985    4172.5893568    5584.7109499    1419.2614560    1969.5278486
   4181.0417607    6869.1968854    2050.6103339    8762.3602552     278.8486230    6707.0484288    4151.6035832    5583.2026602    1403.6948364    1988.3289160
   4201.4901007    6853.1524717    2054.8570053    8779.7116312     265.3009637    6695.3332834    4178.4744766    5567.3165936    1410.6474617    1969.9491602
   4188.3529031    6857.2488230    2056.7019063    8761.7675543     265.8141499    6705.1657187    4167.0871603    5595.5145155    1383.0054803    1984.6329073
   4196.2043458    6852.6858079    2055.5448646    8768.8786214     284.9620996    6697.6458978    4180.3035289    5583.6562423    1412.0128172    1988.8195901
   4177.3046083    6850.6500920    2043.5981741    8778.7956113     266.3193043    6723.1894807    4175.1389904    5602.4484444    1398.1778994    1970.3969232
   4193.2676218    6846.5626379    2068.4239569    8783.6285924     285.4019233    6702.4327441    4169.7874106    5586.5891703    1407.4265586    1989.5107593
   4190.7236039    6845.3864882    2033.8437316    8780.4075703     279.6055592    6709.2545725    4172.8698482    5580.8968965    1405.3370386    1986.7329396
   8007.0775102    9683.7394421    3132.7367383    6932.3811494    8759.5095203    8947.9219912     854.3863940     397.8030579    1713.2630433    8788.1795724
   8013.4378191    9667.9133863    3140.3058210    6946.1633328    8755.5914131    8935.8714365     848.2955753     400.7603136    1703.5517006    8776.6537922
   8007.0857849    9692.9861470    3140.9679791    6947.5149264    8773.9483898    8949.6023072     856.5893765     387.0579904    1688.5264656    8783.1446056
   8012.3512972    9668.6629269    3129.0182169    6919.5335977    8766.5479470    8943.4619744     854.8930808     391.5289548    1708.9074707    8764.3133577
   8024.0169331    9696.7924973    3134.7449525    6929.7293888    8769.9570070    8938.6937388     852.0887644     398.3295741    1701.4023632    8791.9382420
   8008.3956479    9683.4232671    3126.5637441    6919.5807762    8759.2943462    8963.1214702     852.8471692     380.5535673    1702.2901795    8779.5049973
   7976.9080430    9687.4142809    3118.7147938    6929.0108009    8754.2788870    8931.4833904     855.3855302     375.6058947    1693.8372036    8783.4688082
   8013.5680120    9690.0646026    3133.8789687    6914.9022032    8783.1296772    8940.0068218     868.4780035     386.0225826    1709.9170526    8792.1246897
   7996.9903443    9686.1686023    3141.7957019    6930.2359779    8761.9021485    8949.0862355     846.4952169     378.8296985    1708.1443180    8775.8282201
   8021.2432687    9688.6402662    3125.3153149    6921.6141735    8761.0276738    8937.3577585     855.4564096     385.7616916    1714.6211108    8790.0339467
   7998.6437961    9682.4257520    3131.9741797    6907.5810782    8773.2040797    8955.5647232     859.6971258     385.9779538    1708.9940554    8779.3275049
   8016.7971646    9700.7410353    3135.6428804    6909.0346689    8760.7225110    8952.4764937     862.6408575     379.2099120    1696.3987127    8783.7584256
   8011.7956700    9691.7199932    3124.7573850    6918.9913737    8773.9711877    8949.9899841     854.9259202     401.8010673    1699.3447295    8786.7050685
   8004.3000481    9669.1656570    3121.2892027    6923.9693622    8761.8959158    8939.5206034     853.6222567     381.6451168    1699.4175683    8781.2298087
   7999.0457976    9659.6336984    3148.8070555    6926.3925291    8737.2502636    8941.8023489     854.3799910     388.2664254    1704.1074968    8771.6923584
   8009.1973640    9682.0809203    3132.4111617    6921.0158677    8765.8891185    8955.3938492     845.1409157     386.4754321    1699.9098456    8780.2235345
   8011.3017097    9689.7986646    3147.1536706    6922.0617152    8741.1185430    8945.3703896     853.9808180     388.6782822    1696.7718340    8757.0999492
   8012.5255301    9679.3754339    3119.1310155    6914.5119360    8755.2432235    8952.1541259     856.0584947     405.6953362    1704.7834438    8767.9085404
   7993.3535940    9693.9230107    3149.9086436    6920.8486757    8769.4795528    8931.0177222     831.0028961     378.8075956    1694.7323204    8776.2112704
   8005.1445461    9677.7056129    3141.0347930    6937.5016262    8764.2534976    8966.3666099     844.0980666     385.2967984    1702.1815423    8777.8770467
   8019.2162093    9676.2046790    3147.4687214    6925.1679069    8789.5460508    8941.4254860     848.4151746     392.0043505    1676.4939160    8787.4476856
   8012.2541479    9683.7089408    3118.7978238    6907.7605463    8769.7577081    8957.8184219     866.3867600     381.5934171    1687.9962154    8778.7056463
   7987.6883853    9676.7264454    3142.7596780    6939.5721817    8766.6830775    8962.4721715     854.5508431     392.4614715    1696.5897838    8783.2944048
   8004.8971573    9681.2066497    3127.6228632    6925.8164757    8764.0360071    8931.2708347     848.0351087     381.9911184    1677.8221911    8786.2638708
   8023.0325693    9706.3130591    3149.8659769    6914.5181412    8775.6439729    8957.2656251     830.5638184     399.1607175    1704.5759660    8783.0531168
   8010.3318539    9683.1988310    3150.5611401    6919.2082684    8761.8921290    8946.1405249     853.1987544     372.9153343    1712.1839337    8783.6870319
   8013.1369327    9684.5889171    3132.3773689    6919.6737416    8764.8526644    8947.5871584     861.9947313     394.0084098    1696.9693090    8801.2906854
   7994.6514252    9669.2136654    3137.7878021    6921.1024238    8746.1455631    8942.9443384     843.3355560     401.8591183    1692.0916779    8791.9311808
   8012.0435038    9680.5524481    3134.4534999    6927.5127441    8740.8111378    8949.3373191     846.6509176     408.5270260    1691.3915061    8792.8506735
   7982.2964405    9690.7620073    3137.0028091    6920.7559918    8762.6826299    8943.4610291     854.6721458     389.2053467    1680.4268186    8779.5669257
   8029.7929041    9683.0842192    3137.1496611    6918.8456116    8765.6320676    8947.8460906     847.8300945     399.1804663    1689.0734161    8780.1230822
   8012.4962243    9679.9457154    3122.0029851    6928.8087989    8754.0699134    8941.5935534     842.1606378     389.4405482    1694.0103359    8776.6791356
   8014.2554760    9700.2418462    3130.6666395    6928.4527084    8760.3373881    8947.0560575     861.7196271     391.0507647    1690.1487221    8774.1257682
   8001.2782225    9682.4827150    3142.8218961    6909.6381883    8753.5186313    8936.8212229     832.9480595     403.8070592    1697.9404092    8800.4328275
   7993.2023500    9695.5575803    3127.2252963    6919.1524598    8754.0018784    8936.5679964     837.2046596     392.7111619    1685.1621853    8779.0070156
   8007.3536713    9689.2818640    3135.2456988    6926.4394150    8769.0356386    8945.8941264     854.0755929     380.7506304    1690.5494913    8800.4001424
   8007.3283446    9675.5107504    3148.0405806    6921.6577306    8757.4266127    8931.5767196     858.2370324     379.6848233    1692.9138698    8787.8660342
   8009.2820225    9681.7514885    3132.1019038    6934.6854302    8786.1942644    8940.5790267     856.1311546     409.8358354    1709.0947662    8774.5567180
   8003.1388805    9676.6360718    3125.1073475    6916.9871052    8766.5102777    8940.1963450     859.2041123     391.7803870    1694.3329388    8790.2859335
   8010.6354050    9685.2644335    3144.6421661    6928.9588112    8762.8025383    8955.4421835     853.5352917     419.7209200    1709.2910807    8792.9571605
    996.3782720    4211.8746462    9592.0242556    5331.8864200    6910.4594055    3149.5164455    6870.2887824    8330.6455201     184.9663027    7494.1596486
    990.6505022    4203.6145129    9597.6183341    5339.3310310    6906.0825499    3172.7439036    6862.7367517    8338.9819579     172.6447803    7507.1207968
    998.5135570    4205.2919803    9568.9190931    5320.2558488    6933.7351926    3171.8636023    6861.5245654    8351.6337698     182.8537189    7500.8368464
    993.1085647    4215.4858101    9582.1902012    5328.7270604    6926.9271431    3152.3362510    6865.5085017    8348.4514939     170.8712169    7498.4521998
    980.3423082    4212.0882809    9567.7771206    5319.7873327    6935.0057605    3166.7207461    6873.8996704    8364.5049068     187.0787258    7500.5323621
    988.2900958    4192.2833801    9567.9144701    5339.2392204    6919.0972943    3142.3799467    6871.5946455    8356.2457355     189.5615691    7501.1401817
    975.1078435    4212.1521994    9583.1645448    5328.0669618    6924.8014986    3158.3006294    6868.3404223    8325.9313211     193.6937034    7518.6870666
    979.4436621    4196.3072602    9585.2845947    5326.9962524    6909.1010158    3167.3334726    6851.1754833    8353.4310052     170.4054322    7516.0658293
    988.6338630    4208.5023001    9580.3890011    5337.4737236    6927.0700833    3163.4342243    6870.4765795    8341.4829024     189.5235689    7488.3299056
    993.5092694    4219.8063084    9592.8361119    5325.7650537    6920.6332565    3163.7391701    6868.1878556    8341.9900461     185.9560841    7502.1234698
    993.4253777    4204.7916245    9582.2901796    5334.5821610    6926.3444207    3154.4273876    6866.2824232    8345.5472222     183.2234321    7501.5267411
    980.2008928    4239.3492480    9570.4561866    5319.9187507    6910.8148734    3148.0557846    6865.1236425    8360.5660470     199.7666113    7503.8163931
    958.4862112    4214.9198436    9565.7887558    5326.6458340    6907.2739116    3159.4125359    6858.7432024    8353.9779157     187.6557974    7499.0424538
    984.2739420    4220.2504477    9575.1739823    5340.8090386    6918.5779794    3157.8502846    6873.0016855    8359.5720442     188.0908954    7502.0268683
    990.6751977    4195.6217737    9595.2849175    5318.3979371    6927.8082338    3149.5146708    6870.0817927    8345.0910447     185.9186710    7493.4352791
    961.8620583    4215.1428065    9572.8902581    5325.1664921    6911.5179081    3175.0004225    6859.1873524    8349.5248488     171.2783415    7516.6741166
    977.9056586    4185.0698320    9606.0148002    5320.6713634    6931.8604628    3162.4870357    6871.5310732    8343.9418707     184.7747610    7513.6825095
    980.4590312    4213.5893464    9588.1782037    5332.4867381    6914.5213076    3169.6730991    6868.4261628    8345.0049923     175.1238252    7491.3871772
    992.4061794    4220.5689309    9557.1881909    5325.4979333    6928.4200209    3179.3993763    6886.5128149    8355.6753807     196.6160980    7496.1689549
    991.2136836    4198.7046030    9573.2765380    5334.8625606    6940.4505102    3162.6359434    6867.7475477    8344.5558833     169.6583437    7507.4717795
    979.9774014    4213.4666971    9570.0019924    5332.8653993    6903.4008508    3160.1953723    6878.2065359    8355.3962271     204.0210110    7504.6886846
    988.5219727    4216.2248984    9570.0980035    5353.1851844    6928.6569203    3152.7280458    6855.9809594    8352.0718118     191.4582490    7502.8219981
    985.3290835    4209.1950817    9578.8678275    5345.0042630    6932.7773184    3140.1545412    6866.3980656    8334.2157055     169.5258189    7507.3026773
    975.0526450    4179.5426755    9585.3468280    5344.4742680    6939.1589109    3151.1933771    6879.4637299    8320.0466026     172.4487774    7506.6328432
    988.1836810    4224.2804292    9588.4621964    5330.8371495    6934.0636181    3162.0211365    6882.1801641    8338.2139490     185.8853102    7497.1471927
    991.5274714    4208.8807284    9576.3767795    5318.3879533    6921.8531808    3166.3112038    6875.0912329    8316.0963991     166.6863165    7521.4945547
    981.5920748    4209.5868378    9590.5486559    5333.6193027    6912.4452381    3153.0578406    6883.9808837    8332.4428074     195.8950218    7498.3192283
    980.7560512    4229.7053809    9572.4665656    5340.0034334    6915.1406050    3140.8356398    6863.3490781    8357.9459827     181.0238517    7506.9373677
    985.3538715    4211.5445636    9574.7203233    5332.9706727    6898.4422050    3150.6730935    6846.9698406    8348.9537074     186.4293783    7493.4824970
    991.4814144    4215.0345556    9581.8310224    5328.0388111    6923.4990695    3165.6983804    6858.4048449    8338.0882747     194.7728810    7478.2588647
    957.2954374    4192.9289792    9580.7127118    5333.1765918    6923.7361899    3155.9160830    6880.3830749    8362.0145534     194.4728798    7489.8851467
    987.1041172    4202.4142232    9573.8881978    5321.4192277    6918.8782638    3160.5975509    6865.7961973    8334.3230321     167.6224216    7493.8223014
    975.6919548    4218.9189817    9575.7024929    5329.7661863    6917.2017888    3166.1247915    6881.3704280    8350.5273043     180.3997151    7515.4681647
    987.8507523    4206.8652812    9589.0010386    5333.7251492    6904.4308322    3161.4253731    6868.0075288    8327.6903048     161.3723419    7502.8061595
    990.3019009    4217.1620506    9565.2855038    5328.1827502    6925.4370387    3139.7987880    6865.8621066    8348.3900117     192.1203331    7476.9042301
    984.9182116    4231.2574686    9572.6832281    5328.4904565    6928.3110618    3147.5248840    6876.5788257    8351.6620506     167.1420392    7502.4490836
    968.8785187    4220.6017282    9562.0885568    5313.5353126    6907.3980954    3147.1255834    6878.1586847    8346.0741436     185.7928189    7512.1921469
    976.4902393    4205.2929929    9570.4207761    5339.5018962    6935.1039016    3157.7437350    6858.7764769    8341.0531087     171.7596305    7508.7546031
    972.8390507    4208.5299194    9567.2056881    5312.6582187    6893.3715855    3146.2566950    6867.1900618    8343.0785633     180.6470246    7490.7293506
    974.1515227    4200.3992266    9581.0076381    5352.1293981    6917.4074144    3141.4635060    6877.7355101    8336.2710548     188.4580999    7497.0165954
   9889.4217211    7515.9831781    2796.9646580    7886.9264801    1036.0124203    4478.7157941    9081.8943219    2929.2574083    2883.6583245    1311.0594869
   9879.0900483    7470.2922128    2822.7389830    7878.5417228    1039.4134003    4483.3265355    9074.9253354    2943.7364197    2866.7212224    1289.3902102
   9874.7153867    7489.9993759    2799.9464622    7903.6457977    1024.1586655    4485.0818876    9100.0291369    2935.2813486    2866.4988584    1296.8600118
   9901.1782638    7489.0474822    2800.5800397    7875.3495608    1039.4154336    4495.2443243    9102.4409717    2940.4693857    2875.8430941    1292.4245085
   9882.8848709    7465.1590408    2825.7854362    7892.5236406    1056.1041172    4478.1902876    9069.7718516    2954.7571348    2869.1551156    1295.9066391
   9905.0964000    7496.2442759    2784.1778565    7892.8038322    1021.3647157    4484.3266440    9104.0768018    2930.9665855    2892.6856139    1290.9992784
   9910.3335942    7473.4000049    2799.8065410    7895.7628582    1018.2541213    4494.4313503    9075.2548619    2942.2809994    2864.8620855    1301.3835506
   9888.5056273    7477.7741347    2809.3321126    7881.6249619    1047.4787234    4480.9597353    9058.0405906    2956.1970995    2882.2805221    1315.8213734
   9886.8415235    7459.0303905    2800.2427419    7880.5325849    1031.8752412    4474.1079931    9088.0451537    2918.4974029    2878.2912099    1295.6899029
   9894.9459778    7464.7335183    2800.1892109    7909.3772779    1020.4494368    4486.3157986    9099.2600921    2936.0405861    2887.6384923    1310.7001175
   9904.3084442    7477.9782218    2803.3169298    7900.8345130    1024.8036253    4479.4157688    9078.9693243    2912.8510725    2881.1025373    1317.3100217
   9884.8902423    7482.4995177    2799.9088711    7885.3836511    1033.6211104    4489.6645727    9108.1134643    2944.4062493    2868.1397478    1286.0155649
   9901.6791949    7484.8236937    2798.3352882    7882.2315632    1024.1828421    4491.2695109    9085.7314372    2922.1367840    2886.4791758    1303.3867471
   9885.6995674    7487.7336963    2796.1630811    7902.4323305    1018.0114568    4469.9008345    9072.1862005    2931.9758931    2870.1788755    1296.6592620
   9888.6585674    7487.1990692    2805.9052414    7895.3118815    1048.3033052    4476.2703561    9071.3716715    2945.6553019    2896.1120813    1302.1586081
   9897.0062313    7475.1003769    2806.2966742    7899.1635377    1036.0458215    4473.5382852    9102.2613289    2937.8696446    2887.0553679    1304.3435110
   9897.3476313    7490.9890768    2802.2783692    7901.1300726    1053.8646230    4498.9251819    9093.5954451    2953.0140360    2864.6736724    1315.0096843
   9889.3596500    7463.7871898    2806.0920265    7902.5562475    1025.2997891    4498.3065776    9099.4473077    2923.3903451    2887.8442885    1301.4054481
   9883.0940866    7478.4902274    2799.9899706    7880.6305743    1027.7768347    4485.8621509    9100.2144512    2950.7248671    2872.0197786    1299.1132444
   9880.0171759    7491.9565687    2787.9583915    7879.1605189    1025.9015988    4481.4499962    9082.7435511    2936.4721228    2878.2287321    1302.6185185
   9878.2662593    7478.2629461    2810.2160440    7895.5955761    1043.1931321    4471.4730190    9095.0176451    2950.8077311    2876.3274829    1302.9450226
   9890.8627834    7487.0132497    2808.3191318    7907.4881616    1037.3937151    4487.5802788    9089.2702982    2925.7237809    2882.0869894    1297.9861610
   9882.2600149    7472.7128374    2803.7359498    7886.7186435    1052.6567884    4494.9029807    9083.2857280    2943.2330555    2889.3230108    1298.5573275
   9907.0932227    7490.8776475    2803.4228295    7874.8002932    1022.6005137    4482.1221872    9081.5723914    2935.9339511    2869.8802504    1302.7549485
   9884.0278687    7466.1294851    2801.0234881    7887.0730256    1016.7434894    4493.1670336    9085.1945213    2932.8728229    2885.2571340    1299.4597688
   9896.2838253    7466.8499976    2794.0733620    7898.2455604    1047.1790394    4479.2353770    9088.1193736    2927.9070447    2877.4540271    1293.1963540
   9887.0085079    7488.8793450    2784.4522812    7894.9235418    1024.2146499    4472.4694396    9097.3367586    2939.0958804    2887.0896821    1282.6479740
   9884.5087209    7477.1198726    2798.5456239    7897.1956296    1041.2192806    4467.8674731    9076.3284053    2923.6219094    2889.2294526    1295.1383720
   9887.5970813    7478.3344370    2794.8033548    7896.5258943    1036.0903345    4488.3485176    9083.7008301    2933.1706095    2871.8981684    1315.1671369
   9898.6865589    7481.2526917    2810.9296567    7886.9348470    1052.8048134    4473.0195993    9082.1581414    2932.4311686    2894.7657355    1301.7617455
   9899.4550747    7480.5555742    2792.3101709    7900.5480863    1025.9955003    4465.7500366    9081.7942755    2942.4580547    2895.3962365    1286.4109418
   9866.6203092    7490.9581138    2807.4404332    7887.1585554    1036.4436849    4486.2296925    9105.0757184    2934.8380644    2890.5513876    1295.7681618
   9883.5142017    7485.8942781    2793.2902456    7879.7736943    1041.8919967    4459.3045111    9087.0885135    2932.8940611    2874.0231839    1286.9626682
   9868.2518647    7475.0474590    2792.7877406    7888.5390943    1033.1404267    4471.5176594    9075.2297779    2939.0418974    2870.1350390    1290.6904030
   9885.6193564    7484.5114582    2825.5274049    7908.9289000    1019.6262564    4465.6927696    9086.6022047    2941.7114731    2876.4363302    1322.0090491
   9900.3815913    7498.0571175    2800.2612145    7883.8244887    1021.5571829    4477.7974461    9073.3715318    2929.8035632    2873.4456885    1309.7285685
   9883.8821335    7467.5859027    2799.9651879    7894.6791136    1037.8692464    4469.7186712    9092.4287821    2950.0097397    2882.6485520    1302.6736798
   9884.1297710    7475.5485938    2784.1404700    7898.8727504    1028.7189769    4480.4610767    9090.9677794    2928.2774560    2887.9233427    1301.4168270
   9903.5808415    7483.3459205    2807.6261676    7890.0595131    1047.0242057    4457.9003339    9080.6267113    2933.0909438    2862.4491785    1292.3386947
   9866.8896620    7483.5604162    2790.3876452    7896.4918893    1029.6422488    4470.6081266    9070.4172048    2929.3130053    2880.8596241    1299.0312492
