     41.7022005      72.0324493
      0.0114375      30.2332573
     14.6755891       9.2338595
     18.6260211      34.5560727
     39.6767474      53.8816734
     41.9194514      68.5219500
     20.4452250      87.8117436
      2.7387593      67.0467510
     41.7304802      55.8689828
     14.0386939      19.8101489
     80.0744569      96.8261576
     31.3424178      69.2322616
     87.6389152      89.4606664
      8.5044211       3.9054783
     16.9830420      87.8142503
      9.8346834      42.1107625
     95.7889530      53.3165285
     69.1877114      31.5515631
     68.6500928      83.4625672
      1.8288277      75.0144315
     98.8861089      74.8165654
     28.0443992      78.9279328
     10.3226007      44.7893526
     90.8595503      29.3614148
     28.7775339      13.0028572
      1.9366958      67.8835533
     21.1628116      26.5546659
     49.1573159       5.3362545
     57.4117605      14.6728575
     58.9305537      69.9758360
     10.2334429      41.4055988
     69.4400158      41.4179270
      4.9953459      53.5896406
     66.3794645      51.4889112
     94.4594756      58.6555041
     90.3401915      13.7474704
     13.9276347      80.7391289
     39.7676837      16.5354197
     92.7508580      34.7765860
     75.0812103      72.5997985
     88.3306091      62.3672207
     75.0942434      34.8898342
     26.9927892      89.5886218
     42.8091190      96.4840047
     66.3441498      62.1695720
     11.4745973      94.9489259
     44.9912133      57.8389614
     40.8136803      23.7026980
     90.3379521      57.3679487
      0.2870327      61.7144914
     32.6644902      52.7058102
     88.5942099      35.7269760
     90.8535151      62.3360116
      1.5821243      92.9437234
     69.0896918      99.7322850
     17.2340508      13.7135750
     93.2595463      69.6818161
      6.6000173      75.5463053
     75.3876188      92.3024536
     71.1524759      12.4270962
      1.9880134       2.6210987
      2.8306488      24.6211068
     86.0027949      53.8831064
     55.2821979      84.2030892
     12.4173315      27.9183679
     58.5759271      96.9595748
     56.1030219       1.8647289
     80.0632673      23.2974274
     80.7105196      38.7860644
     86.3541855      74.7121643
     55.6240234      13.6455226
      5.9917690      12.1343456
      4.4551879      10.7494129
     22.5709339      71.2988980
     55.9716982       1.2555980
      7.1974280      96.7276330
     56.8100462      20.3293235
     25.2325745      74.3825854
     19.5429481      58.1358927
     97.0019989      84.6828801
     23.9847759      49.3769714
     61.9955718      82.8980900
     15.6791395       1.8576202
      7.0022144      48.6345111
     60.6329462      56.8851437
     31.7362409      98.8616154
     57.9745219      38.0141173
     55.0948219      74.5334431
     66.9232893      26.4919558
      6.6334834      37.0084198
     62.9717507      21.0174010
     75.2755554       6.6536481
     26.0315099      80.4754564
     19.3434283      63.9460881
     52.4670309      92.4807970
     26.3296770       6.5961091
     73.5065963      77.2178030
     90.7815853      93.1972069
      1.3951573      23.4362086
     61.6778357      94.9016321
     95.0176119      55.6653188
     91.5606350      64.1566209
     39.0007714      48.5990667
     60.4310483      54.9547922
     92.6181427      91.8733436
     39.4875613      96.3262528
     17.3955667      12.6329519
     13.5079158      50.5662166
      2.1524805      94.7970211
     82.7115471       1.5018981
     17.6196256      33.2063574
     13.0996845      80.9490692
     34.4736653      94.0107482
     58.2014180      87.8831984
     84.4734445      90.5392319
     45.9880266      54.6346816
     79.8603591      28.5718852
     49.0253523      59.9110308
      1.5533276      59.3481408
     43.3676349      80.7360529
     31.5244803      89.2888709
     57.7857215      18.4010202
     78.7929234      61.2031177
      5.3909272      42.0193680
     67.9068837      91.8601778
      0.0402025      97.6759149
     37.6580315      97.3783538
     60.4716101      82.8845808
     57.4711505      62.8076198
     28.5576282      58.6833341
     75.0021764      85.8313836
     75.5082188      69.8057248
     86.4479430      32.2680997
     67.0788791      45.0873936
     38.2102752      41.0811350
     40.1479583      31.7383946
     62.1919368      43.0247271
     97.3802078      67.7800891
     19.8569888      42.6701009
     34.3346240      79.7638804
     87.9998289      90.3841956
     66.2719812      27.0208262
     25.2366702      85.4897943
     52.7714646      80.2161084
     57.2488517      73.3142525
     51.9011627      77.0883911
     56.8857991      46.5709879
     34.2688908       6.8209348
     37.7924179       7.9626078
     98.2817114      18.1612851
     81.1858698      87.4961645
     68.8413252      56.9494413
     16.0971437      46.6880023
     34.5172051      22.5039958
     59.2511869      31.2269838
     91.6305553      90.9635525
     25.7118294      11.0891301
     19.2962732      49.9584171
     72.8585668      20.8194438
     24.8033558      85.1671875
     41.5848718      61.6685067
     23.3666139      10.1967259
     51.5857017      47.7140987
     15.2671644      62.1806232
     54.4010119      65.4137347
     14.4545540      75.1527817
     22.2049140      51.9351824
     78.5296028       2.2330428
     32.4362460      87.2922376
     84.4709608      53.8440593
     86.6608274      94.9805991
     82.6406998      85.4115444
      9.8743402      65.1304332
     70.3516988      61.0240813
     79.9615262       3.4571220
     77.0238735      73.1728601
     25.9698393      25.7069299
     63.2303317      34.5297462
     79.6588678      44.6146232
     78.2749415      99.0471784
     30.0248340      14.3005828
     90.1308436      54.1559379
     97.4740371      63.6604400
     99.3913025      54.6070804
     52.6425934      13.5427903
     35.5705171       2.6218567
     16.0395180      74.5637193
      3.0399690      36.6543097
     86.2346253      69.2677718
     69.0942142      18.8636801
     44.1904281      58.1577407
     98.9751708      20.3906225
     24.7732902      26.2173084
     75.0172413      45.6975327
      5.6929438      50.8516241
     21.1960165      79.8604245
     29.7331382       2.7606012
     59.3432449      84.3840429
     38.1016124      74.9858311
     51.1141478      54.0951805
     95.9434321      80.3960891
      3.2323067      70.9387251
     46.5001482      94.7548941
     22.1432734      26.7072020
      8.1473965      42.8618829
     10.9018764      63.3786761
     80.2963237      69.6800496
     76.6211381      34.2454120
     84.5851483      42.8768775
     82.4009870      62.6496159
     14.3423049       7.8386900
      1.8332643       6.6724998
     45.8583814      11.3341923
      2.7783349      75.4861481
     39.4850480      74.6938496
     45.2404827      45.0086747
     47.8072507      47.4003927
     80.3163342      40.2392520
     90.4686160       3.7061048
     77.3874343      12.5641381
     61.8513567       1.0364261
     53.8627283       0.3017957
     95.1193785      90.5402034
     79.5966942      91.5274320
     14.5558231      15.7730070
     18.7631673      62.2495902
     90.5809496      98.9955178
     71.1122459      73.1800409
     90.9293205      40.0873732
     24.9850680      17.3430171
     11.9457050      81.2610588
     14.6792373      26.4297483
     81.9089179      31.0587252
     98.2417449      26.6638702
     53.3653345      31.4467011
     91.0772831      36.6556644
     43.3592327      51.2292692
     93.8886477       3.0949006
     71.6878664      89.1018954
      2.7287224      52.2051247
     32.5989812      85.9489321
     55.8516551      69.0227868
     45.2853500      62.8309038
     29.0096852       0.9348578
     57.6755935      31.1444214
     51.7267599      91.6405853
     42.6474789      24.7396037
     37.1293761      93.1861117
     93.6868381      84.4329949
     92.0206514      22.7900290
      8.7482210      22.7309736
     31.4376616      17.4765876
     60.7094162      41.3586415
     81.6351512      18.5130398
     70.1876530      24.0355625
     57.4219089      34.8987597
      5.6964399      22.8813671
     66.4102555      49.7250093
     51.9015984      17.4720150
     57.0715852      99.6753425
     81.6835109      59.4372624
     97.5989068      90.1562585
     59.5607934       3.2426325
      9.3577096       6.5371715
     45.1733149      37.5434833
     97.5350034      16.7983293
     97.2787592      76.7474869
     82.4237840      63.2615817
     66.8732770      47.6882334
      1.3136357      35.3006086
     49.2071801      73.0091211
     46.8628343      45.7404916
     13.7662741       1.0888734
     75.8278260      31.9952838
     98.4383450      22.0234226
     33.8708025      52.3896136
     75.4891457      46.3857784
     12.4822543      31.2501378
     50.4519170      67.3849008
     77.0149956      13.0335781
      2.2915131      51.9082322
     80.9988711       1.2603767
     67.2469845      68.6808227
     44.9246754      91.4788687
     64.4361085       0.5239838
     48.4428446      85.9317806
     83.0399570      64.9154197
     67.3698424      57.8499580
     27.4119775      56.0529991
     67.1729785      35.2429630
     85.5828367      19.5037486
     74.7320810      28.9602746
     77.3799287      42.7737329
     80.7698409      35.3534863
     21.3693238      76.7284508
     30.8641948      73.3245068
     74.4473153      22.1396701
     21.4112137      19.8947923
     14.2518338      37.7082599
      2.6627885      11.0920369
     67.4564024      79.9776537
      8.0529527      23.1702310
     20.7625662      91.7333563
     71.1314518      55.3884611
     30.4517988      83.4854048
     43.5305958      92.3456215
     70.6051804      47.8031308
     12.6210104      97.6043550
     15.9833650      20.2602125
     43.1181755      40.4201906
     14.6751481      72.9318919
     18.8745067      64.3895644
     75.4305951      21.0732392
     60.0954248      74.8928375
     63.8218711      59.7127303
     29.5482286      73.1606471
     94.5308440      42.5561390
     78.2181817       5.6141040
     83.5271602      19.2250017
     39.5096869      30.0081046
      8.0103644      90.4631003
     37.0154178      53.0697438
     49.4116266      13.2161142
     20.6454059       7.6188809
     50.7921700      26.1549552
     35.7061609      10.8065329
     78.7551840      10.6583877
     98.5708824      17.7161164
     57.2405112       4.4845335
     78.7116290      18.9605948
     52.7903978      74.0077543
     14.9931485      55.1087174
     21.6617208      75.9196049
     72.2915194      17.6549034
     86.1966558       1.9775100
     86.0236997      55.8903811
     40.3220472      75.8746931
     71.6929002      98.7326175
     27.8085049       0.3793672
     93.3902608      85.7897105
     72.8850878      51.6688783
     70.6956245      78.0529557
     37.4875944      77.0322525
     75.0624319      61.3211212
     40.1865924      69.7308019
      0.3112858      77.4896647
     89.6416602      23.9315707
     12.0767184      22.0283988
     30.2096731      88.3028509
     54.3166430      28.6711650
     13.8354690      29.0144463
     61.3871090      32.4138530
     45.7360182      44.4117107
     82.8135361      42.6348154
     34.5698821      67.4971605
     22.1482056      46.7245824
     31.4765687      62.6855602
     87.7360475      44.7689000
     78.4457419      45.6965701
     65.6229332      13.1840975
     43.2981507      90.9311989
     60.5479001      76.6774587
     50.4700608      49.8055625
     84.2899840       6.7806934
     57.3272272      94.2762575
     51.7860048      19.4465810
     84.7939392      25.1639142
     70.0726036      54.0260940
     94.8836288      62.4336702
     83.7977962       0.7932876
     98.9340056       7.7714570
     32.2129514      94.6152395
      0.8939102      82.2730005
     86.1211638      43.9830814
     25.5745194      80.2689520
     47.7862004      13.4338609
     92.7848993      89.5969967
     49.1545150      85.6702497
     41.8578026      68.3464900
     39.7990639      50.5742017
     18.9551703      96.4988924
     29.4215688      10.3459556
     14.4315400       1.4092294
     71.5945699      56.4498320
     79.4578351      50.7079923
     79.1821040      69.5764214
     77.7848477      40.6482869
     64.7770633      17.9794298
     32.1819963      17.2604620
     40.8637225      24.1418748
     40.6921994      97.5222342
     32.0319326      98.2490945
     63.6306126      37.5091018
     85.7484499      61.9586739
     25.2033080      79.2855678
     43.2938509      35.7511167
     33.0276937      69.7368876
     26.8650124      80.8278014
     29.5288794      54.4121384
     48.7921492      85.5356413
