   4187.6681647    7195.6328654
   4173.4104380    7200.7512307
   4184.8411264    7182.6435273
   4166.9958750    7199.4043909
   4181.5577414    7192.2460217
   4168.4957650    7194.4663502
   4170.6421845    7209.0730866
   4159.2138553    7214.6921715
   4179.2359542    7208.2698778
   4179.2286065    7196.4076558
   4168.9911448    7193.8872401
   4167.5411662    7208.5484891
   4163.3034395    7199.2773992
   4163.3483200    7194.7928780
   4163.5075857    7203.1182884
   4159.0469435    7205.5890914
   4186.8180688    7210.6653760
   4168.3016915    7194.3686448
   4162.7484641    7220.1694804
   4170.7281246    7196.8749780
   4172.1292019    7224.2474858
   4171.4216366    7209.4169655
   4173.2217502    7199.7224360
   4158.7948650    7199.7515072
   4168.1311047    7209.1111663
   4178.6098812    7212.5559552
   4173.0759203    7212.0963461
   4162.6760676    7215.7736160
   4175.3493452    7200.2640061
   4175.1052285    7202.4892173
   4181.5363409    7218.4431026
   4192.0758011    7189.2799711
   4155.7789090    7198.2002758
   4171.8204177    7212.0066236
   4173.3763965    7183.0229223
   4167.1580069    7211.5246808
   4172.5209944    7210.8650462
   4167.9967656    7201.2373537
   4172.0856609    7207.3454509
   4172.2030442    7204.4350209
   4163.5134242    7207.0205723
   4171.4382597    7214.5397735
   4182.2092258    7205.0964986
   4166.4671975    7196.8576303
   4174.4549906    7204.0183351
   4166.7815103    7203.6809030
   4164.0200386    7210.2252548
   4165.7487614    7215.4900115
   4174.2549634    7209.1807197
   4159.2709286    7204.9387588
      8.5493127    3013.7887203
     -1.5184369    3023.6518718
    -12.5874250    3026.4773202
      9.6053546    3014.7305669
      4.6492080    3010.2028922
      0.7567931    3007.1680028
     12.3579253    3027.4147317
      0.8975786    3015.5741101
     13.8813075    3042.9967438
    -17.4360705    3035.6873666
     17.4202557    3026.7058433
    -10.8489321    3031.9591795
     -0.6654548    3017.2865200
    -11.1568332    3028.8311013
      9.0718168    3017.0904190
      6.3495115    3011.8823124
      9.1623585    3023.7913993
     -0.7219495    3022.3082676
      9.8326097    3030.8298427
      6.4384014    3024.7027384
      1.9219595    3029.5095289
      3.4686938    3030.1512404
     -1.9574196    2998.9773487
     11.5319942    3045.1955228
      5.5573926    3022.3241740
     -0.2206993    3022.1351844
      1.3178423    3012.1055390
     -4.0271964    3013.3554580
      3.6317398    3020.3593148
      6.0958614    3021.5786947
     11.0071001    3025.4610653
     23.0507455    3004.3621171
     -5.3254187    3032.3405952
     26.4270052    3020.8393785
      1.5804381    3021.0625839
     14.4583193    3020.4526477
      7.9444466    3020.1277103
    -11.5818394    3026.4612035
      6.1755963    3036.2579851
      0.0392779    3017.1521057
      6.7713591    3025.7330972
      3.9503989    3022.5945993
     12.7471339    3027.0206535
     20.1903353    3034.4362933
      7.7342461    3007.0513429
      7.1669410    3027.5285484
      9.2532649    3033.7701473
     -2.8650337    3031.5657825
     -4.4793061    3042.8745071
    -12.1757685    3005.7188407
   1451.0516955     914.4803918
   1456.3677542     942.9467367
   1464.2939132     909.9591898
   1478.7027379     917.5207083
   1455.1903744     932.1443370
   1473.7925299     919.0363809
   1481.6343082     924.6769635
   1483.7284042     928.4133565
   1483.1469636     924.4799747
   1455.3614642     947.8796342
   1462.1011665     921.3975691
   1460.5549231     921.3520032
   1469.9856026     925.4042495
   1474.1691110     941.3075298
   1466.3542625     911.0547403
   1455.7357269     916.7284025
   1450.8169501     931.6362459
   1462.5767725     920.2760979
   1467.5399933     909.4197434
   1458.9457446     930.1330629
   1473.7442995     918.9542284
   1485.6642573     910.3286785
   1464.1090361     921.0775503
   1439.6280582     942.7612358
   1471.2222283     912.9400539
   1488.0706426     929.2425677
   1471.8541696     917.3159637
   1468.6211354     908.1291445
   1475.5091691     919.6415645
   1468.8993901     935.4064963
   1470.4063893     926.0106221
   1470.3239012     916.0532316
   1475.9189554     938.8195388
   1475.1469648     932.2350358
   1458.7860930     914.7080755
   1453.1501479     935.7084784
   1465.0171095     937.3843871
   1459.7397913     919.0108579
   1468.5131590     932.6004484
   1468.1664101     925.4971952
   1467.7241838     925.1578249
   1456.3942080     924.1952187
   1465.6931182     922.8177029
   1472.4822737     916.5791663
   1466.7138279     920.4123289
   1471.7319282     931.2336542
   1458.0046555     929.2450520
   1488.2167414     908.6743784
   1459.2571892     914.5801717
   1464.7679310     939.6144385
   1862.7356405    3448.6603345
   1868.8201488    3449.6092251
   1873.8362354    3458.6599408
   1876.4899077    3448.9938280
   1892.9106849    3463.8531167
   1869.1479153    3455.0953860
   1855.3461426    3446.9295837
   1861.2423405    3447.6345726
   1865.4288709    3447.3462961
   1868.8129408    3465.1684875
   1855.5437087    3467.5341311
   1860.2226944    3467.1601493
   1866.9837772    3466.8305536
   1852.6319158    3454.5393306
   1877.1164064    3449.4269020
   1842.2301015    3436.1813786
   1837.5377072    3434.4656312
   1858.4857221    3468.3925513
   1858.1798210    3458.8425440
   1861.5021989    3455.6927599
   1860.9201254    3453.8654670
   1867.2137548    3443.8474437
   1872.7033856    3464.8074498
   1860.6515404    3463.6612047
   1855.5886695    3450.2350402
   1864.1647523    3453.7050602
   1858.1147334    3448.8827900
   1857.0271666    3464.9989579
   1843.1688797    3459.1322141
   1860.2377443    3462.8854054
   1867.7528499    3427.7819258
   1868.4485799    3458.8500129
   1862.8207421    3450.9205323
   1871.1349260    3451.4769773
   1880.9492900    3461.2510990
   1883.9803945    3447.7519305
   1845.0428574    3462.7551664
   1871.1291544    3455.9608714
   1847.2141813    3451.1283186
   1868.7819691    3453.7655072
   1861.4422619    3453.8526807
   1853.2629672    3450.2770672
   1848.3365596    3473.2868699
   1857.8483850    3460.3833722
   1852.3832543    3463.5525528
   1843.8705040    3464.8134216
   1862.2484345    3476.7133210
   1849.5367730    3456.3710752
   1866.2744319    3467.9362624
   1858.3735442    3456.4719145
   3946.2500750    5379.8656514
   3972.1909018    5399.2090833
   3964.8573796    5408.7308953
   3985.2772346    5387.5608151
   3943.5397123    5370.3916763
   3959.8961540    5399.3257511
   3970.7774652    5367.2248619
   3965.3870840    5404.3009538
   3963.9266954    5380.6676439
   3988.2209833    5388.7014354
   3962.8831713    5391.6690116
   3967.8463896    5383.8759173
   3979.7593056    5399.3243581
   3976.0833579    5387.1384679
   3979.1437461    5387.6703142
   3972.3411750    5398.5042087
   3975.7631859    5406.0648869
   3972.1875825    5371.3267402
   3956.0730413    5401.6684082
   3964.3619106    5392.0327315
   3959.1601857    5398.1761543
   3963.8264198    5402.7484224
   3962.3524021    5399.3486740
   3974.4187034    5380.9434210
   3978.6647056    5379.1509951
   3959.4500704    5395.3844530
   3961.4213223    5382.2289094
   3964.2357352    5378.1656481
   3978.1246864    5394.2524870
   3966.9814553    5387.0834194
   3972.1762974    5405.8206910
   3976.3844403    5383.0827687
   3975.4489344    5386.9796283
   3965.6847605    5406.8320538
   3963.4853633    5383.3754909
   3948.1536894    5374.1440486
   3972.1859717    5381.2181310
   3972.8288803    5377.0186295
   3960.0016440    5394.9130471
   3982.2836661    5394.0920680
   3979.6530507    5405.2132817
   3978.0756338    5378.9829397
   3966.6212952    5394.4692967
   3963.5262733    5392.6868004
   3951.8831795    5379.8810602
   3972.9635398    5365.7964749
   3956.5976173    5387.9901569
   3950.4807976    5388.7385500
   3959.6792674    5385.2513941
   3965.0849138    5390.0602720
