   4187.6681647    7195.6328654
   4173.4104380    7200.7512307
   4184.8411264    7182.6435273
   4166.9958750    7199.4043909
   4181.5577414    7192.2460217
   4168.4957650    7194.4663502
   4170.6421845    7209.0730866
   4159.2138553    7214.6921715
   4179.2359542    7208.2698778
   4179.2286065    7196.4076558
   4168.9911448    7193.8872401
   4167.5411662    7208.5484891
   4163.3034395    7199.2773992
   4163.3483200    7194.7928780
   4163.5075857    7203.1182884
   4159.0469435    7205.5890914
   4186.8180688    7210.6653760
   4168.3016915    7194.3686448
   4162.7484641    7220.1694804
   4170.7281246    7196.8749780
   4172.1292019    7224.2474858
   4171.4216366    7209.4169655
   4173.2217502    7199.7224360
   4158.7948650    7199.7515072
   4168.1311047    7209.1111663
   4178.6098812    7212.5559552
   4173.0759203    7212.0963461
   4162.6760676    7215.7736160
   4175.3493452    7200.2640061
   4175.1052285    7202.4892173
   4181.5363409    7218.4431026
   4192.0758011    7189.2799711
   4155.7789090    7198.2002758
   4171.8204177    7212.0066236
   4173.3763965    7183.0229223
   4167.1580069    7211.5246808
   4172.5209944    7210.8650462
   4167.9967656    7201.2373537
   4172.0856609    7207.3454509
   4172.2030442    7204.4350209
     -5.5628747    3027.1013642
      2.3619609    3034.6205654
     13.1329270    3025.1772905
     -2.6091013    3016.9384222
      5.3786917    3024.0991270
     -2.2947886    3023.7616949
     -5.0562603    3030.3060467
     -3.3275375    3035.5708034
      5.1786646    3029.2615116
     -9.8053703    3025.0195506
      8.5493127    3013.7887203
     -1.5184369    3023.6518718
    -12.5874250    3026.4773202
      9.6053546    3014.7305669
      4.6492080    3010.2028922
      0.7567931    3007.1680028
     12.3579253    3027.4147317
      0.8975786    3015.5741101
     13.8813075    3042.9967438
    -17.4360705    3035.6873666
     17.4202557    3026.7058433
    -10.8489321    3031.9591795
     -0.6654548    3017.2865200
    -11.1568332    3028.8311013
      9.0718168    3017.0904190
      6.3495115    3011.8823124
      9.1623585    3023.7913993
     -0.7219495    3022.3082676
      9.8326097    3030.8298427
      6.4384014    3024.7027384
      1.9219595    3029.5095289
      3.4686938    3030.1512404
     -1.9574196    2998.9773487
     11.5319942    3045.1955228
      5.5573926    3022.3241740
     -0.2206993    3022.1351844
      1.3178423    3012.1055390
     -4.0271964    3013.3554580
      3.6317398    3020.3593148
      6.0958614    3021.5786947
   1477.4222600     925.5212867
   1489.4659055     904.4223385
   1461.0897413     932.4008166
   1492.8421652     920.8995999
   1467.9955981     921.1228053
   1480.8734793     920.5128691
   1474.3596066     920.1879317
   1454.8333206     926.5214249
   1472.5907563     936.3182065
   1466.4544379     917.2123271
   1473.1865191     925.7933186
   1470.3655589     922.6548207
   1479.1622939     927.0808749
   1486.6054953     934.4965147
   1474.1494061     907.1115643
   1473.5821010     927.5887697
   1475.6684249     933.8303686
   1463.5501263     931.6260039
   1461.9358539     942.9347284
   1454.2393915     905.7790621
   1451.0516955     914.4803918
   1456.3677542     942.9467367
   1464.2939132     909.9591898
   1478.7027379     917.5207083
   1455.1903744     932.1443370
   1473.7925299     919.0363809
   1481.6343082     924.6769635
   1483.7284042     928.4133565
   1483.1469636     924.4799747
   1455.3614642     947.8796342
   1462.1011665     921.3975691
   1460.5549231     921.3520032
   1469.9856026     925.4042495
   1474.1691110     941.3075298
   1466.3542625     911.0547403
   1455.7357269     916.7284025
   1450.8169501     931.6362459
   1462.5767725     920.2760979
   1467.5399933     909.4197434
   1458.9457446     930.1330629
   1868.7875051    3451.1755511
   1880.7074629    3442.5500012
   1859.1522417    3453.2988730
   1834.6712638    3474.9825586
   1866.2654339    3445.1613766
   1883.1138482    3461.4638904
   1866.8973752    3449.5372864
   1863.6643410    3440.3504673
   1870.5523747    3451.8628872
   1863.9425957    3467.6278191
   1865.4495949    3458.2319449
   1865.3671068    3448.2745544
   1870.9621610    3471.0408615
   1870.1901704    3464.4563586
   1853.8292986    3446.9293982
   1848.1933535    3467.9298011
   1860.0603151    3469.6057099
   1854.7829969    3451.2321806
   1863.5563646    3464.8217711
   1863.2096157    3457.7185180
   1862.7673894    3457.3791476
   1851.4374136    3456.4165414
   1860.7363238    3455.0390256
   1867.5254793    3448.8004890
   1861.7570335    3452.6336516
   1866.7751338    3463.4549769
   1853.0478612    3461.4663747
   1883.2599470    3440.8957012
   1854.3003948    3446.8014944
   1859.8111366    3471.8357613
   1862.7356405    3448.6603345
   1868.8201488    3449.6092251
   1873.8362354    3458.6599408
   1876.4899077    3448.9938280
   1892.9106849    3463.8531167
   1869.1479153    3455.0953860
   1855.3461426    3446.9295837
   1861.2423405    3447.6345726
   1865.4288709    3447.3462961
   1868.8129408    3465.1684875
   3960.6163372    5400.0942007
   3965.2953229    5399.7202189
   3972.0564058    5399.3906233
   3957.7045444    5387.0994002
   3982.1890349    5381.9869716
   3947.3027300    5368.7414482
   3942.6103358    5367.0257008
   3963.5583507    5400.9526209
   3963.2524495    5391.4026136
   3966.5748274    5388.2528295
   3965.9927539    5386.4255366
   3972.2863833    5376.4075133
   3977.7760141    5397.3675194
   3965.7241689    5396.2212743
   3960.6612980    5382.7951098
   3969.2373808    5386.2651298
   3963.1873620    5381.4428596
   3962.0997951    5397.5590275
   3948.2415083    5391.6922837
   3965.3103728    5395.4454750
   3972.8254784    5360.3419954
   3973.5212084    5391.4100825
   3967.8933707    5383.4806019
   3976.2075545    5384.0370469
   3986.0219186    5393.8111686
   3989.0530230    5380.3120001
   3950.1154859    5395.3152360
   3976.2017829    5388.5209410
   3952.2868098    5383.6883882
   3973.8545976    5386.3255768
   3966.5148905    5386.4127503
   3958.3355958    5382.8371368
   3953.4091881    5405.8469395
   3962.9210136    5392.9434419
   3957.4558829    5396.1126224
   3948.9431325    5397.3734912
   3967.3210631    5409.2733906
   3954.6094016    5388.9311448
   3971.3470604    5400.4963320
   3963.4461727    5389.0319841
