   4187.6681647    7195.6328654
   4173.4104380    7200.7512307
   4184.8411264    7182.6435273
   4166.9958750    7199.4043909
   4181.5577414    7192.2460217
   4168.4957650    7194.4663502
   4170.6421845    7209.0730866
   4159.2138553    7214.6921715
   4179.2359542    7208.2698778
   4179.2286065    7196.4076558
     -0.0851541    3013.9680320
     -1.5351326    3028.6292810
     -5.7728593    3019.3581910
     -5.7279788    3014.8736699
     -5.5687131    3023.1990803
    -10.0293553    3025.6698833
     17.7417699    3030.7461679
     -0.7746074    3014.4494367
     -6.3278348    3040.2502723
      1.6518257    3016.9557699
   1469.4680630     944.3884991
   1468.7604977     929.5579788
   1470.5606114     919.8634492
   1456.1337262     919.8925205
   1465.4699658     929.2521796
   1475.9487423     932.6969685
   1470.4147814     932.2373593
   1460.0149288     935.9146292
   1472.6882064     920.4050193
   1472.4440896     922.6302306
   1873.9184077    3470.8054386
   1884.4578678    3441.6423071
   1848.1609757    3450.5626118
   1864.2024845    3464.3689596
   1865.7584632    3435.3852583
   1859.5400737    3463.8870169
   1864.9030611    3463.2273822
   1860.3788324    3453.5996897
   1864.4677277    3459.7077869
   1864.5851110    3456.7973569
   3960.9681194    5391.9429779
   3968.8929550    5399.4621791
   3979.6639211    5390.0189042
   3963.9218928    5381.7800360
   3971.9096858    5388.9407407
   3964.2362056    5388.6033086
   3961.4747339    5395.1476604
   3963.2034567    5400.4124171
   3971.7096587    5394.1031253
   3956.7256238    5389.8611644
