   4166.9958750    7199.4043909      12.4814426
   4159.2211344    7201.5206523      -7.6348360
   4170.6421845    7209.0730866      -9.8624436
   4181.6672841    7212.2608416       6.1686916
   4179.2286065    7196.4076558      -0.0851541
   4160.8623527    7200.5660536       6.4473028
   4163.3034395    7199.2773992      -5.7279788
   4161.7679906    7196.5324731       1.0171022
   4159.0469435    7205.5890914      17.7417699
   4177.6404886    7201.3265789      -7.7325415
   4162.7484641    7220.1694804       1.6518257
   4163.8500906    7205.1540893      22.1462995
   4171.4216366    7209.4169655       4.1454514
   4166.6975486    7191.8197524      -2.3496791
   4168.1311047    7209.1111663       9.5335823
   4179.5310678    7206.1008077       9.9951598
   4162.6760676    7215.7736160       6.2730464
   4167.2391187    7208.1301159       0.3880310
   4181.5363409    7218.4431026      22.9995022
   4156.2550837    7188.8037964      -3.9009105
   4171.8204177    7212.0066236       4.3000976
   4149.9980349    7200.1828943       9.4234946
   4172.5209944    7210.8650462      -1.0795333
   4168.2124663    7205.1105483       5.2442646
   4172.2030442    7204.4350209      -5.5628747
   4173.9956849    7204.4631471      12.4385873
   4182.2092258    7205.0964986      -2.6091013
   4163.8327430    7207.4798780       1.9171489
   4166.7815103    7203.6809030      -5.0562603
   4177.2003674    7198.7736488      13.3888252
   4174.2549634    7209.1807197      -9.8053703
   4171.9138714    7210.6504989      -8.3932578
   4167.5578620    7203.5710799     -12.5874250
   4173.3716409    7211.7065409      -7.4514112
   4173.7255068    7190.1221003       0.7567931
   4154.0623235    7214.4591115       5.2327536
   4169.9738775    7195.4933182      13.8813075
   4189.8910645    7184.6651158      13.5053885
   4186.4965546    7206.6250514     -10.8489321
   4178.8535002    7201.4357314      -4.8954581
   4157.9194657    7208.7503094       9.0718168
   4163.9847397    7208.4506978     -10.2996657
   4178.2386573    7203.7106074      -0.7219495
   4169.2025883    7211.9337960       8.6478646
   4175.5147003    7204.6219465       1.9219595
   4176.4038496    7205.5698800       7.9692622
   4167.1188793    7178.8965568      11.5319942
   4192.0898435    7207.6585789       0.1421958
   4168.8555996    7202.0543925       1.3178423
   4158.9998597    7198.0739898      -8.8265201
   3025.8137179    1464.5924966     928.3380609
   3021.5786947    1477.4222600     925.5212867
   3045.2327236    1448.5952989     916.9167808
   3032.3405952    1492.8421652     920.8995999
   3023.7624163    1465.2957657     936.7005188
   3020.4526477    1474.3596066     920.1879317
   3010.6001388    1470.6943854     928.4177958
   3036.2579851    1466.4544379     917.2123271
   3028.9533373    1469.9662791     926.1925985
   3022.5945993    1479.1622939     927.0808749
   3042.3723134    1478.6694752     929.9764456
   3007.0513429    1473.5821010     927.5887697
   3031.4352430    1478.0033291     919.3771658
   3031.5657825    1461.9358539     942.9347284
   3010.0062097    1449.9520226     906.8787350
   3014.4201705    1456.3677542     942.9467367
   3020.0607313    1454.1321503     934.5297775
   3017.4604869    1455.1903744     932.1443370
   3029.5593481    1463.2093413     937.4613477
   3024.6167421    1483.7284042     928.4133565
   3038.9137817    1468.6529351     911.1885037
   3047.8194128    1462.1011665     921.3975691
   3016.3217413    1465.5249637     925.8126421
   3025.3440281    1474.1691110     941.3075298
   3022.1210806    1455.2277008     911.5627664
   3016.6681811    1450.8169501     931.6362459
   3018.3435907    1464.4490584     923.3670329
   3009.3595221    1458.9457446     930.1330629
   3029.5111176    1463.1271889     941.4912968
   3010.2684571    1464.1090361     921.0775503
   2995.3948763    1486.9341963     927.0492678
   3012.8798325    1488.0706426     929.2425677
   3027.6209877    1461.4889242     924.4481749
   3008.0689232    1475.5091691     919.6415645
   3024.6662083    1479.5794568     926.2334288
   3025.9504008    1470.3239012     916.0532316
   3031.6857735    1482.9924993     930.9740043
   3032.1748145    1458.7860930     914.7080755
   3008.9169661    1479.8814389     920.8441490
   3037.3241657    1459.7397913     919.0108579
   3024.2799772    1476.7734089     923.9934496
   3025.4369739    1467.7241838     925.1578249
   3012.1610261    1468.3681792     921.5201578
   3022.7574815    1472.4822737     916.5791663
   3022.4806460    1464.5852893     927.5589677
   3031.1734328    1458.0046555     929.2450520
   3043.9835595    1452.8473389     915.0842287
   3014.5199503    1464.7679310     939.6144385
   3023.4592531    1460.6119722     929.6039827
   3017.3276810    1478.7930298     926.4386181
   1876.4899077    3448.9938280    3997.9833134
   1870.8479600    3462.1530720    3967.1628578
   1855.3461426    3446.9295837    3966.3149690
   1854.6294159    3458.4340276    3959.4137680
   1868.8129408    3465.1684875    3960.6163372
   1874.5289745    3453.2278511    3979.2276212
   1866.9837772    3466.8305536    3957.7045444
   1861.5341739    3470.1215630    3961.4943738
   1842.2301015    3436.1813786    3942.6103358
   1841.4604746    3451.4908788    3980.4600231
   1858.1798210    3458.8425440    3966.5748274
   1862.6876032    3453.9252820    3965.9329389
   1867.2137548    3443.8474437    3977.7760141
   1871.8022931    3453.6566970    3975.7286765
   1855.5886695    3450.2350402    3969.2373808
   1860.6999035    3451.1198901    3960.9502619
   1857.0271666    3464.9989579    3948.2415083
   1866.1270574    3453.2429009    3974.9528773
   1867.7528499    3427.7819258    3973.5212084
   1865.8448562    3455.8258988    3962.9880041
   1871.1349260    3451.4769773    3986.0219186
   1868.2459423    3476.9855511    3959.8194023
   1845.0428574    3462.7551664    3976.2017829
   1862.9557147    3440.2193380    3963.1957905
   1868.7819691    3453.7655072    3966.5148905
   1860.8475241    3446.2681239    3962.3445390
   1848.3365596    3473.2868699    3962.9210136
   1867.3782156    3445.3884110    3975.6200247
   1843.8705040    3464.8134216    3967.3210631
   1883.7081643    3442.5419297    3968.4385471
   1866.2744319    3467.9362624    3963.4461727
   1863.4667578    3434.1826031    3959.3730537
   1867.1182733    3466.6490137    3964.8573796
   1883.1656690    3473.2097627    3967.0682174
   1838.4670838    3437.8316067    3959.8961540
   1873.7605249    3458.7099933    3946.7322641
   1860.3144555    3471.7408842    3963.9266954
   1855.1024176    3476.1535115    3968.2088377
   1857.8105428    3459.1089420    3967.8463896
   1858.3106910    3467.6918337    3978.8317603
   1871.0107294    3454.5783983    3979.1437461
   1862.1050880    3460.2737031    3978.0116110
   1870.6905574    3473.5048173    3972.1875825
   1845.7615139    3444.0055694    3981.1758105
   1859.2892821    3459.4726619    3959.1601857
   1872.6109280    3451.7589479    3982.2558247
   1857.2797736    3466.7886044    3974.4187034
   1855.3781947    3466.5972338    3958.6583974
   1854.3774419    3462.8243834    3961.4213223
   1856.6636831    3452.1682633    3957.6730504
   5398.6172841    4198.0302910    6851.5017170
   5387.0834194    4196.4466992    6869.8483550
   5396.8770381    4186.8605727    6859.9691960
   5386.9796283    4189.9551622    6870.8597177
   5383.9779611    4187.1532949    6832.6739511
   5374.1440486    4196.4563734    6845.2457950
   5393.3214781    4180.7964335    6844.5219057
   5394.9130471    4206.5540678    6858.1197320
   5400.1456485    4208.9910857    6862.5958955
   5378.9829397    4190.8916969    6858.4969607
   5384.0188710    4196.4646044    6836.4034411
   5379.8810602    4197.2339415    6829.8241389
   5377.0902150    4191.7679609    6835.0010592
   5388.7385500    4183.9496691    6849.2790580
   5385.5775115    4193.8380760    6846.5571166
   5389.0642041    4185.9335760    6857.7557391
   5405.1054312    4193.9138418    6853.8936965
   5376.5272603    4198.8788063    6844.6143307
   5380.0788681    4197.5195386    6854.0053914
   5399.2390945    4206.3739133    6846.7981883
   5389.4511099    4209.5492959    6861.8603965
   5395.2978305    4205.0072047    6846.1489743
   5394.5331741    4206.0376779    6868.4041268
   5380.1054919    4189.4284020    6856.0221557
   5385.2773666    4188.0269816    6859.0350172
   5384.6332402    4174.0660151    6855.8134771
   5383.9224121    4184.6298342    6836.5376225
   5398.3055647    4169.6740177    6835.2016679
   5385.4088794    4204.2346999    6865.2920630
   5376.6175137    4190.1688221    6837.0904402
   5398.2794107    4177.1795174    6850.7630465
   5398.4971778    4189.7210037    6866.8966074
   5379.4672578    4195.6370487    6860.7278258
   5386.7702227    4205.8082867    6857.6762998
   5371.7928441    4231.5311711    6858.6814404
   5389.2407730    4177.9570158    6853.0126822
   5383.5679117    4198.3886807    6855.9117069
   5406.6974349    4193.3676578    6857.3300588
   5391.8919085    4190.4602460    6850.3610020
   5399.1773421    4199.7454154    6845.9005879
   5377.0329790    4191.2710438    6863.8094038
   5387.8920462    4209.4094949    6844.4443011
   5389.5837454    4166.7821054    6846.2383252
   5385.0761268    4197.0545218    6869.3016224
   5388.5167759    4206.4843198    6858.8118147
   5398.0308618    4187.2835955    6866.0449174
   5377.4376972    4196.8967301    6842.6743830
   5382.9858845    4177.3311080    6847.0315249
   5391.6785090    4191.2574394    6838.7173546
   5402.8747386    4195.3173534    6862.2756583
   2052.3747665    8774.5256862     254.4254624
   2035.3682536    8793.4259224     263.3404712
   2052.6829342    8775.0502942     277.8070244
   2026.2832988    8792.8451156     273.4792450
   2053.3807553    8783.0729804     281.8565699
   2043.5031769    8788.6079293     258.7802051
   2033.7153904    8788.4291040     273.4841494
   2042.2349556    8779.3782410     278.8931831
   2038.5890598    8786.2774399     264.7180135
   2040.4499769    8791.0238806     284.5884563
   2033.5509537    8789.5607114     263.4841088
   2051.8527296    8762.1862433     262.7048251
   2039.4327745    8779.5095044     288.1120763
   2053.5624891    8796.9290430     285.9420110
   2041.6938618    8778.5110951     284.5656482
   2044.9262116    8779.6044272     260.5239047
   2043.4578961    8753.2643998     269.3147564
   2034.7235948    8788.1001074     269.0892084
   2041.2319818    8794.6454186     263.3852545
   2047.6890863    8762.2216944     274.7732232
   2048.6251548    8789.7730736     264.8891000
   2047.7190667    8784.3559059     273.6836156
   2046.0226601    8785.8097071     277.8547362
   2034.5623884    8769.2157488     298.9357348
   2063.7204202    8767.2574251     278.3781094
   2050.7968681    8788.6877363     275.2798863
   2035.2537779    8779.3501598     268.9646806
   2045.8662285    8778.4906509     272.5591757
   2054.7080221    8793.4799459     262.0649003
   2039.9231963    8773.2663644     286.1131541
   2043.9288183    8795.6642580     269.1001234
   2044.7824973    8767.6873994     286.9012873
   2040.8963764    8766.3227994     267.9513191
   2021.4734179    8780.8561922     275.0008094
   2047.4032790    8796.1554457     270.8661704
   2052.5970565    8784.2967508     271.9427156
   2023.7544771    8790.6493756     268.8361925
   2044.7020562    8768.4697561     276.7058873
   2045.6028055    8781.4685401     272.5280007
   2055.0146802    8790.8365725     281.1351005
   2077.7332849    8775.1721106     270.0807568
   2034.3744604    8785.5342259     267.0010580
   2017.5388799    8769.0409827     274.5984510
   2054.6203707    8765.6049483     267.7515107
   2043.1289793    8773.8889890     279.1875699
   2044.5625057    8784.3870231     266.6237827
   2059.8878606    8781.1706138     286.8114282
   2040.1325207    8787.0747586     267.0820941
   2035.0134048    8774.1308606     273.4172651
   2042.3351627    8796.5664340     262.3888897
   6693.7717185    4190.0499051    5592.9861210
   6685.8609931    4178.0207147    5589.2716115
   6683.2306613    4169.3523994    5586.7237349
   6711.9891270    4182.5929803    5587.8557522
   6715.0096098    4171.5852909    5578.3233162
   6695.3332834    4178.4744766    5567.3165936
   6711.4531775    4161.9822930    5583.3060435
   6709.7289208    4185.2274327    5567.4914748
   6696.6133197    4173.5386406    5580.9374211
   6713.2913328    4152.1841180    5590.5163009
   6708.9343035    4173.5388276    5597.9206518
   6692.3793592    4184.1341913    5579.8690804
   6711.9306070    4169.8059815    5595.0417157
   6712.4798011    4158.4074879    5585.3533725
   6703.7507786    4170.6692710    5579.3416568
   6723.1894807    4175.1389904    5602.4484444
   6698.9836152    4162.4300561    5588.2207622
   6699.0427357    4196.9494833    5589.3525129
   6716.2010931    4170.8056660    5583.6376714
   6704.3659876    4176.6051963    5595.3941529
   6703.4535616    4166.2395079    5576.2195187
   6703.9083082    4178.7776509    5591.4777552
   6704.4969263    4167.0466357    5588.3659371
   6710.3931506    4172.6798471    5588.0219693
   6703.1700585    4182.2030164    5582.5162818
   6706.5304580    4176.9923040    5594.1535100
   6719.6339494    4179.8025618    5592.8904168
   6689.9727309    4179.1120631    5609.8354606
   6696.3749919    4162.8528252    5584.7517460
   6714.8875830    4178.2955286    5582.1270424
   6704.3152000    4183.4184135    5593.6244819
   6728.9638715    4183.1048905    5590.4339566
   6710.8223645    4169.5581818    5577.1205544
   6706.3946731    4177.9536341    5572.9454542
   6699.4515371    4169.3554647    5589.5547085
   6702.0704412    4177.4989908    5587.8794069
   6715.2783769    4155.9363471    5603.4695308
   6718.8518419    4173.5511945    5593.4015166
   6710.7405858    4165.6751274    5588.5449351
   6712.4568436    4176.1461913    5597.4114921
   6705.6250629    4173.8555336    5579.2202470
   6701.0297213    4168.4508469    5603.9531196
   6707.0801573    4163.0537587    5590.8842683
   6702.7550648    4142.5103799    5591.6968082
   6689.1481140    4178.8326679    5577.2856485
   6690.0918572    4177.9914402    5571.9563468
   6700.2081097    4175.0917976    5593.0206097
   6712.1239471    4172.6852108    5578.5743310
   6723.9132560    4166.9882105    5604.9341743
   6700.1498521    4184.6608806    5597.5979398
