     41.7022005      72.0324493
      0.0114375      30.2332573
     14.6755891       9.2338595
     18.6260211      34.5560727
     39.6767474      53.8816734
     41.9194514      68.5219500
     20.4452250      87.8117436
      2.7387593      67.0467510
     41.7304802      55.8689828
     14.0386939      19.8101489
     80.0744569      96.8261576
     31.3424178      69.2322616
     87.6389152      89.4606664
      8.5044211       3.9054783
     16.9830420      87.8142503
      9.8346834      42.1107625
     95.7889530      53.3165285
     69.1877114      31.5515631
     68.6500928      83.4625672
      1.8288277      75.0144315
     98.8861089      74.8165654
     28.0443992      78.9279328
     10.3226007      44.7893526
     90.8595503      29.3614148
     28.7775339      13.0028572
      1.9366958      67.8835533
     21.1628116      26.5546659
     49.1573159       5.3362545
     57.4117605      14.6728575
     58.9305537      69.9758360
     10.2334429      41.4055988
     69.4400158      41.4179270
      4.9953459      53.5896406
     66.3794645      51.4889112
     94.4594756      58.6555041
     90.3401915      13.7474704
     13.9276347      80.7391289
     39.7676837      16.5354197
     92.7508580      34.7765860
     75.0812103      72.5997985
     88.3306091      62.3672207
     75.0942434      34.8898342
     26.9927892      89.5886218
     42.8091190      96.4840047
     66.3441498      62.1695720
     11.4745973      94.9489259
     44.9912133      57.8389614
     40.8136803      23.7026980
     90.3379521      57.3679487
      0.2870327      61.7144914
