   4163.3483200    7194.7928780      -5.5687131    3023.1990803    1456.3858047     925.7301047    1879.2001355    3463.0277120    3965.7563868    5379.2910504
   4162.7484641    7220.1694804       1.6518257    3016.9557699    1469.4680630     944.3884991    1863.8037033    3461.7793015    3970.6764455    5384.6448416
   4158.7948650    7199.7515072      -0.9451942    3029.1919582    1475.9487423     932.6969685    1865.4579870    3464.4586821    3960.1307629    5400.6960216
   4175.3493452    7200.2640061       6.0289296    3022.5700092    1478.8752020     938.5841159    1884.4578678    3441.6423071    3953.2336043    5383.1226814
   4171.8204177    7212.0066236       4.3000976    3003.1037142    1464.4968680     931.6656941    1864.9030611    3463.2273822    3965.4514609    5386.1597593
   4172.0856609    7207.3454509       3.1267454    3024.5158128    1460.8522853     927.1615856    1863.8203265    3466.9021095    3979.6639211    5390.0189042
   4166.4671975    7196.8576303       5.3786917    3024.0991270    1464.1203714     923.8219163    1856.4021053    3462.5875908    3963.2034567    5400.4124171
   4174.2549634    7209.1807197      -9.8053703    3025.0195506    1474.9644727     913.8489417    1859.9399287    3455.9334159    3953.9435691    5391.3189340
   4178.6816535    7194.6497750       4.6492080    3010.2028922    1467.1719531     907.2282241    1873.8162909    3459.6962758    3967.4285727    5380.4157238
   4182.9576063    7222.9159519     -17.4360705    3035.6873666    1483.8354157     926.7660647    1850.6094335    3464.2407236    3965.8655393    5382.1281338
   4157.9194657    7208.7503094       9.0718168    3017.0904190    1472.7646715     911.9425338    1870.6207241    3456.0729434    3965.8090446    5387.1498813
   4178.9089086    7210.7490508       6.4384014    3024.7027384    1468.3371195     929.5697503    1864.9270594    3462.4327845    3964.5735746    5363.8189624
   4180.6082930    7225.1147309       5.5573926    3022.3241740    1466.1944607     922.1954058    1862.7762079    3444.3870831    3962.5037977    5378.1970718
   4172.7080386    7200.2785229       6.0958614    3021.5786947    1477.4222600     925.5212867    1884.5091111    3436.6436612    3961.2055754    5397.1822090
   4195.5033041    7200.7585866       1.5804381    3021.0625839    1480.8734793     920.5128691    1869.4028122    3452.4092544    3954.9491548    5391.3028172
   4175.2518952    7216.1771932       0.0392779    3017.1521057    1473.1865191     925.7933186    1865.4087645    3454.8761434    3979.2781280    5391.8622672
   4189.2666341    7214.3555014       7.7342461    3007.0513429    1473.5821010     927.5887697    1870.7116305    3466.0516914    3963.6659604    5396.4073962
   4164.5969927    7222.7937152     -12.1757685    3005.7188407    1451.0516955     914.4803918    1851.4109598    3475.1680595    3964.4097473    5374.7405821
   4181.3638768    7197.3796950     -11.2247856    3032.0841156    1473.7925299     919.0363809    1876.6775138    3456.8982862    3983.8442383    5393.1947489
   4185.8081024    7204.3389614     -11.0536958    3047.8194128    1462.1011665     921.3975691    1855.5981287    3453.5733259    3970.1014367    5390.1856418
   4176.8302499    7221.1665165      -0.0608975    3010.9945190    1455.7357269     916.7284025    1845.8601557    3463.8575687    3962.6926067    5385.0574903
   4170.2011322    7189.2787302      -7.4694154    3030.0728416    1473.7442995     918.9542284    1880.7074629    3442.5500012    3964.2248702    5385.8589426
   4142.2891970    7222.6202226       4.8070683    3012.8798325    1488.0706426     929.2425677    1866.8973752    3449.5372864    3968.7369695    5372.9105369
   4178.1703080    7199.5005512       2.4842301    3035.3462749    1470.4063893     926.0106221    1865.3671068    3448.2745544    3976.0347895    5403.6009311
   4177.8081036    7212.0940226      -7.6290670    3014.6478541    1453.1501479     935.7084784    1860.0603151    3469.6057099    3959.8556255    5383.7922502
   4171.1742979    7212.4594351       1.7512501    3025.4369739    1467.7241838     925.1578249    1851.4374136    3456.4165414    3965.8089524    5387.5990952
   4175.1434126    7196.4381530       0.2986679    3020.3521075    1471.7319282     931.2336542    1853.0478612    3461.4663747    3988.3325755    5373.4557708
   4161.9183281    7194.4391584      -1.6472290    3039.5542172    1467.6924349     916.4390117    1868.8201488    3449.6092251    3978.9088639    5391.2200104
   4184.1078410    7196.6314920      31.4523193    3031.5715726    1474.1047097     922.8740632    1855.3461426    3446.9295837    3966.3149690    5380.1946422
   4173.0468041    7194.9839601       7.3545752    3032.8869434    1460.5005031     935.3128084    1860.2226944    3467.1601493    3972.0564058    5399.3906233
   4181.9749461    6851.1270641    2059.0367899    8774.9939954     253.5039197    6685.2492100    4147.9836171    5565.7566452    1399.7529943    1993.8001717
   4187.5228512    6855.4302775    2043.4225824    8781.2598534     272.1939436    6702.9332983    4177.6596647    5575.1384577    1413.9706577    1990.2150702
   4189.9945706    6860.2489382    2037.5090531    8775.8021337     275.4385705    6702.7728915    4168.5606433    5580.1738041    1398.2944387    1990.4065783
   4172.5119100    6855.7199476    2042.1581278    8788.4524989     279.0266681    6676.8497571    4178.8944898    5590.1410269    1404.0880143    1976.3281527
   4200.4779563    6848.0647109    2062.8696736    8786.8181925     295.2542127    6696.8197618    4155.4887673    5594.0461804    1412.3964266    1981.3684918
   4176.5572116    6847.7160521    2050.7023527    8779.3326007     272.7160801    6702.9205121    4163.7088771    5581.5680812    1389.6038317    1998.6944903
   4187.1914153    6856.9711058    2034.3036379    8789.1196463     255.1443222    6713.8812530    4172.6943444    5608.0043350    1390.8040452    1981.7786957
   4195.6174622    6864.5239959    2040.2939277    8782.0390080     252.4512647    6696.3734131    4177.5641832    5597.9400277    1401.0520233    2001.5784461
   4209.5476363    6851.5884790    2020.3874673    8763.3987002     266.0973437    6715.8335129    4176.1507465    5565.9558063    1401.5817277    1997.1485046
   4188.1970972    6844.6953078    2065.0687383    8781.7084593     269.0843610    6708.1767734    4173.2196709    5582.6068617    1415.9539492    1992.1719089
   4200.3537596    6851.1661318    2055.9915011    8780.6773381     278.5423647    6715.0119705    4181.1364673    5604.7958313    1408.3822261    1964.1742910
   4180.3434430    6865.6960722    2041.2096656    8785.0397554     265.3613754    6714.6839160    4169.1997012    5601.4793668    1398.5470457    1992.1962248
   4198.6891051    6844.9710849    2055.5124606    8772.1580190     265.6512601    6711.8922147    4166.7946037    5580.9598538    1400.4303789    1971.0131990
   4202.3950881    6858.2801510    2043.8292103    8780.0904432     278.3774871    6722.3284528    4181.7577217    5581.8137131    1411.6435780    1979.8271791
   4189.9551622    6870.8597177    2040.3331183    8776.3825148     254.3548791    6690.6518103    4177.5592531    5579.9490754    1409.0235240    1969.8661803
   4184.2720458    6858.9407110    2059.1314211    8787.0990919     285.8542404    6721.7210435    4183.4489152    5577.7138841    1402.8159388    1987.3168476
   4187.7966750    6856.7144643    2028.7309345    8772.8880841     279.1647294    6682.3042367    4161.9708986    5586.7211013    1386.6754412    1981.5861008
   4183.9496691    6849.2790580    2041.9326688    8783.0672959     268.2380446    6705.5719659    4167.0364557    5592.4590196    1420.8074771    1982.9835886
   4193.6438366    6840.5549243    2051.4561596    8773.5936906     265.7874600    6710.2494963    4174.8584111    5597.9700390    1418.2981552    1975.6180752
   4193.2289139    6869.7991558    2054.1878898    8788.3048544     286.9379926    6698.6290721    4179.4138578    5600.9908184    1420.0785088    1972.9530427
   4189.4284020    6856.0221557    2041.6325239    8777.2562015     280.7159453    6701.1410020    4155.1688948    5590.5167576    1399.6244580    1973.6995810
   4176.2877625    6862.3332286    2022.2513710    8764.1810279     271.1174714    6716.9646576    4186.1450827    5575.3484581    1402.0930640    1965.9103271
   4202.0572147    6837.4293774    2043.0905399    8791.5042017     271.6517917    6719.3767052    4164.3479414    5590.5901892    1412.4022078    1979.6177735
   4205.8082867    6857.6762998    2028.1480014    8820.7603909     280.3623684    6705.7485347    4159.0598955    5587.7159626    1399.2699576    1987.4584275
   4195.6618469    6870.7250988    2045.9450110    8786.3094187     277.6005005    6703.1902038    4171.2140217    5597.9082865    1411.6696573    1974.7204748
   4180.8107830    6851.5209037    2056.1368971    8780.8990700     291.3402829    6696.9243989    4174.4644290    5561.7352458    1397.9127071    1977.9236777
   4197.0545218    6869.3016224    2044.8719332    8795.7135397     280.4927427    6714.5386236    4168.3864751    5600.7481979    1393.1397432    1985.9664770
   4182.4245230    6847.0135484    2029.9084613    8776.0108848     277.3871009    6703.9873972    4159.5703743    5601.6056830    1407.2415953    1991.0955452
   4199.7974132    6845.5463263    2025.0720277    8772.0201202     286.1274905    6694.1396410    4181.2084605    5580.7742147    1407.8004784    1962.7756923
   4203.6158957    6851.7983170    2053.3807553    8783.0729804     281.8565699    6703.6557814    4180.4815891    5571.8025576    1393.0622790    1988.2696309
   8007.0539042    9680.3282155    3132.4456586    6928.2434078    8757.9580854    8951.1697110     841.2841952     386.4753119    1708.1537124    8792.1375586
   7996.4741432    9691.0021047    3123.8499584    6930.5563890    8744.9034024    8934.8955281     845.3523909     388.8829728    1712.5403399    8790.4650260
   8023.2003658    9694.6818362    3131.4131461    6920.5628878    8774.5812392    8946.4703493     848.8721770     377.1958051    1697.2395944    8753.5150702
   8002.8845112    9672.8168547    3141.1675251    6918.4394331    8760.6010075    8959.5376897     839.9514362     393.7144213    1679.3515262    8782.3223255
   8011.5483442    9691.2144669    3125.2549497    6926.4227261    8767.0730650    8945.8743187     851.9422765     395.1831755    1702.2829999    8771.4649254
   7995.4870717    9707.6755600    3153.4397045    6909.3092179    8768.3937004    8952.3410059     857.9554860     391.9517867    1689.0354763    8779.6008302
   8002.5344354    9683.9594884    3131.5580686    6921.9094004    8774.0770477    8958.3722170     838.6310820     385.9485313    1690.3961961    8793.6622564
   8006.8520077    9697.1056512    3129.4659730    6923.4861566    8750.4045585    8959.0919904     846.8159928     375.6962678    1692.3795828    8758.3759549
   8007.1275150    9683.7406346    3137.1225633    6938.2072385    8760.8817614    8954.1411942     853.5645006     388.6146159    1677.5361754    8790.9000460
   8002.4059473    9682.7953161    3121.5371738    6926.0561120    8764.9718311    8946.3608112     849.0941824     401.0400152    1707.9664043    8788.6842028
   8040.6564743    9676.6135039    3130.4466064    6913.0781198    8768.2513849    8939.1917611     823.4584963     378.4144511    1699.0267146    8791.5229076
   7991.8762712    9676.4913359    3132.8482635    6915.9407818    8769.2031609    8946.1066435     853.6547728     383.2956831    1713.6695589    8781.4212842
   8020.3811830    9678.2257806    3140.1421762    6916.4323189    8754.3824304    8939.0231317     849.9834468     388.3604977    1713.6962657    8769.9379920
   7996.5423034    9699.6176387    3140.3296182    6904.4120480    8768.8642139    8948.4399620     828.9976732     386.8522081    1698.1296461    8788.7390595
   8016.9906434    9683.5732249    3144.5762896    6921.7634239    8755.3165547    8936.7248166     855.8685666     370.9661415    1705.0822714    8770.3593036
   8003.8534458    9687.6695762    3146.4211906    6903.8193470    8755.8297408    8946.5572520     844.4812504     399.1640633    1677.4402900    8785.0430507
   8011.7048885    9683.1065612    3145.2641489    6910.9304142    8774.9776905    8939.0374310     857.6976189     387.3057901    1706.4476269    8789.2297336
   7992.8051510    9681.0708453    3133.3174584    6920.8474040    8756.3348953    8964.5810140     852.5330805     406.0979923    1692.6127091    8770.8070667
   8008.7681645    9676.9833912    3158.1432412    6925.6803852    8775.4175143    8943.8242773     847.1815006     390.2387182    1701.8613683    8789.9209027
   8006.2241466    9675.8072415    3123.5630158    6922.4593631    8769.6211502    8950.6461058     850.2639382     384.5464443    1699.7718483    8787.1430831
   8007.0775102    9683.7394421    3132.7367383    6932.3811494    8759.5095203    8947.9219912     854.3863940     397.8030579    1713.2630433    8788.1795724
   8013.4378191    9667.9133863    3140.3058210    6946.1633328    8755.5914131    8935.8714365     848.2955753     400.7603136    1703.5517006    8776.6537922
   8007.0857849    9692.9861470    3140.9679791    6947.5149264    8773.9483898    8949.6023072     856.5893765     387.0579904    1688.5264656    8783.1446056
   8012.3512972    9668.6629269    3129.0182169    6919.5335977    8766.5479470    8943.4619744     854.8930808     391.5289548    1708.9074707    8764.3133577
   8024.0169331    9696.7924973    3134.7449525    6929.7293888    8769.9570070    8938.6937388     852.0887644     398.3295741    1701.4023632    8791.9382420
   8008.3956479    9683.4232671    3126.5637441    6919.5807762    8759.2943462    8963.1214702     852.8471692     380.5535673    1702.2901795    8779.5049973
   7976.9080430    9687.4142809    3118.7147938    6929.0108009    8754.2788870    8931.4833904     855.3855302     375.6058947    1693.8372036    8783.4688082
   8013.5680120    9690.0646026    3133.8789687    6914.9022032    8783.1296772    8940.0068218     868.4780035     386.0225826    1709.9170526    8792.1246897
   7996.9903443    9686.1686023    3141.7957019    6930.2359779    8761.9021485    8949.0862355     846.4952169     378.8296985    1708.1443180    8775.8282201
   8021.2432687    9688.6402662    3125.3153149    6921.6141735    8761.0276738    8937.3577585     855.4564096     385.7616916    1714.6211108    8790.0339467
    974.6664477    4210.8862448    9576.6276996    5316.0077712    6928.0836963    3164.6543982    6874.2642890    8341.6868404     193.5726332    7499.3456201
    992.8198161    4229.2015282    9580.2964003    5317.4613620    6915.6021275    3161.5661687    6877.2080206    8334.9187986     180.9772905    7503.7765407
    987.8183216    4220.1804861    9569.4109049    5327.4180668    6928.8508043    3159.0796592    6869.4930833    8357.5099540     183.9233073    7506.7231837
    980.3226997    4197.6261498    9565.9427227    5332.3960553    6916.7755323    3148.6102784    6868.1894198    8337.3540035     183.9961461    7501.2479239
    975.0684492    4188.0941912    9593.4605754    5334.8192221    6892.1298801    3150.8920239    6868.9471541    8343.9753121     188.6860746    7491.7104736
    985.2200156    4210.5414131    9577.0646816    5329.4425607    6920.7687351    3164.4835242    6859.7080788    8342.1843187     184.4884234    7500.2416497
    987.3243613    4218.2591574    9591.8071905    5330.4884082    6895.9981595    3154.4600647    6868.5479811    8344.3871688     181.3504118    7477.1180643
    988.5481817    4207.8359268    9563.7845354    5322.9386291    6910.1228401    3161.2438009    6870.6256578    8361.4042228     189.3620216    7487.9266556
    969.3762456    4222.3835036    9594.5621635    5329.2753687    6924.3591694    3140.1073972    6845.5700592    8334.5164822     179.3108982    7496.2293856
    981.1671977    4206.1661057    9585.6883130    5345.9283192    6919.1331141    3175.4562849    6858.6652297    8341.0056850     186.7601201    7497.8951618
    995.2388609    4204.6651719    9592.1222414    5333.5945999    6944.4256673    3150.5151610    6862.9823377    8347.7132371     161.0724938    7507.4658007
    988.2767995    4212.1694337    9563.4513437    5316.1872393    6924.6373247    3166.9080969    6880.9539231    8337.3023037     172.5747932    7498.7237615
    963.7110369    4205.1869383    9587.4131979    5347.9988747    6921.5626940    3171.5618465    6869.1180062    8348.1703581     181.1683616    7503.3125199
    980.9198089    4209.6671425    9572.2763832    5334.2431687    6918.9156237    3140.3605097    6862.6022718    8337.7000050     162.4007689    7506.2819859
    999.0552209    4234.7735519    9594.5194968    5322.9448342    6930.5235894    3166.3553001    6845.1309815    8354.8696041     189.1545438    7503.0712320
    986.3545055    4211.6593239    9595.2146600    5327.6349614    6916.7717456    3155.2301999    6867.7659176    8328.6242210     196.7625115    7503.7051470
    989.1595843    4213.0494100    9577.0308888    5328.1004346    6919.7322809    3156.6768335    6876.5618944    8349.7172964     181.5478867    7521.3088006
    970.6740768    4197.6741583    9582.4413220    5329.5291169    6901.0251796    3152.0340134    6857.9027191    8357.5680050     176.6702557    7511.9492959
    988.0661553    4209.0129409    9579.1070198    5335.9394371    6895.6907544    3158.4269941    6861.2180807    8364.2359126     175.9700839    7512.8687886
    958.3190921    4219.2225002    9581.6563290    5329.1826848    6917.5622464    3152.5507042    6869.2393089    8344.9142333     165.0053964    7499.5850409
   1005.8155557    4211.5447121    9581.8031810    5327.2723047    6920.5116842    3156.9357656    6862.3972576    8354.8893530     173.6519939    7500.1411974
    988.5188759    4208.4062083    9566.6565050    5337.2354919    6908.9495299    3150.6832284    6856.7278009    8345.1494348     178.5889137    7496.6972508
    990.2781276    4228.7023391    9575.3201594    5336.8794015    6915.2170046    3156.1457325    6876.2867903    8346.7596514     174.7272999    7494.1438833
    977.3008741    4210.9432078    9587.4754160    5318.0648813    6908.3982478    3145.9108979    6847.5152226    8359.5159458     182.5189870    7520.4509426
    969.2250016    4224.0180732    9571.8788162    5327.5791529    6908.8814949    3145.6576715    6851.7718227    8348.4200485     169.7407631    7499.0251308
    983.3763229    4217.7423569    9579.8992187    5334.8661081    6923.9152551    3154.9838014    6868.6427560    8336.4595171     175.1280691    7520.4182575
    983.3509962    4203.9712433    9592.6941005    5330.0844236    6912.3062292    3140.6663946    6872.8041955    8335.3937099     177.4924476    7507.8841493
    985.3046741    4210.2119813    9576.7554237    5343.1121233    6941.0738810    3149.6687018    6870.6983177    8365.5447220     193.6733440    7494.5748332
    979.1615321    4205.0965646    9569.7608674    5325.4137982    6921.3898943    3149.2860200    6873.7712754    8347.4892736     178.9115166    7510.3040487
    986.6580566    4213.7249263    9589.2956861    5337.3855042    6917.6821548    3164.5318585    6868.1024548    8375.4298066     193.8696585    7512.9752757
   9901.5208228    7482.4549399    2817.5688748    7893.0268548    1023.9483317    4473.2953972    9091.2345365    2920.5302848    2879.8369151    1293.0022203
   9895.7930529    7474.1948067    2823.1629533    7900.4714658    1019.5714762    4496.5228553    9083.6825058    2928.8667226    2867.5153927    1305.9633686
   9903.6561077    7475.8722741    2794.4637122    7881.3962836    1047.2241189    4495.6425540    9082.4703195    2941.5185346    2877.7243314    1299.6794182
   9898.2511154    7486.0661038    2807.7348203    7889.8674952    1040.4160694    4476.1152027    9086.4542558    2938.3362587    2865.7418293    1297.2947715
   9885.4848589    7482.6685747    2793.3217397    7880.9277675    1048.4946868    4490.4996978    9094.8454245    2954.3896716    2881.9493382    1299.3749338
   9893.4326465    7462.8636739    2793.4590892    7900.3796551    1032.5862206    4466.1588984    9092.5403996    2946.1305002    2884.4321815    1299.9827534
   9880.2503943    7482.7324932    2808.7091639    7889.2073965    1038.2904249    4482.0795811    9089.2861764    2915.8160858    2888.5643158    1317.5296384
   9884.5862128    7466.8875540    2810.8292138    7888.1366872    1022.5899421    4491.1124243    9072.1212374    2943.3157700    2865.2760447    1314.9084010
   9893.7764137    7479.0825938    2805.9336202    7898.6141584    1040.5590096    4487.2131760    9091.4223336    2931.3676671    2884.3941813    1287.1724774
   9898.6518201    7490.3866022    2818.3807311    7886.9054884    1034.1221828    4487.5181218    9089.1336097    2931.8748109    2880.8266965    1300.9660415
   9898.5679285    7475.3719183    2807.8347987    7895.7225958    1039.8333470    4478.2063393    9087.2281773    2935.4319870    2878.0940445    1300.3693128
   9885.3434436    7509.9295417    2796.0008058    7881.0591855    1024.3037996    4471.8347363    9086.0693966    2950.4508117    2894.6372237    1302.6589648
   9863.6287619    7485.5001373    2791.3333750    7887.7862688    1020.7628379    4483.1914876    9079.6889565    2943.8626805    2882.5264098    1297.8850255
   9889.4164928    7490.8307415    2800.7186015    7901.9494734    1032.0669057    4481.6292363    9093.9474396    2949.4568090    2882.9615079    1300.8694400
   9895.8177484    7466.2020674    2820.8295367    7879.5383719    1041.2971601    4473.2936225    9091.0275468    2934.9758095    2880.7892835    1292.2778508
   9867.0046090    7485.7231003    2798.4348773    7886.3069268    1025.0068344    4498.7793742    9080.1331065    2939.4096135    2866.1489539    1315.5166883
   9883.0482094    7455.6501257    2831.5594194    7881.8117982    1045.3493891    4486.2659874    9092.4768273    2933.8266354    2879.6453734    1312.5250813
   9885.6015819    7484.1696401    2813.7228228    7893.6271729    1028.0102338    4493.4520508    9089.3719169    2934.8897571    2869.9944376    1290.2297490
   9897.5487301    7491.1492247    2782.7328101    7886.6383681    1041.9089471    4503.1783280    9107.4585690    2945.5601455    2891.4867104    1295.0115266
   9896.3562343    7469.2848968    2798.8211572    7896.0029953    1053.9394365    4486.4148951    9088.6933018    2934.4406481    2864.5289562    1306.3143512
   9885.1199521    7484.0469909    2795.5466115    7894.0058341    1016.8897771    4483.9743240    9099.1522901    2945.2809919    2898.8916235    1303.5312563
   9893.6645235    7486.8051922    2795.6426226    7914.3256192    1042.1458466    4476.5069975    9076.9267135    2941.9565766    2886.3288614    1301.6645699
   9890.4716342    7479.7753755    2804.4124467    7906.1446978    1046.2662446    4463.9334929    9087.3438197    2924.1004702    2864.3964313    1306.1452490
   9880.1951957    7450.1229693    2810.8914472    7905.6147028    1052.6478372    4474.9723288    9100.4094840    2909.9313674    2867.3193898    1305.4754149
   9893.3262317    7494.8607229    2814.0068155    7891.9775843    1047.5525444    4485.8000882    9103.1259183    2928.0987138    2880.7559226    1295.9897644
   9896.6700221    7479.4610221    2801.9213987    7879.5283880    1035.3421071    4490.0901555    9096.0369870    2905.9811639    2861.5569289    1320.3371264
   9886.7346256    7480.1671315    2816.0932751    7894.7597375    1025.9341644    4476.8367923    9104.9266378    2922.3275722    2890.7656342    1297.1618000
   9885.8986019    7500.2856747    2798.0111847    7901.1438682    1028.6295313    4464.6145915    9084.2948322    2947.8307475    2875.8944641    1305.7799395
   9890.4964222    7482.1248574    2800.2649424    7894.1111075    1011.9311313    4474.4520452    9067.9155947    2938.8384722    2881.2999907    1292.3250687
   9896.6239651    7485.6148493    2807.3756415    7889.1792459    1036.9879958    4489.4773321    9079.3505990    2927.9730395    2889.6434934    1277.1014364
