   4171.4382597    7214.5397735      13.1329270    3025.1772905    1463.8060587     916.9986436    1866.8370573    3456.3806711    3964.2362056    5388.6033086
   4164.0200386    7210.2252548      -3.3275375    3035.5708034    1471.5938246     929.3217329    1851.6529953    3457.3010948    3975.0803068    5378.6303340
   4167.5578620    7203.5710799     -12.5874250    3026.4773202    1476.0205146     914.7907883    1866.1075736    3442.4844363    3967.2877872    5372.0096165
   4181.4342241    7207.3339398       0.8975786    3015.5741101    1480.2964675     943.0569652    1844.0222951    3467.9689107    3983.9512498    5391.5474570
   4158.2273667    7211.8783876      -0.6654548    3017.2865200    1455.2583268     928.8913226    1870.5301824    3449.3719631    3972.8805057    5376.7239261
   4178.2386573    7203.7106074      -0.7219495    3022.3082676    1476.2477697     930.8900641    1867.8967670    3456.9842825    3968.4529536    5394.3511427
   4172.5449926    7210.0704485      -1.9574196    2998.9773487    1477.9471542     945.2557442    1867.0157582    3454.6057181    3966.3102949    5386.9767982
   4170.3941411    7192.0247471      -4.0271964    3013.3554580    1470.0468998     920.4195362    1867.5542270    3453.8602388    3977.5380942    5390.3026790
   4192.1270443    7184.2813252      -5.3254187    3032.3405952    1492.8421652     920.8995999    1863.0388037    3453.3441280    3980.9893134    5385.2942614
   4177.0207454    7200.0469184     -11.5818394    3026.4612035    1472.5907563     936.3182065    1861.4976435    3449.4336498    3973.3023533    5390.5747110
   4173.0266978    7202.5138074      12.7471339    3027.0206535    1486.6054953     934.4965147    1869.1926117    3439.3328870    3973.6979351    5392.3701621
   4178.3295638    7213.6893554      -2.8650337    3031.5657825    1461.9358539     942.9347284    1849.2825971    3438.0003848    3951.1675296    5379.2617842
   4159.0288930    7222.8057235      -2.1212468    3009.8989684    1478.7027379     917.5207083    1850.2335800    3464.3656597    3973.9083641    5383.8177732
   4184.2954470    7204.5359502      17.3132442    3028.3531351    1483.1469636     924.4799747    1850.4046698    3480.1009569    3962.2170006    5386.1789614
   4163.2160620    7201.2109899       3.5704426    3025.3440281    1474.1691110     941.3075298    1861.3974681    3443.2760631    3955.8515610    5381.5097949
   4153.4780889    7211.4952327      -3.8383875    3020.2158765    1467.5399933     909.4197434    1853.9889502    3462.3543857    3973.8601336    5383.7356207
   4188.3253962    7190.1876652      -2.3061239    3021.0173289    1439.6280582     942.7612358    1866.2654339    3445.1613766    3988.1864767    5394.0239600
   4174.5153084    7197.1749504       2.2059754    3008.0689232    1475.5091691     919.6415645    1863.9425957    3467.6278191    3970.5222234    5390.7920145
   4172.9850401    7195.9122184       9.5037954    3038.7593174    1475.1469648     932.2350358    1853.8292986    3446.9293982    3953.2659821    5400.4898707
   4167.6782483    7217.2433738      -6.6753687    3018.9506365    1468.5131590     932.6004484    1863.2096157    3457.7185180    3967.8400180    5389.9392172
   4159.0553468    7204.0542054      -0.7220418    3022.7574815    1472.4822737     916.5791663    1861.7570335    3452.6336516    3971.8477624    5396.0150465
   4160.6657944    7209.1040387      21.8015814    3008.6141571    1459.2571892     914.5801717    1859.8111366    3471.8357613    3967.8082691    5381.2204041
   4176.4380821    7197.2468891      12.3778698    3026.3783967    1481.4467021     916.7725053    1892.9106849    3463.8531167    3974.2205438    5387.6554556
   4162.9640758    7194.5672476      -0.2160251    3015.3530285    1470.3856653     915.1249734    1868.8129408    3465.1684875    3960.6163372    5400.0942007
   4167.8406277    7214.7978133       5.5254116    3034.5490095    1457.5887102     922.3180078    1877.1164064    3449.4269020    3947.3027300    5368.7414482
   4145.1556405    7182.1032952      -2.9726435    3036.1110071    1463.1366154     926.6212212    1861.5021989    3455.6927599    3965.9927539    5386.4255366
   4174.8316880    7191.4851077      11.2450199    3032.5259057    1465.6083348     931.4398819    1855.5886695    3450.2350402    3969.2373808    5386.2651298
   4165.7326667    7196.5204540      -4.4311990    3032.7174138    1448.1256741     926.9108913    1860.2377443    3462.8854054    3972.8254784    5360.3419954
   4176.0665131    7206.4876769       1.3623765    3018.6389882    1476.0917204     919.2556546    1880.9492900    3461.2510990    3989.0530230    5380.3120001
   4152.6607906    7210.3928304       9.6707888    3023.6793273    1452.1709757     918.9069958    1868.7819691    3453.7655072    3966.5148905    5386.4127503
   4160.8809005    7197.9147312     -13.1218060    3041.0053258    1462.8051794     928.1620495    1852.3832543    3463.5525528    3948.9431325    5397.3734912
   4169.8663678    7224.3509850     -11.9215926    3024.0895311    1471.2312263     935.7149396    1858.3735442    3456.4719145    3946.2500750    5379.8656514
   4174.7362065    7214.2866777      -1.6736145    3043.8892816    1485.1614004     922.7794228    1838.4670838    3437.8316067    3959.8961540    5399.3257511
   4173.3227699    7182.3024563      -1.1439101    3039.4593401    1463.8108613     915.8862515    1883.1483548    3456.1413658    3962.8831713    5391.6690116
   4170.3916943    7198.9535116      13.2283115    3034.4827443    1475.9675238     922.3570755    1874.0711175    3455.1102446    3972.3411750    5398.5042087
   4178.3084906    7221.1424813       5.6565883    3006.4851265    1455.9572071     936.8870159    1859.2892821    3459.4726619    3959.1601857    5398.1761543
   4166.3717245    7217.8260168      -4.1785920    3034.5070603    1474.3028692     916.1620286    1873.5920771    3446.5909255    3959.4500704    5395.3844530
   4163.9666270    7197.3065037      -2.2952589    3013.3240344    1478.0088523     929.4710947    1861.9088268    3454.5233498    3972.1762974    5405.8206910
   4178.9297451    7198.1603631       8.9179402    3022.1380146    1465.5689263     942.0506614    1858.4127348    3450.8154213    3948.1536894    5374.1440486
   4174.7312764    7196.2957254       6.2978862    3012.1770158    1459.8858099     930.1316548    1877.2110376    3461.5319984    3979.6530507    5405.2132817
   4180.6209386    7194.0605340       0.0903010    3029.6276830    1463.4104392     927.9054081    1846.8105509    3447.3209906    3972.9635398    5365.7964749
   4159.1429220    7203.0677512     -16.0501966    3023.8969363    1459.5634333     920.4700017    1860.0122852    3457.5002024    3962.0368550    5389.0642041
   4164.2084790    7208.8056695      18.0818393    3025.2944241    1469.2576007     911.7458680    1869.5357760    3448.0265971    3959.5862703    5393.7417346
   4172.0304345    7214.3166889      15.5725175    3017.9289107    1468.8426781     940.9900995    1872.2675063    3462.7377609    3980.7368030    5382.1213103
   4176.5858811    7217.3374683      17.3528710    3015.2638781    1465.0421661     927.2130994    1859.7121403    3451.6891080    3974.5147556    5384.6332402
   4152.3409181    7206.8634076      -3.1011797    3016.0104165    1451.9015267     933.5241724    1840.3309875    3438.6139344    3964.9162817    5400.4568959
   4183.3171061    7191.6951081      -0.6325738    3008.2211626    1477.6709788     908.6203211    1861.1701563    3465.9371082    3965.4506020    5402.8689435
   4161.5199648    7206.9368391       9.6765700    3021.9286090    1481.4220508     928.8672435    1846.2276178    3495.1932975    3974.1611787    5389.2407730
   4156.2319188    7204.0626126      -3.4556801    3029.7692630    1471.2756111     941.9160425    1864.0246275    3460.7423252    3971.3993108    5386.6824420
   4168.3860451    7214.2549364       8.9440195    3017.0313103    1456.4245471     922.7118474    1874.2165136    3455.3319766    3985.1390932    5380.4166372
   4193.3615494    6827.0319654    2038.5658185    8778.0831507     278.9853097    6721.7817202    4173.3974596    5601.4374603    1410.4861967    1990.8784127
   4187.2835955    6866.0449174    2033.7928545    8786.1259500     264.3553110    6699.4936463    4158.4339876    5581.7348054    1407.3805549    1980.3271862
   4178.4674946    6866.9024025    2047.8947067    8791.2550182     281.7282012    6698.0264241    4153.5975541    5577.7440408    1416.1209444    1970.4794301
   4200.1055809    6846.0709342    2048.4535898    8762.9351654     285.5466836    6704.2784148    4181.9062817    5588.7969010    1411.8500239    1979.9955705
   4199.3787095    6837.0992771    2033.7153904    8788.4291040     273.4841494    6702.3875601    4171.2519007    5591.9155356    1397.9359484    1986.1179668
   4182.7872255    6848.1224835    2054.3720140    8791.8868882     262.9043884    6713.0614493    4162.6562005    5594.2285168    1384.8812654    1969.8437839
   4186.8554213    6850.5301444    2058.7586416    8790.2143556     289.6306111    6716.7411808    4170.2193882    5584.2350156    1414.5591022    1981.4186052
   4190.3752073    6838.8429767    2043.4578961    8753.2643998     269.3147564    6694.8761993    4179.9737671    5582.1115609    1400.5788705    1994.4859455
   4181.4544666    6855.3615929    2025.5698278    8782.0716551     277.9785894    6713.2738115    4164.0611917    5590.0948539    1407.0509279    1980.8225745
   4193.4453068    6856.8303472    2048.5013016    8771.2142550     261.9173169    6729.7349046    4192.2459465    5572.9813457    1408.3715634    1987.2892617
   4199.4585164    6853.5989583    2035.2537779    8779.3501598     268.9646806    6706.0188329    4170.3643106    5585.5815282    1414.0549107    1993.3204728
   4180.1341123    6847.5957029    2036.6144978    8793.4115860     273.2822530    6719.1649958    4168.2722151    5587.1582844    1390.3824215    1994.0402462
   4188.3190232    6837.3434395    2038.5978845    8758.1252845     273.5577603    6705.7999792    4175.9288053    5601.8793663    1400.8596244    1989.0894500
   4195.0675309    6850.2617876    2023.7544771    8790.6493756     268.8361925    6704.8546607    4160.3434159    5589.7282398    1404.9496941    1981.3090670
   4190.5972127    6862.6871869    2054.1847059    8788.4335324     307.0867195    6698.6728485    4169.2528485    5576.7502475    1408.2292479    1974.1400169
   4164.9615266    6840.0616227    2045.2450163    8791.2722373     258.3065164    6698.5506805    4171.6545056    5579.6129096    1409.1810239    1981.0548993
   4195.1578032    6844.9428547    2059.8878606    8781.1706138     286.8114282    6700.2851251    4178.9484183    5580.1044466    1394.3602934    1973.9713875
   4191.4864772    6850.0076694    2059.9145674    8769.6873216     262.9725487    6721.6769833    4179.1358603    5568.0841758    1408.8420769    1983.3882178
   4170.5007036    6848.4993797    2044.3479478    8788.4883891     283.4208886    6705.6325695    4183.3825317    5585.4355517    1395.2944177    1971.6730724
   4197.3715970    6832.6133131    2051.3005730    8770.1086332     270.2836910    6709.7289208    4185.2274327    5567.4914748    1395.8076038    1981.5055078
   4185.9842807    6860.8112350    2023.6585917    8784.7923803     278.1351337    6705.1659058    4184.0703910    5574.6025419    1414.9555535    1973.9856868
   4199.2006492    6848.9529618    2052.6659286    8788.9790632     259.2353962    6703.1301898    4172.1237005    5584.5195318    1396.3127583    1999.5292698
   4194.0361108    6867.7451639    2038.8310108    8770.5563963     275.1984098    6699.0427357    4196.9494833    5589.3525129    1415.3953773    1978.7725331
   4188.6845310    6851.8858898    2048.0796699    8789.6702324     272.6543918    6697.8665860    4162.3692579    5586.1314908    1409.5990132    1985.5943616
   4191.7669685    6846.1936160    2045.9901499    8786.8924127     273.5077554    6705.7987867    4171.5429804    5596.0532771    1399.4873833    1982.8702471
   4195.8894243    6859.4502296    2059.4813450    8787.9289020     279.8680643    6689.9727309    4179.1120631    5609.8354606    1395.5692761    1970.8196924
   4189.7986056    6862.4074852    2049.7700022    8776.4031218     273.5160302    6715.0454916    4179.7742212    5611.1870542    1413.9262528    1984.5505630
   4198.0924068    6848.7051621    2034.7447673    8782.8939352     278.7815424    6690.7222715    4167.8244590    5583.2057254    1406.5258100    1978.4102303
   4196.3961111    6853.1761264    2055.1257724    8764.0626873     290.4471784    6718.8518419    4173.5511945    5593.4015166    1409.9348700    1973.6419946
   4193.5917947    6859.9767458    2047.6206649    8791.6875716     274.8258931    6705.4826117    4165.3699862    5583.2529040    1399.2722091    1998.0697260
   4194.3501996    6842.2007390    2048.5084812    8779.2543269     243.3382882    6709.4736255    4157.5210358    5592.6829287    1394.2567500    1966.4316462
   4196.8885605    6837.2530663    2040.0555053    8783.2181379     279.9982572    6712.1239471    4172.6852108    5578.5743310    1423.1075402    1974.9550776
   4209.9810338    6847.6697542    2056.1353542    8791.8740193     263.4205895    6708.2279469    4180.6019440    5593.9081057    1401.8800114    1984.0344913
   4187.9982472    6840.4768702    2054.3626197    8775.5775497     287.6735139    6710.6996108    4164.1215569    5585.2863013    1401.0055368    1972.3060144
   4196.9594399    6847.4088632    2060.8394125    8789.7832763     265.0740413    6704.4850966    4170.7804217    5571.2532059    1413.1819427    1990.5129790
   4201.2001562    6847.6251254    2055.2123570    8779.0768346     283.2274098    6722.8003799    4174.4491225    5572.7067967    1400.7003740    1987.4247495
   4204.1438878    6840.8570836    2042.6170143    8783.5077552     278.2259152    6713.7793378    4163.5636271    5582.6635015    1413.9490507    1984.9382400
   4196.4289505    6863.4482390    2045.5630312    8786.4543981     270.7302934    6691.2250016    4160.0954448    5587.6414900    1401.8737788    1974.4688592
   4195.1252870    6843.2922884    2045.6358700    8780.9791383     265.4760428    6681.6930430    4187.6132975    5590.0646568    1377.2281266    1976.7506047
   4195.8830213    6849.9135971    2050.3257984    8771.4416881     275.6276093    6704.1402649    4171.2174038    5584.6879954    1405.8669815    1990.3421050
   4186.6439460    6848.1226037    2046.1281472    8779.9728642     277.7319549    6711.8580091    4185.9599127    5585.7338430    1381.0964060    1980.3186455
   4195.4838483    6850.3254538    2042.9901357    8756.8492788     278.9557753    6701.4347785    4157.9372576    5578.1840638    1395.2210865    1987.1023817
   4197.5615250    6867.3425078    2051.0017454    8767.6578701     259.7838392    6715.9823553    4188.7148857    5584.5208035    1409.4574158    1965.9659780
   4172.5059264    6840.4547672    2040.9506221    8775.9606001     271.5747913    6699.7649575    4179.8410351    5601.1737540    1404.2313606    2001.3148657
   4185.6010969    6846.9439700    2048.3998439    8777.6263763     285.6464545    6698.2640236    4186.2749635    5588.8400346    1429.5239138    1976.3737418
   4189.9182050    6853.6515221    2022.7122176    8787.1970152     278.6843931    6705.7682854    4157.6040659    5571.4326741    1409.7355711    1992.7666777
   4207.8897904    6843.2405887    2034.2145170    8778.4549759     254.1186306    6698.7857900    4181.5659200    5603.2443095    1406.6609405    1997.4204273
   4196.0538734    6854.1086431    2042.8080854    8783.0437344     271.3274025    6703.2659943    4166.4291053    5589.4886035    1404.0138701    1966.2190905
   4189.5381390    6843.6382900    2024.0404927    8786.0132004     289.4628145    6728.3724037    4188.6722190    5578.1902689    1415.6218359    1992.2138809
   4172.0668487    6860.8078891    2050.7942677    8782.8024464     276.7620991    6705.2581756    4189.3673822    5582.8803961    1401.8699920    1981.0887807
   8010.2023275    9664.9832592    3148.1215197    6925.4881543    8769.5827689    8948.0397950     848.5777010     386.9954172    1699.2653371    8782.9455577
   8018.9983043    9686.0763347    3132.9068949    6943.0918078    8751.0972614    8932.6645433     853.9881342     388.4240995    1680.5582358    8778.3027377
   8000.3391290    9693.9270432    3128.0292639    6933.7323032    8768.4893400    8944.0033259     850.6538320     394.8344197    1675.2238105    8784.6957184
   8003.6544906    9700.5949509    3127.3290920    6934.6517959    8738.7422767    8954.2128852     853.2031412     388.0776674    1697.0953025    8778.8194284
   8011.6757189    9681.2732715    3116.3644045    6921.3680481    8786.2387403    8946.5350971     853.3499932     386.1672873    1700.0447403    8783.2044899
   8004.8336676    9691.2483912    3125.0110020    6921.9242046    8768.9420605    8943.3965932     838.2033172     396.1304745    1688.4825861    8776.9519527
   7999.1642109    9681.5084731    3129.9479219    6918.4802580    8770.7013122    8963.6927241     846.8669716     395.7743841    1694.7500607    8782.4144568
   8018.7232002    9683.1186896    3126.0863081    6915.9268906    8757.7240587    8945.9335928     859.0222282     376.9598639    1687.9313040    8772.1796222
   7989.9516325    9695.8749840    3133.8779952    6942.2339499    8749.6481862    8959.0084582     843.4256284     386.4741355    1688.4145511    8771.9263957
   7994.2082326    9684.7790868    3121.0997713    6920.8081380    8763.7995075    8952.7327419     851.4460309     393.7610907    1703.4483113    8781.2525256
   8011.0791659    9672.8185553    3126.4870772    6942.2012648    8763.7741808    8938.9616283     864.2409127     388.9794062    1691.8392854    8766.9351188
   8015.2406054    9671.7527481    3128.8514558    6929.6671566    8765.7278587    8945.2023663     848.3022359     402.0071059    1720.6069371    8775.9374260
   8013.1347277    9701.9037602    3145.0323521    6916.3578404    8759.5847167    8940.0869496     841.3076796     384.3087808    1700.9229504    8775.5547442
   8016.2076854    9683.8483118    3130.2705248    6932.0870559    8767.0812412    8948.7153113     860.8424982     396.2804868    1697.2152110    8790.8005827
   8010.5388648    9711.7888448    3145.2286666    6934.7582829    8776.8014567    8946.8650312     863.5710678     390.7814026    1689.9924616    8775.7851697
   8012.7251923    9667.0045583    3136.3253108    6915.9426558    8771.0736868    8938.6048979     869.1651463     398.2260136    1685.6156061    8799.0126278
   8005.1731617    9675.3409961    3124.0037884    6928.9038041    8778.9367416    8940.2823653     840.4659053     379.1508314    1713.2682488    8798.1323265
   8003.9609754    9687.9928081    3134.2127271    6922.6198537    8773.5317493    8950.4761950     853.7370134     387.6220430    1706.4601992    8778.6049753
   8007.9449116    9684.8105321    3122.2302250    6920.2352070    8760.7654928    8947.0786659     839.3239328     378.6823153    1714.5388167    8792.9894704
   8016.3360803    9700.8639451    3138.4377340    6922.3153693    8768.7132804    8927.2737651     839.4612822     398.1342030    1698.6303505    8768.6486709
   8014.0310555    9692.6047737    3140.9205772    6922.9231889    8755.5310282    8947.1425844     854.7113570     386.9619444    1704.3345547    8784.5693536
   8010.7768323    9662.2903593    3145.0527115    6940.4700739    8759.8668467    8931.2976452     856.8314069     385.8912350    1688.6340719    8793.6021969
   7993.6118932    9689.7900434    3121.7644404    6937.8488365    8769.0570476    8943.4926851     851.9358133     396.3687062    1706.6031394    8789.7029486
   8012.9129894    9677.8419406    3140.8825771    6910.1129129    8773.9324540    8954.7966934     864.3829241     384.6600363    1700.1663126    8790.0078943
   8010.6242655    9678.3490844    3137.3150923    6923.9064770    8773.8485624    8939.7820095     853.8369918     393.4771436    1705.8774769    8780.6961118
   8008.7188331    9681.9062604    3134.5824402    6923.3097483    8760.6240774    8974.3396330     842.0029988     378.8137333    1690.3479295    8774.3245088
   8007.5600525    9696.9250852    3151.1256194    6925.5994003    8738.9093958    8949.9102286     837.3355680     385.5408166    1686.8069678    8785.6812601
   8001.1796123    9690.3369540    3139.0148056    6920.8254610    8764.6971267    8955.2408327     846.7207945     399.7040212    1698.1110356    8784.1190088
   8015.4380955    9695.9310824    3139.4499036    6923.8098755    8771.0983823    8930.6121587     866.8317297     377.2929197    1707.3412900    8775.7833950
   8012.5182026    9681.4500830    3137.2776792    6915.2182863    8742.2852429    8950.1331915     844.4370703     384.0614747    1691.0509643    8801.2691468
   8001.6237624    9685.8838870    3122.6373497    6938.4571238    8758.3288433    8920.0602169     877.5616124     379.5663460    1711.3935190    8788.7557599
   8013.9674831    9680.3009089    3136.1337691    6935.4655168    8760.8822158    8948.5797314     859.7250158     391.3817207    1694.0543637    8795.9418234
   8010.8625727    9681.3640305    3126.4828334    6913.1701845    8772.8293640    8955.5593159     828.7350031     384.3929159    1707.9530770    8805.6681005
   8028.9492248    9692.0344189    3147.9751061    6917.9519621    8771.6368682    8933.6949880     844.8233502     393.7575432    1719.9835663    8788.9046676
   8010.1839577    9680.9149216    3121.0173519    6929.2547867    8760.4005860    8948.4570821     841.5488046     391.7603819    1682.9339070    8786.4640965
   8020.6429459    9691.7552653    3155.3800192    6926.4716919    8768.9451574    8951.2152834     841.6448157     412.0801670    1708.1899765    8778.9967701
   7998.4173693    9688.4308500    3142.8172571    6924.6050054    8765.7522681    8944.1854667     850.4146397     403.8992456    1712.3103745    8766.4232655
   8008.8344755    9670.5747437    3120.8848271    6929.0856846    8755.4758296    8914.5330605     856.8936402     403.3692506    1718.6919670    8777.4621014
   8021.9001398    9656.4056408    3123.8077855    6928.4158504    8768.6068656    8959.2708142     860.0090086     389.7321321    1713.5966743    8788.2898607
   8024.6165741    9674.5729873    3137.2443184    6918.9302000    8771.9506560    8943.8711134     847.9235917     377.2829359    1701.3862370    8792.5799280
   8017.5276429    9652.4554373    3118.0453247    6943.2775619    8762.0152595    8944.5772227     862.0954681     392.5142853    1691.9782942    8779.3265648
   8026.4172936    9668.8018457    3147.2540300    6920.1022355    8761.1792358    8964.6957659     844.0133777     398.8984160    1694.6736611    8767.1043640
   8005.7854881    9694.3050209    3132.3828598    6928.7203750    8765.7770561    8946.5349486     846.2671355     391.8656553    1677.9752611    8776.9418177
   7989.4062505    9685.3127457    3137.7883865    6915.2655042    8771.9045990    8950.0249405     853.3778346     386.9337937    1703.0321257    8791.9671047
   8000.8412548    9674.4473129    3146.1318892    6900.0418719    8737.7186220    8927.9193642     852.2595240     392.0715744    1703.2692460    8782.1848072
   8022.8194848    9698.3735917    3145.8318880    6911.6681540    8767.5273018    8937.4046082     845.4350100     380.3142103    1698.4113199    8786.8662751
   8008.2326073    9670.6820703    3118.9814297    6915.6053086    8756.1151394    8953.9093667     847.2493051     388.6611689    1696.7348450    8792.3935158
   8023.8068380    9686.8863426    3131.7587233    6937.2511720    8768.2739369    8941.8556662     860.5478508     392.6201318    1683.9638884    8787.6940974
   8010.4439388    9664.0493430    3112.7313500    6924.5891667    8770.7250855    8952.1524355     836.8323160     387.0777328    1704.9700948    8766.0675122
   8008.2985166    9684.7490499    3143.4793413    6898.6872374    8765.3413962    8966.2478536     844.2300403     387.3854391    1707.8441179    8773.7936083
    995.0378872    4216.4815817    9563.1545673    5332.6587839    6904.1813199    3164.6817882    6848.2025321    8328.1391818     171.5097293    7493.4124228
    996.6177462    4210.8936747    9581.8053469    5342.4018472    6911.7930405    3149.3730529    6856.5347514    8354.1057654     199.2155355    7504.0305744
    977.2355384    4205.8726398    9567.7721586    5338.9643034    6908.1418519    3152.6099794    6853.3196634    8327.2620880     157.4832194    7492.5435343
    985.6491233    4207.8980944    9576.6595526    5320.9390509    6909.4543239    3144.4792866    6867.1216134    8366.7332673     181.5190483    7487.7503454
    996.1945716    4201.0905859    9584.4706279    5327.2262956    6919.5819716    3189.4829444    6857.5340141    8340.3899146     186.6351280    7501.2236818
    979.4076293    4204.1921746    9584.8002402    5342.4266154    6909.2502988    3143.7919790    6883.3083392    8332.0051573     190.0361079    7505.8344232
    972.4386428    4218.6711860    9567.8631380    5320.7573387    6904.8756371    3163.4991421    6860.5158183    8357.1092322     174.7813731    7507.5897753
    997.5424443    4210.2161149    9567.6407740    5328.2271403    6931.3385142    3162.5472484    6861.1493959    8328.8129952     190.0381413    7517.7522120
    999.9542791    4215.4041520    9576.9850098    5323.7916370    6913.0451213    3138.6588070    6886.3547924    8345.9870751     206.7268248    7500.6981753
    967.2851590    4229.6919011    9570.2970313    5327.2737676    6935.2566504    3169.7440422    6844.7472127    8346.2672667     171.9874234    7506.8345317
   1001.5901092    4205.9013518    9593.8275295    5322.3664070    6940.4938447    3146.8997712    6860.3758971    8349.2262927     168.8768290    7516.9392380
    972.7681693    4217.2157657    9566.0040011    5332.7506792    6918.6658778    3151.2739010    6869.9014688    8335.0883964     198.1014311    7503.4676230
    955.5538980    4231.1318658    9583.4224377    5347.1885019    6917.0017739    3132.5301568    6860.8120981    8333.9960194     182.4979488    7496.6158808
    985.5584611    4193.4321692    9579.4331255    5327.0570314    6925.1062282    3138.2332846    6860.7585671    8362.8407124     171.0721445    7508.8236863
    996.7733995    4210.9753524    9588.7804079    5342.0672461    6934.4686946    3151.4779880    6863.8862860    8354.2979475     175.4263329    7501.9236565
    976.4826317    4187.7858388    9582.2444529    5348.6771502    6915.0504927    3155.9992840    6860.4782273    8338.8470855     184.2438181    7512.1724604
   1005.6267717    4219.3410156    9569.2816635    5317.3826934    6931.8394454    3158.3234600    6858.9046444    8335.6949976     174.8055498    7513.7773985
    983.2447446    4197.0715503    9587.6210914    5334.7538757    6915.8598178    3161.2334625    6856.7324372    8355.8957649     168.6341644    7492.4087222
    969.6995079    4206.9106595    9571.3207912    5328.0263905    6918.8188178    3160.6988355    6866.4745975    8348.7753160     198.9260129    7498.7782438
    968.8849789    4220.5900682    9597.2539970    5333.5257367    6927.1664817    3148.6001432    6866.8660304    8352.6269722     186.6685292    7496.0461729
    999.7746363    4212.8044109    9588.1972836    5335.7106396    6927.5078817    3164.4888430    6862.8477253    8354.5935071     204.4873307    7521.4330696
    991.1087525    4227.9488023    9565.8155881    5346.3768128    6919.5199005    3137.2869560    6866.6613827    8356.0196820     175.9224967    7520.8144653
    996.9606151    4198.3251114    9588.9862041    5332.7725766    6913.2543371    3151.9899936    6860.5593268    8334.0940087     178.3995424    7508.3700386
    997.7277586    4225.6596334    9573.1616942    5330.4803730    6910.1774263    3165.4563349    6848.5277476    8332.6239534     176.5243065    7503.9578839
    980.2568585    4211.4068891    9579.3706477    5333.9856470    6908.4265097    3151.7627124    6870.7854002    8349.0590105     193.8158398    7493.9809067
    992.5309525    4225.7424975    9577.4693986    5334.3121512    6921.0230338    3160.5130160    6868.8884880    8360.9515961     188.0164228    7510.0881665
    986.7836056    4200.6585472    9583.2289050    5329.3532895    6912.4202653    3146.2126036    6864.3053060    8340.1820780     203.2794961    7517.4108684
    980.7990354    4218.1678218    9590.4649265    5329.9244560    6937.2534732    3164.3774137    6863.9921857    8328.2637277     173.2232214    7504.6300749
    979.0856988    4210.8687174    9571.0221661    5334.1220770    6914.1881191    3139.6292513    6861.5928443    8340.5364601     167.3661970    7515.6749213
    982.7078287    4207.8075893    9586.3990496    5330.8268973    6926.4440758    3140.3497639    6854.6427181    8351.7089949     197.8017471    7501.7432647
    985.6326810    4202.8418110    9578.5959427    5324.5634826    6917.1687583    3162.3791113    6845.0216374    8348.3869762     174.8373576    7494.9773273
    994.8500660    4214.0306467    9588.2315978    5314.0151026    6914.6689713    3150.6196388    6859.1149801    8350.6590640     191.8419883    7490.3753608
    973.8417127    4198.5566757    9590.3713683    5326.5055005    6917.7573317    3151.8342033    6855.3727110    8349.9893287     186.7130421    7510.8564053
    981.2141375    4208.1053758    9573.0400840    5346.5342654    6928.8468094    3154.7524580    6871.4990129    8340.3982815     203.4275211    7495.5274869
    979.6714488    4207.3659349    9595.9076512    5333.1288741    6929.6153251    3154.0553405    6852.8795271    8354.0115207     176.6182080    7488.2579243
    979.3075829    4217.3928211    9596.5381521    5317.7780704    6896.7805596    3164.4578800    6868.0097894    8340.6219899     187.0663926    7508.7375802
   1002.5890258    4209.7728307    9591.6933032    5327.1352903    6913.6744521    3159.3940444    6853.8596018    8333.2371287     192.5147044    7481.8123988
    984.6018209    4207.8288274    9575.1650996    5318.3297968    6898.4121152    3148.5472253    6853.3570968    8342.0025287     183.7631344    7494.0255471
    972.7430853    4213.9766637    9571.2769546    5322.0575315    6915.7796068    3158.0112244    6886.0967611    8362.3923345     170.2489640    7488.2006573
    984.1155121    4216.6462395    9577.5782459    5353.3761777    6930.5418417    3171.5568837    6860.8305706    8337.2879231     172.1798905    7500.3053338
    970.8848392    4204.7383295    9574.5876041    5341.0956970    6914.0423839    3141.0856690    6860.5345441    8348.1425481     188.4919540    7492.2265589
    989.9420895    4224.9445060    9583.7904677    5334.0408083    6914.2900214    3149.0483600    6844.7098261    8352.3361848     179.3416846    7502.9689644
    988.4810868    4203.2122223    9589.0652584    5332.7839555    6933.7410920    3156.8456867    6868.1955238    8343.5229476     197.6469134    7480.4082216
    978.1400187    4208.0257101    9563.5910942    5323.7058232    6897.0499124    3157.0601824    6850.9570014    8349.9553237     180.2649565    7493.1160143
    967.9305122    4204.2477716    9582.0015397    5330.3983778    6925.4335775    3147.2730074    6881.0692120    8343.8771848     174.4308192    7514.5447418
    997.0440031    4210.1745569    9574.0522803    5340.7535961    6909.8297698    3164.5082255    6851.1374716    8345.4227862     183.0003285    7513.5241441
    965.1761420    4213.4206173    9577.6881968    5331.6819326    6909.9300840    3142.1373618    6860.3779062    8343.8400811     197.6346082    7502.5569659
    983.4255758    4218.0597130    9562.7767551    5338.8785142    6927.9249009    3164.2277487    6861.6793362    8333.9042190     173.0334884    7503.9176881
    988.8359868    4223.8417478    9594.1096420    5340.3653325    6919.1104275    3157.8055096    6862.6561531    8356.8054035     188.8254889    7503.6017462
    970.9123330    4221.5428639    9563.6264378    5343.9706716    6928.6174345    3139.2856219    6864.5246335    8333.8427764     181.4365802    7506.9948492
   9887.2445081    7468.0178636    2807.0481934    7895.3881616    1031.9877177    4468.4838720    9082.4572143    2938.8267554    2876.2028877    1321.4119424
   9891.1716834    7479.5889305    2809.2659002    7881.7389610    1036.4676178    4495.1032040    9077.1173177    2939.1298339    2885.4245168    1283.3522341
   9904.9997784    7471.2065619    2801.0893801    7896.6000063    1029.9340369    4486.9646284    9087.4642851    2941.8389966    2878.5031201    1315.0057373
   9868.4559090    7485.2974863    2801.4337694    7883.2029583    1024.1439657    4473.2154620    9091.7391363    2927.1801794    2876.1215501    1303.0382099
   9877.0529726    7492.7800303    2828.6558137    7886.0531114    1041.4545376    4475.8384670    9091.2887055    2934.3244318    2899.8400022    1297.0424030
   9896.5501932    7487.7302053    2793.6003193    7871.1905904    1038.0509379    4487.3804462    9080.5879767    2929.8077371    2887.5214184    1308.8140554
   9898.1696555    7484.2705642    2796.5571560    7880.6135507    1012.3287003    4478.3584442    9105.1467185    2940.9204293    2876.9559834    1285.0782590
   9881.9315884    7481.7059316    2802.2177259    7901.8766814    1030.6739981    4485.8883217    9084.8128483    2934.2438121    2890.3447212    1292.7659468
   9885.7803604    7468.7291698    2805.4073142    7903.4882945    1039.0740849    4486.2753799    9096.4854547    2942.3936656    2885.3359802    1304.3229620
   9878.8570036    7486.9174948    2813.8987844    7883.8741880    1034.6199656    4489.7633925    9082.2202664    2922.9304180    2878.3687256    1316.2225768
   9879.4814349    7480.6026431    2796.9296112    7889.2036116    1034.6077786    4493.7033978    9078.7885907    2929.0549338    2869.0283615    1289.3478167
   9873.2638885    7473.1439218    2803.3817879    7893.2019384    1043.9845577    4470.7192569    9078.1556497    2928.5731113    2879.7108451    1298.7009970
   9896.3829770    7473.7651357    2813.5725092    7902.2184159    1029.6353888    4472.7098872    9087.7667218    2928.2261461    2897.6754332    1301.6945942
   9896.5352968    7468.9854708    2786.9323448    7899.6659466    1037.4189330    4471.3292142    9080.2872744    2929.3420457    2880.0316550    1309.5242425
   9873.1622870    7486.4439951    2795.6982434    7887.4839649    1030.6557137    4465.3207214    9114.3944166    2960.3912585    2885.2760845    1306.8458730
   9878.1747871    7505.4300326    2804.6230933    7891.5593294    1044.3000016    4481.5432624    9078.1889948    2933.9522694    2873.9925281    1300.9322781
   9894.1554645    7486.9841328    2817.4519396    7892.7522539    1041.8407510    4496.0018802    9073.6948049    2943.2671894    2867.0300648    1285.2149653
   9904.4575095    7493.0113835    2809.6736501    7888.0239705    1047.2956780    4465.2635845    9086.6289601    2940.9932593    2890.6246552    1285.0214442
   9857.9694755    7482.8102469    2807.6141922    7894.5300872    1023.4875972    4478.4936538    9070.5542402    2940.3474177    2886.6792698    1292.9654023
   9868.5714714    7480.3587267    2802.4549175    7891.9872146    1045.2958203    4480.3212166    9106.7962594    2939.9489183    2866.8810492    1311.6218558
   9887.7074454    7476.7688352    2807.2339342    7893.9411226    1016.6741238    4470.4400740    9097.4750966    2937.9007627    2884.1432454    1310.4872476
   9906.5370198    7475.2655788    2797.4059701    7883.5481886    1026.2555604    4469.8093941    9085.8050236    2935.0591560    2883.5657686    1288.3792088
   9882.0726438    7485.2511545    2811.4264004    7869.6271114    1026.2393596    4476.3990579    9065.5434891    2940.6284873    2889.7946611    1280.8547271
   9872.9616014    7491.1783651    2815.7933129    7880.0655281    1022.3838586    4485.5294498    9083.5247936    2930.9283194    2893.6947597    1303.2637116
   9870.4164006    7484.1896829    2790.3873440    7900.2138503    1042.0800024    4483.3208817    9095.2332295    2955.7842783    2885.0201855    1296.5661218
   9877.6778500    7483.9010511    2794.0895389    7878.4058318    1027.6415707    4461.1520805    9072.9502931    2941.1530476    2873.0008331    1297.2193774
   9888.3517281    7462.1146256    2806.3021581    7892.7549851    1031.8080011    4482.3637249    9064.3057552    2955.2597789    2874.7198747    1285.9435840
   9889.7261879    7468.9448666    2805.1038476    7898.1993068    1019.0710975    4487.3895261    9087.2659529    2939.6323206    2881.7940669    1305.4100627
   9899.8145071    7490.2610883    2809.3090242    7885.1498883    1035.1233768    4473.3569222    9071.4675082    2935.7277150    2868.6252849    1311.6371350
   9888.2337971    7482.1091695    2812.1919818    7888.6120453    1029.6941172    4490.5819734    9072.1182449    2927.4719316    2876.4164471    1308.1336131
   9891.1088138    7470.0813754    2795.2421809    7909.7378847    1035.4227586    4472.7508495    9081.1122557    2973.5439728    2891.1561050    1283.9209811
   9884.0231393    7488.8847706    2801.6851098    7904.1838175    1049.9025616    4479.0108657    9088.9024261    2934.4548609    2886.5813765    1315.2849728
   9897.9548428    7470.8267677    2811.9835513    7887.0057452    1049.7436854    4483.6980999    9096.5363183    2935.9308899    2877.4300067    1304.5934975
   9888.3028759    7497.4456828    2793.0179576    7899.6474490    1026.3934678    4487.5457242    9067.9838700    2949.0027462    2874.6596981    1287.9489897
   9895.7777322    7479.7387754    2807.2113090    7905.0723715    1021.3481602    4471.5714904    9086.7591022    2941.8166377    2870.7172361    1292.3542680
   9896.3242420    7491.4929302    2818.4126532    7889.8419313    1006.4377178    4484.1691646    9093.5543520    2921.4732522    2878.6571883    1303.0388040
   9892.0144387    7477.0095991    2805.2742526    7898.7972295    1014.4983314    4488.0460861    9082.2966644    2943.7865049    2870.7271831    1283.1680725
   9900.4222763    7498.0679057    2785.8346133    7879.8705183    1033.2017974    4468.4416585    9093.5575484    2928.1708447    2872.5775806    1302.4000709
   9866.8286381    7478.4573179    2824.5864094    7898.6621320    1022.2689706    4489.3954130    9106.5868853    2948.8881685    2871.9072775    1293.7097598
   9884.9061205    7471.1660101    2804.7320786    7882.7363913    1023.5076719    4482.1434495    9080.3188103    2934.0976356    2899.2351683    1303.9679161
   9900.5141214    7486.0357251    2810.4697108    7879.3015324    1026.7903466    4476.3127230    9081.4887644    2934.1123987    2879.3524033    1298.0595971
   9895.5068172    7479.1785687    2815.2794404    7892.6623304    1026.3133032    4466.4213542    9078.2611947    2933.5983766    2889.7739794    1287.5669854
   9899.0124165    7480.7389019    2796.1254698    7879.6023722    1037.7500170    4459.8729333    9081.3399012    2931.7378644    2876.1221358    1306.0975706
   9882.4644798    7482.8599681    2792.2614601    7893.3702054    1038.3436195    4475.4183430    9089.6416879    2937.1878070    2874.3104944    1299.6775464
   9886.6606803    7461.9140662    2789.4482920    7897.1218068    1011.3765954    4490.5190797    9071.8553196    2936.4467366    2882.4747450    1293.9183709
   9900.2367745    7467.9480083    2813.5075844    7894.2788500    1030.7482076    4489.0522212    9091.3475692    2924.0967094    2891.8714919    1310.3256852
   9889.6489659    7483.1534191    2817.8022878    7909.3750071    1038.3866506    4467.3090474    9087.1575324    2944.3416828    2869.4084025    1288.2270521
   9888.6686730    7482.7801823    2808.2182186    7905.0962780    1010.4358118    4479.9338762    9083.8982537    2936.2989762    2879.4277184    1310.5432167
   9894.2002164    7481.1995446    2805.3310959    7893.8468584    1030.9304080    4492.1553996    9066.8326481    2922.1265219    2893.7297555    1306.0222546
   9894.9173058    7493.2384123    2784.2563701    7907.1846385    1020.5954243    4469.1078721    9096.3174587    2924.5843242    2883.0625980    1314.5590151
    187.1736432    6782.4645279    2123.0014457    2664.4298102    4919.1488450     517.8117711    5757.2780952    1473.5106984    5869.4867200    6988.5857253
    183.0692361    6780.5783532    2118.8416839    2648.3142723    4927.9810629     544.7128304    5741.9185617    1456.7534793    5893.0492390    7001.6511975
    205.2941526    6783.7123884    2117.0783796    2645.4991960    4911.1217691     545.3088328    5757.1380897    1463.8360079    5890.4139796    6989.9769786
    178.3735989    6792.0829342    2121.0080632    2661.5110645    4915.9929126     538.9175642    5742.8298739    1479.7303397    5896.8011302    7012.0969514
    204.3931974    6791.9454948    2103.8581549    2660.6393168    4918.9392126     552.8116464    5748.5994707    1455.9730370    5885.1267317    7007.2229694
    191.7384561    6776.3264293    2121.1887738    2660.4030861    4914.5461753     542.2414135    5740.1337157    1485.9339025    5882.0802710    7006.6628211
    203.5794404    6801.0239950    2115.0286176    2651.3366503    4933.1383434     539.0911422    5735.3247021    1475.6092672    5908.9261943    7004.2474108
    186.4097781    6798.1495793    2100.9058116    2663.2347866    4925.5148682     531.4057622    5743.9473199    1468.7885521    5887.6974124    6989.0075970
    190.8827652    6782.1352079    2131.4195675    2641.9138791    4933.7237109     531.2713416    5733.4656698    1461.8432900    5882.6457406    6977.2619270
    201.8294702    6786.8188561    2107.8966571    2642.4082642    4910.1033024     521.1104571    5754.1617711    1448.3229698    5883.4732409    6988.7533829
    198.4213526    6790.8930775    2114.8332289    2653.7443438    4919.7123107     525.6710618    5746.0127023    1454.0581249    5898.4584242    6992.5110282
    204.9533641    6776.1218237    2111.7461288    2647.2575400    4925.1337819     519.5125165    5750.0175329    1471.9179213    5898.7151011    6990.7020071
    198.4229839    6805.8625474    2109.3680746    2657.9984892    4913.1007803     522.6219872    5732.9277790    1472.5342585    5892.6015435    6973.0544016
    198.9924605    6785.1794361    2125.4586311    2649.0302521    4938.8008655     524.1379587    5748.8383168    1456.5311509    5895.0049252    6986.1084996
    206.2180662    6788.1442912    2131.2288518    2654.4937353    4899.4880032     525.1942779    5737.2543652    1481.1007432    5920.3499904    6996.4420295
    196.8497473    6800.8564517    2104.8680768    2652.3105616    4922.4275198     537.1567837    5740.3328296    1457.5117420    5894.0972688    7004.7123732
    186.4853691    6789.1001003    2137.1785692    2660.2399603    4921.6628285     523.2635655    5735.6672984    1464.1110874    5884.6685950    6985.4925956
    178.0118303    6786.2765310    2124.6093474    2661.6343994    4922.4944079     542.7463198    5732.5878234    1460.4530419    5890.6995125    6988.6710238
    196.1662889    6781.7237711    2127.4206874    2646.6880783    4921.3570106     550.4130552    5729.0238007    1461.7725176    5885.3737843    6986.9808620
    196.2764635    6793.3585246    2108.9530856    2650.3417675    4918.1557003     536.7650686    5730.0623256    1490.3020941    5890.7209585    6998.4647973
    187.3888886    6785.7683750    2107.2382736    2671.7489808    4897.2597177     531.7759575    5747.7871996    1451.3136066    5897.6655287    7010.7486642
    196.6332754    6788.3554045    2115.9390520    2652.6516005    4921.5333693     524.9901852    5744.4441855    1463.9004918    5887.2391405    6986.0198443
    200.4148609    6782.4488756    2127.0563598    2655.1861395    4915.7006704     522.6467241    5731.1748977    1472.7557314    5892.0934921    6998.1710245
    200.1797238    6793.5737778    2112.7228370    2684.4104556    4947.0820662     538.0285823    5726.7841113    1458.3496476    5898.8727619    6991.8175313
    192.8525560    6768.3878740    2120.6429752    2667.5510198    4903.5878592     530.1904509    5737.5858488    1442.4367950    5888.2988683    6991.8919547
    179.7340090    6779.6099242    2118.7496927    2658.8804842    4918.9802783     527.8659292    5732.9270097    1468.7396288    5889.1239474    7007.9477703
    205.3126652    6783.6291981    2099.9462904    2657.3001914    4909.0426378     541.8484219    5748.1770501    1456.7796555    5903.5376746    7011.5063736
    197.5318175    6794.4567898    2111.0718795    2646.8749897    4928.2804615     536.0365423    5740.2593029    1466.5964989    5900.5829837    6995.4270875
    188.6852997    6785.3078933    2114.6561880    2650.6018802    4916.6144159     528.7094649    5736.6267765    1487.1511410    5893.1279739    7014.6634620
    183.6219326    6795.9034967    2116.3943401    2672.3766939    4911.0797293     551.5486811    5735.2895939    1467.3620235    5881.4945097    6997.2380887
    191.6013477    6777.2614712    2097.8211945    2664.4306631    4920.6829686     526.6620660    5740.1081186    1460.0337106    5891.6746225    7000.0840271
    197.2007353    6783.3455607    2114.1831162    2660.6277626    4909.1383283     528.0698800    5741.9945570    1472.2333715    5888.8158715    7005.5489082
    192.9689375    6781.6279041    2117.2253141    2640.8996908    4897.3726024     537.0157025    5723.4128215    1459.2662782    5903.0420749    7000.9005409
    185.1699100    6788.2054251    2101.9422027    2644.0746906    4914.0534118     539.4999467    5740.8387597    1466.4428064    5886.5519257    6998.3287826
    201.6297569    6799.3928096    2119.7088941    2656.6863756    4919.2833196     538.8790533    5736.3582912    1463.5946299    5886.4209193    6991.2956059
    212.4998741    6796.2047066    2109.4337629    2655.8897615    4918.8064848     532.7258668    5731.5385110    1481.7510355    5881.1711230    7006.2670040
    194.2099483    6780.2206113    2114.6661189    2636.9616024    4918.4813185     540.9100972    5735.8754454    1470.2643283    5868.0664263    6992.2696448
    180.2955628    6797.6082554    2118.2242919    2654.9942179    4913.8393058     531.1965673    5749.0266797    1456.8682210    5902.3779003    7004.5794892
    203.9771220    6784.8759627    2127.0960192    2665.4744530    4920.2275697     544.8541486    5736.7630385    1466.5542701    5906.5313648    7017.7575040
    177.2032309    6797.7257638    2103.7000008    2657.5695087    4909.8526118     535.6823416    5738.1936684    1471.2264836    5899.5528159    6994.1020421
    200.3552127    6785.4795731    2123.1293546    2667.2411377    4917.3824436     535.9565775    5723.1488344    1459.5668443    5886.8288032    6996.0770041
    179.6693498    6775.3446686    2115.5100904    2657.5448464    4925.5935521     547.9530154    5746.4586399    1463.6084293    5899.9725776    6989.6001327
    195.8077560    6806.2550887    2131.0168993    2652.4427397    4925.4352298     529.7462810    5735.0249948    1451.1923754    5898.4242707    7000.6430081
    203.5145189    6796.4145509    2113.2859567    2664.0976098    4934.5389003     556.6382888    5748.9006130    1470.1705079    5896.9420099    6998.4174969
    187.9138899    6804.1282434    2123.9062247    2656.9315607    4930.6078025     542.0227659    5728.6132728    1479.6521367    5888.9610564    6984.4077798
    196.5681727    6785.2533604    2108.8364320    2671.3020666    4916.3288146     533.1032113    5738.6624035    1463.3559257    5894.9431611    6994.3721628
    226.0530107    6777.8115790    2117.4535918    2650.7638609    4908.7061874     526.9460660    5741.4526055    1476.5976962    5905.0004332    7004.5500155
    189.4327610    6807.5727111    2134.0584960    2673.0981766    4911.0170612     539.8397976    5748.2785977    1473.1350764    5898.7429170    7003.0738273
    190.6452641    6800.4284997    2130.0578262    2661.8294330    4916.2845663     537.6836223    5753.6606278    1466.0109329    5900.0497257    6990.2310956
    197.4617397    6775.6087112    2104.9120218    2676.3514118    4917.0480610     544.6625994    5714.4076412    1464.9087644    5891.2975364    6992.0012148
   1024.7408440    4131.8964257    6956.5601887    4148.3820241     488.0910321    5363.8106063    6641.0916512    5164.9999354    9456.5062459    5854.3672067
   1015.5725351    4150.5042282    6930.7864435    4147.7917157     492.7511088    5364.0535099    6643.3291004    5152.6364572    9438.4793875    5865.8857837
   1035.5465131    4138.7138799    6948.4683209    4158.2801732     518.6298764    5374.5109539    6639.3742289    5149.9191542    9444.1815587    5860.4297292
   1021.7047861    4126.4502185    6949.7818267    4138.9463437     510.8472382    5369.4640935    6651.8766097    5141.1230267    9443.6808063    5858.2482768
   1007.7533367    4133.8578485    6936.0741711    4153.0987470     472.1431721    5364.0672089    6635.4102590    5144.3144939    9442.8871949    5870.2079806
   1022.3645318    4164.3422744    6945.9700349    4137.0842622     494.2378358    5356.8023023    6653.8520195    5154.3222578    9459.7179345    5852.9082953
   1018.4728658    4141.2561636    6941.9964956    4148.8224247     510.0495966    5355.3028266    6609.2259497    5139.6629287    9433.9424769    5871.3756106
   1043.7789881    4143.9906264    6962.1993081    4145.1728644     510.7643370    5362.2051898    6645.5001955    5139.6211958    9442.8466121    5880.6315207
   1032.6413803    4127.0079739    6954.7527342    4154.1093887     496.7785668    5362.3044948    6632.2058486    5151.9750932    9447.5187232    5861.6973759
   1022.9390142    4135.1345045    6950.8912751    4135.3504321     503.0750145    5361.7721621    6630.0649680    5144.9030018    9449.0726958    5879.2946519
   1016.9392637    4139.3213297    6942.1390528    4124.2586261     498.0557198    5366.4832680    6645.7596406    5144.0907732    9451.3046576    5863.0618868
   1026.9196059    4149.9196273    6937.3640572    4146.5900645     483.1362018    5368.7174453    6622.4884437    5148.2538100    9444.0511233    5874.1671089
   1041.2361425    4138.6797257    6944.0874634    4131.2062254     505.1863366    5368.9438315    6649.7121622    5138.9302733    9437.2126688    5874.5966003
   1032.7360150    4120.0599459    6935.8359626    4119.8437688     497.6227536    5360.3809496    6641.4377917    5153.4118128    9452.5201830    5864.5431289
   1008.2254702    4142.6975662    6951.5132481    4127.6681068     489.8567509    5370.9761466    6654.2479715    5144.2405347    9432.9044848    5859.5668304
   1015.0547351    4135.9876014    6952.2291877    4122.5718230     479.0990982    5378.3935981    6629.9020906    5160.7276984    9427.4950506    5874.1364444
   1009.2048869    4130.6863694    6930.0349753    4147.2399536     489.1226539    5348.9798326    6644.6829858    5164.5700736    9450.2407718    5868.1608184
   1031.1427823    4157.2376605    6941.5183873    4132.0142254     517.9655345    5373.1130707    6625.8051601    5157.0237352    9450.0227200    5864.8402964
   1011.8205396    4126.4515589    6938.5259415    4141.0722991     515.9450814    5344.9748093    6648.1286838    5151.0202085    9454.1068150    5885.7761628
   1018.9085695    4141.9389551    6927.1845855    4135.0943418     515.1517902    5379.2107182    6639.6182433    5148.3691219    9450.5558498    5868.5206710
   1045.8698189    4130.4557787    6927.1520361    4134.3428303     485.7570385    5360.0996092    6638.5098895    5133.9583775    9445.6181410    5862.6126356
   1025.7430033    4134.1505036    6939.9965036    4138.9139140     512.8237127    5347.6134771    6632.1215165    5149.5395331    9445.2213590    5877.1136965
   1020.3109511    4144.0246981    6944.3291603    4133.2538845     496.4606554    5358.6766181    6629.9560935    5174.8536565    9448.1820245    5876.0060788
   1040.0019892    4160.6036442    6925.9705333    4135.3825516     485.5218503    5354.0576190    6634.3808462    5134.1732536    9457.0509387    5878.2979888
   1016.2721107    4147.3649587    6952.5420857    4148.4082530     485.9535749    5383.4178396    6658.8185896    5143.9987667    9441.3157186    5852.2427129
   1029.4926460    4140.5279525    6948.8216392    4137.5816830     486.9111206    5349.3548555    6631.7737035    5150.3833944    9443.6719570    5873.3396633
   1030.1259206    4149.9000976    6946.9677184    4160.3524045     520.9744486    5354.0501491    6627.3703595    5156.5606053    9451.8209904    5873.5756718
   1018.3666518    4130.3168741    6942.4350924    4159.1582615     497.5127131    5365.9248828    6632.3174116    5140.0936585    9437.9423215    5843.0346006
   1016.7894719    4149.3943000    6944.4347817    4133.3326197     498.9987028    5361.5621946    6646.2697757    5141.5777884    9445.8716891    5868.8792776
   1033.8790478    4128.0530976    6940.9434343    4123.8043107     491.1380925    5362.3354016    6655.0385292    5146.5092704    9441.9316155    5855.5557822
   1009.6763913    4131.9427190    6950.2087524    4120.8340282     497.4740055    5352.1324787    6627.4913614    5151.2699574    9438.0248968    5854.6743772
   1017.5085268    4125.1150069    6927.5553892    4133.8260711     488.0828884    5367.8752711    6637.1273241    5137.2505549    9444.8872712    5872.5617343
   1029.1083072    4157.7064291    6935.9750601    4154.6220198     495.8435564    5359.7274655    6629.3619634    5138.5094175    9464.1153391    5884.4632784
   1026.3030248    4148.9034416    6946.1493971    4157.6124934     481.7267103    5375.2655805    6621.1452421    5164.8816282    9467.3467443    5853.0192125
   1016.2560133    4140.4368012    6952.3480363    4120.1009109     497.9642347    5365.6261706    6645.8029413    5155.3930677    9441.4223118    5861.4408365
   1017.7049355    4165.8511571    6933.6943372    4144.2184371     496.3644749    5357.3267045    6641.1571809    5143.0743645    9446.3234812    5861.0602631
   1030.6772328    4136.5533546    6944.5775652    4141.8448347     518.3842428    5377.5035102    6625.9524942    5140.9059674    9431.3363650    5861.6606692
   1022.0667581    4133.2452966    6947.1203262    4136.2912530     498.6249421    5339.9368911    6643.9467746    5138.7897341    9441.0567161    5871.3374518
   1008.6611017    4150.4661908    6946.3239121    4144.0061811     485.1319383    5345.2465456    6638.2911970    5145.5363148    9439.7871353    5863.9592247
   1014.0376018    4138.7253334    6949.0217670    4132.5163217     490.7507987    5357.3788081    6632.9318907    5147.7015959    9446.1852513    5847.8781840
   1038.7585833    4138.1200331    6944.3687006    4129.3738959     496.5280551    5355.4944655    6627.0929177    5146.1297106    9429.9744549    5887.7886132
   1025.0143464    4144.9031090    6946.3079823    4133.2468862     499.7495863    5331.8601218    6627.2784433    5154.1797958    9442.8419233    5843.3164452
   1008.3760208    4148.5718127    6925.9551084    4142.0187066     480.8359841    5367.5468009    6642.8178524    5157.7780220    9442.1816696    5868.9936129
   1025.1503400    4127.2118453    6944.6183686    4134.6845424     487.0224837    5347.2746632    6648.8937698    5156.9927966    9442.0770532    5844.8219241
   1029.0312626    4152.0281855    6950.2054914    4139.1520637     485.2125385    5357.9629708    6628.8268143    5140.8441973    9445.0273489    5859.0448521
   1023.9262260    4149.7006083    6928.8291599    4144.3190088     503.5132496    5355.9286064    6617.3900193    5139.9819389    9468.6108931    5872.6424570
   1011.2231385    4136.5723452    6939.4938689    4142.6163267     502.4163071    5366.8258839    6639.0753637    5139.9816552    9454.7813842    5857.6727541
   1028.6933188    4158.5760453    6945.2299485    4124.9659840     505.6006059    5362.7812845    6627.2198011    5155.0256837    9446.3898133    5854.6408937
   1024.9477562    4138.7398323    6925.4877266    4143.8914536     483.4672307    5363.5371068    6623.4616352    5153.4586379    9446.9437404    5850.4270059
   1027.7841806    4150.8465539    6928.1353501    4132.1464919     487.8983043    5354.9496640    6651.5066499    5147.9295383    9458.9000700    5862.5842497
   9045.7020338    1367.5864161    1387.7496523    8056.3787524    3983.7696590    1650.8416133    9269.2939029    3466.2537174    7513.1311942    7262.2375255
   9023.1282814    1387.5476224    1391.7752841    8071.2113974    3994.2190543    1651.7363914    9273.0620262    3473.7330325    7529.5850532    7281.3439084
   9043.7614492    1372.8491418    1386.1349941    8078.0525525    3977.0876181    1637.6053780    9286.5239486    3472.5632296    7514.6089783    7258.7935634
   9033.2909436    1361.3127467    1383.9630178    8067.3762627    3976.5482418    1656.9249693    9272.1982533    3470.0377263    7518.6526929    7259.8880030
   9038.7767567    1378.4864752    1383.9708369    8067.5244097    3985.3242380    1673.0995072    9279.8187197    3470.9077708    7520.4060840    7243.5596502
   9025.6158323    1387.4575238    1388.5003968    8089.0511112    3959.6014241    1646.9711376    9278.4261480    3479.5891871    7510.9018292    7259.6549481
   9027.7528032    1384.6890189    1386.1248986    8061.3526289    3975.6619141    1627.8260565    9283.3957567    3482.5698703    7507.3874971    7253.0877127
   9015.9361007    1357.5027048    1399.5602298    8074.8969615    3980.5520144    1652.1120179    9278.1238290    3461.7096346    7514.5576484    7263.5886322
   9042.9323910    1375.8714150    1382.6144292    8078.6559267    3964.9701210    1663.4415419    9278.2620230    3471.0536357    7511.8421368    7275.9065368
   9024.1696638    1391.7109800    1393.7417708    8084.9662399    3979.6901064    1658.3545291    9293.0674295    3479.5333966    7506.6326673    7261.8641093
   9044.9760281    1372.6067461    1383.5356961    8071.6596739    3982.5119463    1653.4055352    9279.2281426    3470.1314478    7521.7247993    7263.8436026
   9037.9043077    1375.0522611    1398.9006576    8073.0903581    3975.3261736    1661.4657480    9272.0630856    3477.0951865    7494.2604338    7257.6048497
   9021.5777548    1365.3610059    1386.0670665    8092.9632430    3987.8724122    1656.7824650    9278.1360918    3489.5225751    7487.3643921    7247.5863731
   9033.4306254    1367.0088814    1379.7816402    8069.6957637    3982.9981811    1663.0597033    9274.3873775    3480.5588900    7514.2665683    7234.1107538
   9040.4237968    1353.9801286    1395.9688284    8079.3323689    3982.7478263    1647.6952873    9281.0157331    3483.5135249    7517.7580383    7244.3494832
   9025.7076710    1378.0799721    1390.5953456    8080.7967949    3981.4819295    1655.6149232    9279.5403344    3479.4351391    7499.3585229    7265.2805504
   9027.6331461    1390.2518612    1403.4248981    8067.0206974    3978.3391327    1639.2687413    9276.0199307    3493.2068827    7509.9892127    7269.4080178
   9046.2635793    1376.1173541    1403.9359317    8071.8020007    3979.0109625    1638.3540346    9267.7245661    3474.0811892    7513.6026104    7248.8270174
   9035.5808788    1358.7506505    1388.7752922    8066.9134582    3992.6768133    1645.8851622    9273.4987247    3486.5707257    7500.9115568    7264.2510816
   9032.8210625    1365.5247755    1385.0312674    8081.4181119    3970.7328182    1661.0776958    9275.3528932    3469.1080614    7507.3715462    7281.1252215
   9034.6526052    1366.8715760    1396.0412714    8070.0304415    3962.8170811    1657.2425190    9265.1114484    3490.0259436    7519.2840228    7266.7322575
   9034.2436725    1366.0366668    1395.6378082    8066.2910388    3987.4756258    1639.7754555    9289.6030017    3476.5784988    7501.1992823    7248.5141010
   9039.6984588    1378.9857550    1400.1546269    8072.8329608    3970.9255498    1654.5736177    9262.9175546    3475.9695660    7499.7298724    7272.7784195
   9038.6623741    1370.6993555    1387.5789411    8084.4507202    3970.4169380    1652.1488601    9280.7275230    3469.9795068    7520.7546219    7262.5645323
   9049.8193288    1374.8148813    1420.6370870    8077.9742131    3978.6408505    1640.2416755    9277.6912387    3463.8032063    7505.2368252    7256.6862538
   9042.9559577    1371.6563127    1389.9625176    8066.0445280    3973.0989929    1647.9542438    9293.2255499    3469.0864502    7496.6168304    7253.7440709
   9044.9002582    1355.3494034    1406.6871377    8064.6097511    3966.8285586    1640.2448930    9279.5575567    3470.6973190    7509.7042216    7260.1069012
   9009.8602755    1373.8360316    1396.5620253    8061.0374043    3963.3377830    1652.6083603    9290.6792600    3491.9644944    7525.2263289    7251.2566218
   9039.5593046    1369.3550525    1399.6798327    8072.9895144    3958.2277672    1659.2293066    9254.3072035    3501.1347566    7535.1822806    7253.4662382
   9033.5220586    1375.5449366    1396.4426994    8079.8302289    3960.2316710    1643.2375114    9283.4944146    3482.1588560    7501.5226376    7246.7406274
   9037.6576222    1370.5561904    1402.6069897    8084.5687933    3983.7849142    1656.7429830    9277.9745880    3486.4845751    7500.8213793    7244.0676897
   9039.9710455    1377.4803794    1395.7445953    8072.5865214    3954.2576044    1682.4778967    9302.5073561    3472.5564178    7516.4545429    7260.8690748
   9036.5530390    1378.1799655    1403.4985009    8067.2223923    3983.9219064    1660.6185879    9249.5986368    3492.3420022    7514.6952255    7254.1576809
   9034.4979539    1379.8717197    1389.9202804    8079.1669895    3956.2596086    1655.6610569    9286.1908828    3485.1721408    7510.2997029    7252.1746832
   9034.7227320    1362.8840130    1393.9695434    8072.1687410    3981.7627885    1667.4303962    9283.5912240    3469.3432386    7498.4460512    7251.3225685
   9025.3146574    1364.3616996    1412.6786250    8086.9091789    3970.8476438    1654.0385649    9299.8658584    3459.8716502    7512.0785626    7280.0125711
   9035.5073852    1369.2336248    1405.4621518    8096.5203636    3974.9392121    1665.4765264    9265.4924872    3480.2982631    7514.5113670    7255.4633410
   9028.7218470    1381.0762163    1401.5134331    8063.4191958    3970.6948518    1657.7233491    9259.6680069    3467.4066540    7511.3807802    7268.0312962
   9036.7565422    1373.9876409    1409.5882537    8075.9347588    3971.4887506    1632.8293277    9280.3474566    3473.1557662    7504.6334959    7258.9236663
   9025.4018052    1379.4783982    1391.3746589    8100.4342839    3970.2058998    1656.3375908    9269.0086529    3484.9567336    7499.2491559    7260.7531260
   9034.7533161    1378.9073031    1373.9714722    8079.6674756    3977.7889940    1665.3850083    9267.1373735    3476.3995669    7498.5175674    7251.5407208
   9040.3025700    1380.1191863    1391.3597626    8075.3293038    3979.8880560    1661.2328230    9280.9286616    3495.5445240    7507.8747209    7274.8827515
   9030.8083814    1380.3551017    1395.4713293    8081.5795742    3977.1018540    1671.1476944    9254.7499468    3486.2609589    7515.1027157    7267.6619860
   9051.5371117    1388.0077423    1378.7144723    8085.1642508    3972.3576773    1655.7442129    9279.5669150    3469.2076919    7494.4167325    7261.5348572
   9035.4642518    1368.9874319    1383.6354695    8073.9727559    3973.7649734    1652.9718522    9293.5661265    3483.4923628    7521.5028857    7253.7634786
   9050.0657402    1374.5323304    1394.0922736    8074.5281561    3980.4415376    1638.0656389    9275.0996670    3484.4690262    7522.4050485    7264.5032585
   9027.3647433    1360.9625647    1396.0814089    8055.8375905    3975.4036227    1658.8885357    9276.1316079    3475.0515729    7489.1666933    7259.5169734
   9044.6068748    1372.2904270    1388.6170029    8077.9568652    3983.8026476    1662.4301945    9266.3771058    3472.8000461    7511.1484553    7269.9752808
   9048.0863056    1368.6978584    1401.7052074    8087.1815434    3979.6343005    1651.3658301    9265.3544688    3488.4567254    7508.0507509    7274.5608617
   9051.9099197    1361.4213984    1388.0847056    8072.8830836    3966.3042865    1645.3746682    9290.2656723    3471.4806405    7510.7496126    7240.9755813
   8826.4005913    6228.7847294    7501.3316328    3487.7047678    2697.9243744    8944.0738425    4275.9828530    9656.3499440    6623.4928430    6237.8223485
   8846.2274420    6232.0579318    7488.0512185    3467.4342581    2691.7752076    8951.5818171    4271.4225105    9665.9384807    6644.1670089    6226.0951993
   8825.9978650    6245.1760097    7509.4100199    3490.1163051    2703.9599249    8987.3400031    4266.5098118    9646.7029558    6616.3617897    6223.0374224
   8835.2429476    6258.4767748    7515.1948352    3474.2516142    2686.8113433    8976.7228108    4257.8460736    9658.3218141    6625.2586496    6214.5182293
   8833.4090327    6224.6549804    7501.6015542    3488.1578347    2716.5722978    8965.4449435    4272.9808640    9648.2249688    6626.4093718    6218.5675874
   8822.7006194    6233.3176573    7527.1800001    3476.4380532    2707.1410762    8956.0733812    4287.8464592    9647.0809036    6634.0120921    6217.2939832
   8847.1295907    6247.2754290    7511.5352968    3503.4473578    2711.2018571    8970.0576976    4293.2231295    9635.1687533    6651.5668512    6205.2214706
   8831.9256850    6243.7675870    7488.5543876    3489.7498843    2709.9156557    8961.1662077    4288.9204078    9643.2189635    6618.9718906    6218.0552748
   8821.1090052    6233.8309480    7500.7792536    3491.2536444    2691.0389042    8954.5577223    4303.7260280    9648.3184143    6632.5012824    6229.5623589
   8838.0498571    6250.8221091    7513.5773508    3492.9029971    2697.0549526    8973.2162190    4284.2591199    9648.5881080    6655.4223086    6196.2093044
   8826.7963119    6245.2728938    7501.2809472    3482.0544485    2705.4320535    8959.5601916    4288.0538535    9642.1900051    6634.4812854    6211.9512274
   8823.1331392    6226.8538625    7517.0149833    3465.8574001    2696.0471824    8948.1230642    4284.0105620    9645.2961236    6640.7738087    6221.2310997
   8814.9317052    6241.9259423    7505.5098813    3489.1069761    2696.4156420    8963.7555236    4303.6684766    9647.2950518    6656.9627490    6210.8375588
   8829.7509996    6249.1417063    7511.0454389    3496.0890841    2702.9489599    8975.5294829    4267.2792486    9638.5791444    6638.5011759    6244.7277320
   8826.9152343    6242.2625749    7528.1145561    3498.8860600    2722.2945288    8942.9307068    4269.8490575    9628.4466238    6629.2103593    6219.6836105
   8824.6464611    6239.7289578    7512.3857214    3481.9090304    2704.2854410    8952.5661640    4272.7053408    9659.3403996    6653.5197256    6226.2850529
   8827.7458359    6242.2673682    7519.1498000    3494.2918478    2697.3296121    8932.3853756    4288.0868348    9648.6331868    6635.3939120    6210.8232130
   8811.5524613    6235.3118005    7520.7833507    3496.1467427    2693.5338661    8959.3642837    4277.1763437    9628.2606886    6636.0973726    6231.7918362
   8852.1221047    6234.5483983    7515.2681171    3470.6049521    2687.2958703    8962.8887339    4285.7529600    9633.0620363    6625.6732667    6208.9939638
   8840.4923136    6234.1316498    7509.8422244    3499.9758361    2704.6251482    8948.7612964    4281.5841975    9637.6387027    6635.6755231    6228.7085910
   8841.7354010    6243.7126755    7514.1694145    3498.5741695    2702.1012549    8966.4577213    4282.4591477    9653.7212246    6636.9646777    6226.8843100
   8843.7600795    6231.4092727    7499.0912439    3487.1124726    2718.2390748    8965.6699462    4257.7544258    9655.7371868    6624.9521699    6217.9389213
   8817.8103061    6213.2707602    7526.4298388    3499.0261197    2714.9346855    8965.0150317    4266.2662234    9669.2253977    6606.3993560    6215.6702302
   8826.5225491    6229.7833805    7486.5503873    3474.3148086    2695.2580419    8973.0514952    4271.4477057    9653.3135895    6639.7828295    6226.3392781
   8827.2480466    6248.6796307    7498.0946006    3495.4930549    2692.1617141    8951.1521807    4274.9197735    9632.9987202    6624.9723718    6220.3814636
   8839.8753013    6235.4721531    7519.5816375    3473.7019806    2698.6178926    8966.1778313    4289.3372850    9648.4085017    6656.8437247    6219.1444755
   8821.6376792    6239.6992971    7494.4144505    3499.2289149    2696.0586524    8954.6897532    4283.7447336    9647.2312002    6614.2119121    6194.5469754
   8829.7738855    6238.8888712    7514.9082211    3486.2912388    2690.8886745    8959.9256792    4272.4038812    9648.6100298    6619.0617427    6213.6468934
   8814.0568958    6255.3177127    7504.7497528    3498.6365969    2694.5821677    8958.5273639    4281.9740559    9640.3621328    6629.6930229    6213.0747041
   8839.2861072    6228.9779295    7513.0639957    3495.5060245    2691.9830133    8959.8200140    4286.8570186    9653.8784227    6637.5654700    6232.8428238
   8823.4393860    6256.7141262    7499.4352550    3482.4165138    2705.6438248    8981.4459575    4271.8849919    9633.2447976    6634.6287160    6211.9292585
   8852.8885485    6240.6635804    7502.4430637    3497.3184860    2706.3950344    8943.6906693    4309.1027697    9654.0006058    6634.2303909    6215.6786786
   8852.2407679    6240.1156660    7511.7472942    3470.9451109    2692.9098903    8942.1347403    4283.0004666    9653.7333914    6601.8846358    6215.6492274
   8815.4577530    6241.6998486    7513.5286935    3477.7337174    2699.3790651    8961.8780730    4283.2556997    9668.9205230    6637.9225452    6203.5872261
   8833.6943539    6238.2293661    7508.7215464    3486.5566094    2709.1152661    8978.4966229    4295.9063699    9641.4572317    6627.9065462    6223.4357001
   8836.0617943    6257.6068404    7515.0575568    3480.6872549    2684.6073904    8960.9444011    4298.4218494    9640.4633085    6634.5870602    6218.7113570
   8826.8405792    6247.5133628    7522.0628903    3489.4195507    2680.6563222    8954.0583571    4280.3170675    9649.2762529    6634.1705180    6218.1695016
   8825.8977212    6236.3480028    7517.2311224    3482.4174486    2705.3495653    8964.4350232    4290.8880138    9645.4349545    6615.6158158    6221.6044018
   8850.0070954    6252.4809340    7518.9834087    3506.3039283    2696.0334295    8968.3408285    4274.8754385    9643.6320836    6639.0318025    6213.7840148
   8824.0404135    6244.8633544    7511.5777546    3503.2865718    2686.0429165    8954.6549838    4275.7393542    9646.0736986    6641.6284352    6205.3645676
   8843.7692438    6231.7323150    7521.0068542    3503.9939733    2717.7085356    8948.7295901    4277.1476221    9655.8766868    6643.8513159    6212.7015850
   8841.1186915    6237.2906024    7503.9107574    3482.9415356    2711.6286045    8957.8310767    4277.2233541    9667.3261656    6636.2884706    6204.6136606
   8834.1122549    6234.5036759    7506.0254444    3492.0799908    2676.6258054    8961.2118196    4270.9397959    9653.7049409    6640.1189666    6190.1059535
   8837.9563831    6243.1406719    7511.7547159    3481.3771022    2711.7154352    8967.3648929    4271.3705397    9649.7335840    6648.3739737    6228.4455282
   8843.9568832    6235.3151661    7521.2635285    3504.5354356    2719.7687651    8965.7215295    4285.3188251    9653.8810644    6633.5620108    6217.2717255
   8833.2509014    6231.7255831    7509.3623777    3487.3870683    2703.7828279    8957.6571914    4284.7675512    9652.9614012    6637.2523016    6240.6132168
   8842.8877505    6220.8991296    7496.7384424    3498.4154530    2710.2390824    8955.8987131    4283.1956013    9647.9485460    6632.7152985    6224.6527122
   8823.1757324    6229.5636109    7516.3079050    3481.7533948    2699.6014008    8962.2258636    4260.8184309    9655.5315425    6634.3930151    6235.9048527
   8858.0503463    6221.4055631    7509.7166930    3484.5428567    2698.0547982    8947.9226811    4269.6987618    9628.8265656    6627.6218268    6221.7341821
   8837.0624488    6263.8959330    7523.9097751    3478.5780168    2697.7006164    8973.2449969    4288.2329765    9650.6604932    6623.3942009    6215.6579434
   1124.6019835    9509.0155488    4506.1093385    5790.1948766    4079.0070537    2357.7859187    9032.7494437    5743.7538242      44.4636635    6167.0377793
   1132.4057578    9500.8894540    4509.0570167    5783.4675018    4087.7901704    2388.7401085    9030.0852159    5743.0425451      33.6393027    6178.3700666
   1149.9097341    9505.3961106    4498.1509417    5768.1379953    4084.5781984    2374.1760104    9032.9345899    5733.0302761      31.4569625    6156.7503731
   1160.7284849    9491.9984255    4496.2134989    5780.4963442    4067.3459273    2373.5336280    9035.8293204    5746.6598193      30.2921049    6173.9240050
   1166.7552667    9492.3797766    4500.7855029    5778.3150733    4077.7674668    2369.9076022    9018.9586609    5734.4320158      34.0239104    6182.6727848
   1153.3718464    9514.5955127    4506.4322583    5778.1168625    4079.7310048    2380.3579310    9051.7529627    5749.2669871      34.9670117    6187.1323438
   1152.3649779    9499.5331072    4509.1302627    5785.3741512    4077.4985726    2356.9634258    9025.7604971    5739.4252716      27.0246854    6189.5137117
   1138.8828111    9473.3393365    4486.0540882    5777.2530072    4071.5710521    2365.3539730    9036.0006080    5733.9320175      24.2388164    6173.5725238
   1143.4856169    9501.9559393    4499.7755008    5781.6228304    4086.2585381    2361.5947706    9029.1447995    5726.5674390      25.0024995    6164.8803974
   1146.3947288    9484.1039977    4487.5530389    5800.2806558    4103.7556573    2385.9091797    9035.2032217    5716.6193706      37.8938560    6171.0077928
   1143.2916164    9500.1138509    4504.7347477    5799.5204618    4102.2563104    2373.5737585    9027.4917168    5738.7372851      15.4649633    6167.7881524
   1136.8484310    9504.2818583    4511.8677704    5781.3763648    4086.2557278    2374.1763035    9041.7305392    5736.4051439      39.5616756    6166.1948885
   1157.9670966    9507.1185899    4498.7875700    5788.4263228    4082.2958910    2376.2526524    9040.5591025    5739.3995839      26.4630766    6179.6991820
   1152.0828662    9518.7202483    4488.3512490    5803.3596343    4085.5596337    2378.3227523    9027.6461289    5732.7772786      32.3344524    6171.7606518
   1133.6640400    9495.6978509    4500.0077511    5779.3196958    4091.6792070    2382.4997669    9025.6531608    5733.7802407      23.1439901    6173.2477482
   1157.7628091    9499.3287185    4497.4713886    5778.8266775    4096.6173220    2383.3316867    9038.7355741    5724.6980816      38.5640500    6172.9201484
   1137.7183605    9509.0324237    4504.5400863    5770.4772917    4078.8525070    2368.8202512    9028.4890783    5743.0889778      39.2166773    6167.7944282
   1167.7857818    9497.5689796    4517.3014526    5788.6984030    4091.7609101    2384.8485606    9028.0337212    5747.9689620      20.4895713    6171.0965811
   1148.6987929    9503.4724224    4481.8119350    5785.7519648    4081.1708288    2354.0548824    9016.5031621    5734.0459744      13.6921558    6174.4830817
   1136.6772313    9490.5048064    4493.0424711    5786.2832160    4085.5169592    2349.3132240    9012.7390417    5744.6750925      18.3921451    6175.8664713
   1150.9623977    9496.7400631    4499.6352803    5788.1612678    4069.7731022    2371.5721606    9038.0549320    5744.7421653      35.5052165    6169.6304295
   1149.4499044    9496.9804203    4491.9893440    5785.2902406    4083.6679699    2366.4441782    9035.1445560    5748.4997542      23.0044213    6195.0552621
   1149.0960731    9501.2049807    4509.1618046    5787.2717303    4075.1705033    2368.6167741    9040.6586904    5741.5836464       1.5038894    6188.4582576
   1144.5161093    9488.5656810    4505.0278440    5776.4334506    4086.2131905    2361.3569891    9033.0446160    5736.7050395      38.2942102    6178.0748127
   1144.5180495    9473.9292531    4491.2574909    5788.1967690    4088.8541397    2359.9158293    9035.2091758    5734.1335850      43.4390303    6183.8002775
   1151.6848455    9475.2707260    4496.9807595    5779.7118500    4081.9182749    2355.8623149    9045.6339070    5752.4522690      26.5137786    6168.9412043
   1143.4146663    9494.8694665    4505.1276792    5799.2419409    4081.8724979    2370.3141176    9047.8556880    5725.1013910      38.6952189    6181.5117925
   1154.0280382    9488.7164145    4505.3213564    5789.7942071    4098.7711278    2368.5754067    9040.4779851    5725.7106825      31.2528178    6171.1570902
   1141.5286174    9491.6543643    4518.3151576    5788.8649809    4082.5540886    2359.2300625    9028.8248928    5739.9242743      30.9649210    6186.0802261
   1147.7123681    9493.5046712    4498.9513714    5784.8665684    4080.7495972    2371.9463441    9040.3342790    5749.8191508      24.6015765    6158.1382948
   1153.6332312    9510.5844599    4498.3004645    5790.7149507    4074.1102843    2372.3137997    9029.3631390    5733.6340586      22.5895834    6167.3796728
   1143.7682482    9496.6991583    4500.4720803    5793.5823638    4080.4248590    2360.7935219    9031.4522820    5725.8809658      38.6750327    6182.3139441
   1134.4694661    9481.8499248    4510.9468928    5779.6009331    4082.1922147    2348.8746748    9046.2638844    5754.8479853      31.8720932    6161.7334976
   1163.9273700    9496.3565598    4496.6970598    5804.1361024    4072.2114054    2376.7345759    9021.7959923    5744.6328355      23.3241939    6159.2783258
   1167.5882961    9495.8779218    4489.6956209    5768.6432941    4073.8562880    2381.8014562    9032.8670566    5725.6794991      44.2368416    6161.1734903
   1146.7425972    9499.3478399    4497.9027438    5785.8046337    4058.6464364    2341.1248133    9037.7045575    5725.1374818      36.8218350    6161.8206484
   1131.7801266    9493.3731131    4494.7975257    5783.5385183    4096.4962270    2362.5098573    9031.0775176    5746.9913269      24.3508340    6161.2945709
   1149.3188298    9500.5241176    4474.9316006    5776.7279441    4087.1184520    2375.0771639    9037.4963340    5735.1703876      15.6781917    6169.5279821
   1164.0671171    9503.5797111    4478.9696530    5773.9270945    4071.0255197    2379.0650130    9040.9202539    5754.5167385      41.1645008    6159.8128805
   1148.0754718    9489.1279868    4483.1919698    5791.0529998    4090.6165436    2366.6083333    9049.0114925    5749.7744135      26.1681294    6167.6245090
   1157.1904402    9505.5897265    4493.6771874    5783.2654335    4090.3062162    2388.6489623    9039.6419909    5752.8403291      34.3694011    6163.6892583
   1158.3086164    9517.3124817    4489.8737820    5795.1850428    4070.0801149    2363.0224262    9040.0309177    5751.1745314      31.4446887    6166.4044461
   1158.5264395    9501.8256281    4502.7950581    5768.4886963    4082.5442237    2362.2119806    9018.1023734    5733.7969856      47.9659883    6179.6272630
   1147.8647646    9495.4825213    4498.6425312    5787.8818341    4078.6994360    2359.6294793    9027.5707699    5743.0911140      33.5290043    6160.7196478
   1146.2544734    9500.8305806    4491.1558700    5800.2267256    4072.4569258    2366.6235093    9050.6144123    5732.7135299      13.9207375    6163.3432513
   1140.4026900    9503.9469250    4502.0088893    5782.4412023    4080.6272718    2372.0123341    9047.1235010    5732.9362026      20.8825629    6168.6027202
   1143.5189408    9497.9664123    4495.3147492    5780.7058580    4074.2902039    2362.8259307    9029.0082654    5739.4724855      35.0799269    6174.0598662
   1132.8354281    9506.5476966    4527.6655756    5780.9548211    4070.9390537    2372.5604796    9045.4520614    5732.0463232      35.8455543    6171.7676680
   1160.5570693    9500.3207144    4502.8392877    5768.1002568    4077.4089714    2373.8110571    9056.4185564    5745.0316891      33.6510180    6160.1381742
   1145.4416825    9474.4930680    4483.6872775    5773.3979381    4072.8765327    2365.3226746    9022.5209033    5737.7079861      16.4878479    6178.3009629
   3258.2085846    5268.6129193    8856.5141977    3563.8249589    9090.5278502    6225.6904150     161.9255216    9288.5555337    6908.8879419    9967.4514450
   3282.7974592    5279.5334647    8886.7294462    3558.9511343    9103.0302906    6237.7036910     164.4417348    9294.4829053    6909.6877798    9970.2034869
   3275.8826746    5270.4367927    8867.4514937    3575.9667135    9104.4610848    6237.2519189     170.2995887    9291.1401213    6902.1339582    9976.4546253
   3265.3079128    5269.3792560    8856.3252511    3568.3423359    9103.4385760    6225.4836982     160.7432331    9273.4413267    6917.3846340    9978.3733694
   3276.5228500    5263.9628806    8843.8545288    3569.4432233    9109.3792769    6232.3771134     161.8487090    9291.5467360    6917.6329269    9963.3277381
   3267.4909971    5273.2161968    8872.1803045    3589.7852026    9062.9360694    6231.2115286     142.9923308    9287.0386034    6915.6394138    9984.7792979
   3278.8218046    5251.7717713    8845.9806924    3559.8277489    9077.5214725    6233.3104503     162.9239727    9293.8260614    6904.9353217    9985.6819557
   3256.6807997    5267.7886733    8847.4995690    3567.2406706    9091.5926804    6215.1799879     151.5591613    9288.2257159    6904.7010914    9973.1386394
   3261.5810015    5264.0720285    8858.4411643    3571.0193414    9069.3080857    6215.8091607     152.4868181    9301.3717979    6907.0021126    9965.7639851
   3275.8264990    5244.3270102    8866.8826414    3579.4387002    9095.4941842    6232.7940156     155.9959511    9287.9087463    6922.7100217    9964.0993992
   3271.2461295    5278.0046901    8861.7364720    3563.6279626    9110.1709616    6235.8673525     156.8332661    9288.9568450    6900.9232552    9982.5347784
   3281.8796698    5284.3988916    8857.7543055    3556.1117713    9079.8080176    6238.6679926     159.7371866    9290.6485261    6897.7987148    9968.9503572
   3275.8408558    5261.3739235    8854.9946197    3579.5041369    9074.9897711    6216.0900258     163.5538592    9301.3706644    6911.0974859    9958.7972971
   3265.1927109    5286.3445856    8845.0556095    3575.4708605    9079.7053891    6235.7034741     146.0843074    9277.5353282    6914.4585653    9974.5594007
   3268.7826788    5255.7369518    8863.7398376    3585.3761169    9079.9476393    6236.9660645     153.2076388    9303.2782006    6900.7041972    9971.9763801
   3275.0182052    5275.1993169    8849.9275216    3572.3091586    9109.0754746    6232.6117884     180.8910191    9290.3328659    6903.0322257    9976.4952630
   3278.2501606    5261.3077519    8856.6938664    3591.0253270    9082.8794317    6245.7040587     178.9176838    9274.4789886    6909.8844440    9949.4645089
   3248.2668200    5268.2607571    8871.9891078    3566.4744656    9100.2503834    6232.8472544     161.0857348    9294.2702323    6920.4872858    9972.4244833
   3279.1257643    5261.9188200    8850.8176861    3570.9591378    9073.9431884    6222.3294591     164.0553576    9296.4877924    6898.6673227    9985.0860892
   3260.7903185    5273.0725456    8847.6331561    3567.9626017    9095.9949090    6246.2762110     147.4294200    9289.4119901    6904.3374925    9967.1822089
   3274.6559015    5266.7719575    8872.5825635    3556.3575970    9090.1282835    6243.3953088     150.0732699    9291.2378949    6897.5523655    9965.4039754
   3256.2989895    5281.2965152    8850.9023337    3589.9834179    9097.0643014    6227.4517463     156.3801177    9281.0217798    6891.4970749    9981.3891522
   3271.2113211    5272.9318051    8873.7079206    3573.1317207    9084.0825647    6233.9471390     170.0606271    9281.2770941    6907.1011552    9992.9217679
   3267.9496713    5265.3403738    8877.2676531    3573.0166782    9096.5643886    6229.9437783     166.0108702    9290.2457925    6914.1808790    9982.6600707
   3254.2612862    5263.9192524    8864.1452649    3579.3105098    9081.7312831    6242.3692386     175.1529416    9290.6087385    6899.7694287    9977.1996215
   3265.7286071    5272.6341927    8870.7416425    3569.6967868    9094.8101776    6243.2868946     152.4346304    9278.0439056    6891.5384169    9987.3083312
   3297.7693150    5275.2191503    8864.9659397    3580.6897615    9082.8155834    6234.4780643     151.6029119    9299.8680420    6916.6885085    9980.1477185
   3255.3489289    5283.9015364    8865.9088895    3572.6915561    9086.6395261    6221.8195094     157.4713868    9293.9094797    6921.5383459    9973.7891754
   3265.1917012    5271.0748197    8859.9256652    3566.6719037    9089.6947644    6226.0858446     154.4673634    9278.6188676    6912.0153047    9974.0036081
   3256.3884601    5266.1403452    8871.0324131    3570.0066977    9068.7209964    6249.9624570     171.4130019    9293.4819852    6903.9644849    9963.8722552
   3265.2542990    5269.7029245    8844.6407615    3573.9500021    9087.3098326    6242.4687084     158.3516635    9273.4285307    6905.1139604    9959.1387768
   3267.2134324    5266.4560561    8864.2488929    3579.3578972    9086.4006077    6217.9661067     167.7988570    9278.9526145    6905.7890024    9959.0008061
   3264.7536093    5285.1967981    8866.9208550    3576.0799146    9082.1998002    6238.3155342     140.7596118    9281.5894710    6916.5322040    9968.9369443
   3279.2708701    5257.3011716    8873.2713110    3575.6514334    9092.2424212    6236.9088309     188.3399741    9283.3865078    6901.2475476    9966.0909164
   3283.5913850    5275.4293190    8859.8287713    3555.9349520    9094.2351942    6243.1629153     176.6943468    9291.5320481    6901.0253616    9974.3414688
   3263.6027411    5258.8740030    8870.6641806    3592.4359776    9093.1875527    6231.1687580     150.9317866    9297.7024448    6897.8826525    9979.8944872
   3264.0955749    5263.6265143    8862.8387082    3572.3656348    9081.3519092    6240.4133928     152.0353566    9284.5612273    6892.2562370   10001.4463933
   3255.6621842    5274.7850564    8871.4490277    3554.3679066    9080.4633634    6245.1488186     155.3622456    9305.9998420    6907.6172337    9976.1661692
   3280.9035846    5258.1454025    8841.2908160    3583.0682036    9106.3107598    6231.5993010     159.6240015    9288.4865768    6916.8460524    9979.8409975
   3272.3754740    5258.5598687    8854.8298387    3575.3181870    9099.2610811    6224.1192925     138.8953840    9301.5332204    6916.0106106    9970.5480453
   3255.7644177    5242.1316466    8858.8376004    3575.8628996    9078.5143759    6231.4760817     146.5310073    9290.3022061    6905.6306140    9963.9273506
   3261.5950149    5261.9748751    8868.2642222    3577.6093729    9075.1725181    6220.0771340     166.9917046    9301.6604072    6905.3212648    9961.2362514
   3251.7844885    5263.6835617    8858.4463735    3568.1600849    9091.7969570    6228.4951276     154.6347828    9316.3019275    6903.3204522    9976.1726952
   3258.3949407    5280.8572959    8850.2851401    3572.7600414    9085.8040388    6247.2009006     147.3588444    9292.6473059    6894.8328616    9986.1382635
   3277.4225647    5278.2202305    8847.8742389    3585.2316420    9088.9803909    6249.5313615     160.3801065    9305.3744298    6906.3874364    9976.9174882
   3264.6697571    5263.3555687    8866.5996798    3580.9374185    9055.5031478    6209.5993383     176.1884637    9309.4618852    6910.8458526    9973.2649158
   3278.9298952    5269.8949149    8875.8669173    3583.0684611    9093.0661068    6228.2968592     166.0074587    9282.8825766    6916.1143316    9972.7784070
   3254.5304224    5258.8917427    8860.8537955    3569.0358535    9090.3733659    6236.3593964     148.6518047    9292.8334793    6915.5319649    9975.6333891
   3265.6391723    5280.9382427    8871.2178136    3580.8973340    9073.9185660    6231.0314087     162.1680243    9276.7540957    6913.7633153    9970.2391441
   3282.8385088    5276.6332269    8860.6357669    3577.0572495    9079.0254881    6241.3267369     176.7815816    9314.3936576    6910.3397578    9968.7667411
   1737.4992029    1371.3622981    9327.0340786    6960.7981489     672.3244938    7532.8931930    7518.5518112    9223.7335973    7113.8405888    1233.3768644
   1715.1748701    1375.6429941    9343.0516389    6952.6263570     665.9154635    7558.2425538    7552.2417405    9220.4747170    7104.5478964    1235.7243824
   1715.0319895    1368.3425589    9332.7782702    6963.1961961     655.3955813    7566.7018955    7525.9324854    9227.4435207    7107.3929297    1225.3023344
   1721.4586971    1366.1523482    9323.6313327    6968.1612271     645.4965624    7551.4375128    7531.8897722    9222.3910469    7117.7550687    1230.4369071
   1718.0432861    1363.9905240    9326.3312772    6988.5698937     656.8075438    7559.3565921    7538.8972096    9217.8277627    7104.4482004    1251.9890177
   1721.2674124    1363.3984624    9327.4836810    6957.8084883     663.2688926    7551.3030135    7539.5030167    9213.2502142    7117.2641506    1257.5662495
   1735.0227629    1372.3011925    9320.6917089    6964.5840916     649.4850988    7556.3354160    7526.5547053    9218.3699845    7113.8076501    1247.9088929
   1729.9895793    1370.9028298    9331.0307388    6977.8728652     653.6646405    7550.6097259    7529.2803121    9225.6175255    7126.0878538    1229.9948357
   1743.6582017    1357.2941373    9328.7651518    6979.3042521     672.6299793    7554.5168077    7556.0281757    9229.8685846    7130.2183989    1249.0326958
   1730.8705294    1369.1013890    9329.8427706    6975.2545540     660.0787344    7537.4366074    7536.1699371    9228.4045284    7108.4061725    1268.8496963
   1720.0444709    1355.4437910    9326.6689366    6956.8539364     659.6897270    7558.4177726    7522.1504594    9213.9101840    7118.3358789    1254.9869795
   1721.9333128    1361.2206985    9330.1783869    6959.1885601     652.7915914    7571.1533180    7538.8630660    9231.7196122    7119.7115695    1246.0883981
   1717.3788774    1377.6542106    9319.7890493    6974.5995601     648.4175668    7557.5345209    7531.9382221    9247.0595021    7096.2635982    1239.4749745
   1722.5008483    1382.2735402    9331.3060040    6973.5217924     639.0883915    7565.1037570    7549.9972898    9241.8635283    7120.8186687    1236.0016281
   1718.4907917    1362.0028122    9327.9736927    6978.6113490     662.6086479    7553.1337341    7545.4470956    9249.9386870    7109.5431354    1245.1262141
   1723.7705263    1348.5121509    9341.3085213    6981.0962169     664.5149637    7557.1071235    7542.2061779    9230.7350109    7114.3588656    1232.6936410
   1726.1514535    1366.8454134    9327.0033872    6982.0774968     652.8256856    7553.5123894    7522.8248585    9234.4454078    7117.2897193    1239.0600698
   1716.1783803    1385.0038746    9326.5080154    6954.6351110     661.3670877    7552.6370090    7544.4086377    9229.9507980    7118.5279905    1236.2306663
   1729.7081898    1379.7911827    9348.2894941    6949.5108023     654.1073515    7556.1704982    7529.9491258    9233.6284569    7114.9052810    1229.9282293
   1723.7768857    1352.8119842    9324.1391788    6959.2327259     665.6304341    7538.7277380    7557.1224823    9234.2648691    7113.2822296    1248.2049415
   1738.2830537    1372.1734081    9326.2660313    6967.6520936     657.3461611    7545.4683613    7535.2865156    9231.8008635    7115.4826482    1242.7917982
   1715.0472511    1362.6624811    9335.0675609    6963.0954400     635.8997059    7557.2480691    7530.6019617    9242.5711818    7116.7902974    1250.2566274
   1722.0469560    1354.0580163    9308.1850240    6962.2781182     671.2962535    7560.6900397    7530.4234055    9210.5506283    7122.6189570    1247.3125117
   1715.1536086    1378.3975353    9346.1032419    6956.1968197     665.5826662    7555.7612807    7543.6351802    9208.5413474    7131.5275514    1228.2894852
   1729.3963454    1370.8950982    9325.8513170    6986.8865801     643.4341829    7554.1633755    7533.4915568    9217.3298763    7106.0313032    1232.1733031
   1719.9551263    1357.1649544    9321.8857702    6953.1194038     652.1292439    7560.6864675    7541.4236381    9223.5489222    7114.0887598    1232.2029175
   1731.9150518    1372.4910916    9325.1044115    6980.4971955     661.4996159    7556.4488343    7544.6191931    9219.8736204    7124.2940738    1255.7082577
   1718.2105838    1370.2837138    9322.2756351    6967.2280020     666.3361359    7549.9035826    7524.7724529    9229.0835338    7105.2351850    1251.2009322
   1721.3272925    1361.1899363    9331.2902286    6949.8578096     649.3665544    7548.2146162    7531.4067661    9237.0939788    7109.5914748    1240.9971813
   1727.4582135    1374.7457283    9307.0608343    6966.9840527     670.9250861    7564.0734552    7535.7195186    9234.0613402    7128.4757404    1238.0820020
   1722.4221658    1356.0606174    9330.9472097    6981.5844974     659.6392845    7540.3899860    7533.8730922    9215.3674913    7119.3897029    1246.1050759
   1719.1898111    1386.0067416    9331.8468789    6952.8279083     641.0361016    7560.6665916    7545.5120393    9216.9094009    7107.3181409    1222.1496580
   1742.1928655    1357.7007943    9325.3460237    6960.7005561     657.9330748    7557.2494783    7521.9785293    9198.3391920    7120.4231292    1228.4985615
   1718.4783077    1377.8132888    9293.3484794    6974.0886740     659.3327587    7568.6642606    7537.9242118    9228.3624676    7118.4771702    1260.2694910
   1729.4127066    1374.6351969    9328.2853278    6953.9718387     649.1293630    7567.5598153    7540.1674821    9216.5596989    7113.6794488    1234.7791558
   1720.3717111    1381.9645494    9318.1036056    6963.5572361     660.0589363    7553.1015804    7528.7466098    9231.5706644    7119.0596001    1239.5528628
   1748.8052852    1355.9960754    9320.9336414    6963.8509237     681.1870516    7546.6525532    7535.4074330    9247.5193529    7109.1760353    1240.9941726
   1700.6695714    1389.1587899    9318.8129086    6966.5453039     664.3866200    7542.2486726    7541.0083977    9237.3355055    7096.9022165    1251.7502907
   1723.6635824    1360.1223137    9328.6865627    6969.0363115     653.1856516    7560.2629572    7531.5720677    9236.2860295    7123.7811768    1247.8775448
   1721.3476991    1371.0901140    9320.7129834    6970.2295979     656.6810885    7552.4699082    7539.4111747    9230.9654571    7122.9446088    1234.6962220
   1696.4158936    1374.2203819    9319.1509351    6961.3061226     657.8953910    7551.1991275    7548.3375891    9232.4914014    7110.4761441    1235.7975015
   1715.5177712    1373.9993426    9297.4439349    6976.4128491     657.2542910    7547.7495120    7549.9626930    9232.7662839    7123.0723080    1236.6788099
   1735.8926062    1368.9433978    9324.7946266    6976.0955801     657.2689825    7537.7669840    7541.4807580    9223.3070094    7114.6902708    1265.7583842
   1712.5981246    1370.4893050    9313.7441088    6959.4427616     635.9176264    7565.3852560    7543.8391500    9238.7247755    7140.6299144    1241.6635326
   1710.0160891    1366.4633088    9328.7559433    6969.7872092     667.5449988    7541.0190908    7548.8971717    9239.2049198    7110.1998384    1239.7928467
   1718.9195489    1388.6153266    9322.0231586    6969.8082996     647.0055963    7564.1053170    7543.5046938    9229.6951008    7113.3714543    1234.9086687
   1718.9229841    1369.0532857    9331.1407149    6985.6045587     659.2705932    7545.0254728    7530.1240177    9236.7993998    7128.8483291    1260.5011713
   1741.6935807    1367.8225781    9327.6821740    6963.5671167     656.9616648    7552.0419489    7541.9089599    9236.8351677    7109.5758251    1244.4566537
   1721.5945655    1362.5183641    9311.8433951    6966.5217946     662.2173189    7563.5028999    7548.5386252    9236.2070517    7126.4368918    1245.5404178
   1710.4236706    1370.1797298    9327.4349925    6968.6214201     671.2305992    7549.0752920    7541.0899884    9250.4121062    7117.0905924    1240.7756039
