   4163.3034395    7199.2773992      -5.7279788
   4161.7679906    7196.5324731       1.0171022
   4159.0469435    7205.5890914      17.7417699
   4177.6404886    7201.3265789      -7.7325415
   4162.7484641    7220.1694804       1.6518257
   4163.8500906    7205.1540893      22.1462995
   4171.4216366    7209.4169655       4.1454514
   4166.6975486    7191.8197524      -2.3496791
   4168.1311047    7209.1111663       9.5335823
   4179.5310678    7206.1008077       9.9951598
   4162.6760676    7215.7736160       6.2730464
   4167.2391187    7208.1301159       0.3880310
   4181.5363409    7218.4431026      22.9995022
   4156.2550837    7188.8037964      -3.9009105
   4171.8204177    7212.0066236       4.3000976
   4149.9980349    7200.1828943       9.4234946
   4172.5209944    7210.8650462      -1.0795333
   4168.2124663    7205.1105483       5.2442646
   4172.2030442    7204.4350209      -5.5628747
   4173.9956849    7204.4631471      12.4385873
   4182.2092258    7205.0964986      -2.6091013
   4163.8327430    7207.4798780       1.9171489
   4166.7815103    7203.6809030      -5.0562603
   4177.2003674    7198.7736488      13.3888252
   4174.2549634    7209.1807197      -9.8053703
   4171.9138714    7210.6504989      -8.3932578
   4167.5578620    7203.5710799     -12.5874250
   4173.3716409    7211.7065409      -7.4514112
   4173.7255068    7190.1221003       0.7567931
   4154.0623235    7214.4591115       5.2327536
   4169.9738775    7195.4933182      13.8813075
   4189.8910645    7184.6651158      13.5053885
   4186.4965546    7206.6250514     -10.8489321
   4178.8535002    7201.4357314      -4.8954581
   4157.9194657    7208.7503094       9.0718168
   4163.9847397    7208.4506978     -10.2996657
   4178.2386573    7203.7106074      -0.7219495
   4169.2025883    7211.9337960       8.6478646
   4175.5147003    7204.6219465       1.9219595
   4176.4038496    7205.5698800       7.9692622
   4167.1188793    7178.8965568      11.5319942
   4192.0898435    7207.6585789       0.1421958
   4168.8555996    7202.0543925       1.3178423
   4158.9998597    7198.0739898      -8.8265201
   4172.7080386    7200.2785229       6.0958614
   4168.4730154    7213.1082863       3.2790872
   4192.1270443    7184.2813252      -5.3254187
   4179.2349159    7228.5281915      -1.3425996
   4170.6567370    7200.9817920      14.4583193
   4167.3469684    7210.0456328      -2.0542678
   3010.6001388    1470.6943854     928.4177958
   3036.2579851    1466.4544379     917.2123271
   3028.9533373    1469.9662791     926.1925985
   3022.5945993    1479.1622939     927.0808749
   3042.3723134    1478.6694752     929.9764456
   3007.0513429    1473.5821010     927.5887697
   3031.4352430    1478.0033291     919.3771658
   3031.5657825    1461.9358539     942.9347284
   3010.0062097    1449.9520226     906.8787350
   3014.4201705    1456.3677542     942.9467367
   3020.0607313    1454.1321503     934.5297775
   3017.4604869    1455.1903744     932.1443370
   3029.5593481    1463.2093413     937.4613477
   3024.6167421    1483.7284042     928.4133565
   3038.9137817    1468.6529351     911.1885037
   3047.8194128    1462.1011665     921.3975691
   3016.3217413    1465.5249637     925.8126421
   3025.3440281    1474.1691110     941.3075298
   3022.1210806    1455.2277008     911.5627664
   3016.6681811    1450.8169501     931.6362459
   3018.3435907    1464.4490584     923.3670329
   3009.3595221    1458.9457446     930.1330629
   3029.5111176    1463.1271889     941.4912968
   3010.2684571    1464.1090361     921.0775503
   2995.3948763    1486.9341963     927.0492678
   3012.8798325    1488.0706426     929.2425677
   3027.6209877    1461.4889242     924.4481749
   3008.0689232    1475.5091691     919.6415645
   3024.6662083    1479.5794568     926.2334288
   3025.9504008    1470.3239012     916.0532316
   3031.6857735    1482.9924993     930.9740043
   3032.1748145    1458.7860930     914.7080755
   3008.9169661    1479.8814389     920.8441490
   3037.3241657    1459.7397913     919.0108579
   3024.2799772    1476.7734089     923.9934496
   3025.4369739    1467.7241838     925.1578249
   3012.1610261    1468.3681792     921.5201578
   3022.7574815    1472.4822737     916.5791663
   3022.4806460    1464.5852893     927.5589677
   3031.1734328    1458.0046555     929.2450520
   3043.9835595    1452.8473389     915.0842287
   3014.5199503    1464.7679310     939.6144385
   3023.4592531    1460.6119722     929.6039827
   3017.3276810    1478.7930298     926.4386181
   3037.2135203    1460.9454657     953.6945188
   3031.5715726    1474.1047097     922.8740632
   3016.0697551    1458.8812214     922.0261744
   3015.3530285    1470.3856653     915.1249734
   3029.5365533    1477.1201252     916.3275426
   3035.2525870    1465.1794888     934.9388265
   1866.9837772    3466.8305536    3957.7045444
   1861.5341739    3470.1215630    3961.4943738
   1842.2301015    3436.1813786    3942.6103358
   1841.4604746    3451.4908788    3980.4600231
   1858.1798210    3458.8425440    3966.5748274
   1862.6876032    3453.9252820    3965.9329389
   1867.2137548    3443.8474437    3977.7760141
   1871.8022931    3453.6566970    3975.7286765
   1855.5886695    3450.2350402    3969.2373808
   1860.6999035    3451.1198901    3960.9502619
   1857.0271666    3464.9989579    3948.2415083
   1866.1270574    3453.2429009    3974.9528773
   1867.7528499    3427.7819258    3973.5212084
   1865.8448562    3455.8258988    3962.9880041
   1871.1349260    3451.4769773    3986.0219186
   1868.2459423    3476.9855511    3959.8194023
   1845.0428574    3462.7551664    3976.2017829
   1862.9557147    3440.2193380    3963.1957905
   1868.7819691    3453.7655072    3966.5148905
   1860.8475241    3446.2681239    3962.3445390
   1848.3365596    3473.2868699    3962.9210136
   1867.3782156    3445.3884110    3975.6200247
   1843.8705040    3464.8134216    3967.3210631
   1883.7081643    3442.5419297    3968.4385471
   1866.2744319    3467.9362624    3963.4461727
   1863.4667578    3434.1826031    3959.3730537
   1867.1182733    3466.6490137    3964.8573796
   1883.1656690    3473.2097627    3967.0682174
   1838.4670838    3437.8316067    3959.8961540
   1873.7605249    3458.7099933    3946.7322641
   1860.3144555    3471.7408842    3963.9266954
   1855.1024176    3476.1535115    3968.2088377
   1857.8105428    3459.1089420    3967.8463896
   1858.3106910    3467.6918337    3978.8317603
   1871.0107294    3454.5783983    3979.1437461
   1862.1050880    3460.2737031    3978.0116110
   1870.6905574    3473.5048173    3972.1875825
   1845.7615139    3444.0055694    3981.1758105
   1859.2892821    3459.4726619    3959.1601857
   1872.6109280    3451.7589479    3982.2558247
   1857.2797736    3466.7886044    3974.4187034
   1855.3781947    3466.5972338    3958.6583974
   1854.3774419    3462.8243834    3961.4213223
   1856.6636831    3452.1682633    3957.6730504
   1873.0520579    3461.6924174    3966.9814553
   1861.5181931    3460.1088256    3985.3280933
   1871.3118118    3450.5226991    3975.4489344
   1861.4144021    3453.6172886    3986.3394561
   1858.4127348    3450.8154213    3948.1536894
   1848.5788223    3460.1184998    3960.7255333
   5393.3214781    4180.7964335    6844.5219057
   5394.9130471    4206.5540678    6858.1197320
   5400.1456485    4208.9910857    6862.5958955
   5378.9829397    4190.8916969    6858.4969607
   5384.0188710    4196.4646044    6836.4034411
   5379.8810602    4197.2339415    6829.8241389
   5377.0902150    4191.7679609    6835.0010592
   5388.7385500    4183.9496691    6849.2790580
   5385.5775115    4193.8380760    6846.5571166
   5389.0642041    4185.9335760    6857.7557391
   5405.1054312    4193.9138418    6853.8936965
   5376.5272603    4198.8788063    6844.6143307
   5380.0788681    4197.5195386    6854.0053914
   5399.2390945    4206.3739133    6846.7981883
   5389.4511099    4209.5492959    6861.8603965
   5395.2978305    4205.0072047    6846.1489743
   5394.5331741    4206.0376779    6868.4041268
   5380.1054919    4189.4284020    6856.0221557
   5385.2773666    4188.0269816    6859.0350172
   5384.6332402    4174.0660151    6855.8134771
   5383.9224121    4184.6298342    6836.5376225
   5398.3055647    4169.6740177    6835.2016679
   5385.4088794    4204.2346999    6865.2920630
   5376.6175137    4190.1688221    6837.0904402
   5398.2794107    4177.1795174    6850.7630465
   5398.4971778    4189.7210037    6866.8966074
   5379.4672578    4195.6370487    6860.7278258
   5386.7702227    4205.8082867    6857.6762998
   5371.7928441    4231.5311711    6858.6814404
   5389.2407730    4177.9570158    6853.0126822
   5383.5679117    4198.3886807    6855.9117069
   5406.6974349    4193.3676578    6857.3300588
   5391.8919085    4190.4602460    6850.3610020
   5399.1773421    4199.7454154    6845.9005879
   5377.0329790    4191.2710438    6863.8094038
   5387.8920462    4209.4094949    6844.4443011
   5389.5837454    4166.7821054    6846.2383252
   5385.0761268    4197.0545218    6869.3016224
   5388.5167759    4206.4843198    6858.8118147
   5398.0308618    4187.2835955    6866.0449174
   5377.4376972    4196.8967301    6842.6743830
   5382.9858845    4177.3311080    6847.0315249
   5391.6785090    4191.2574394    6838.7173546
   5402.8747386    4195.3173534    6862.2756583
   5396.0196092    4185.2964664    6832.7445344
   5379.0130964    4204.1967025    6841.6595432
   5396.3277769    4185.8210743    6856.1260964
   5369.9281415    4203.6158957    6851.7983170
   5397.0255980    4193.8437605    6860.1756419
   5387.1480196    4199.3787095    6837.0992771
   2033.7153904    8788.4291040     273.4841494
   2042.2349556    8779.3782410     278.8931831
   2038.5890598    8786.2774399     264.7180135
   2040.4499769    8791.0238806     284.5884563
   2033.5509537    8789.5607114     263.4841088
   2051.8527296    8762.1862433     262.7048251
   2039.4327745    8779.5095044     288.1120763
   2053.5624891    8796.9290430     285.9420110
   2041.6938618    8778.5110951     284.5656482
   2044.9262116    8779.6044272     260.5239047
   2043.4578961    8753.2643998     269.3147564
   2034.7235948    8788.1001074     269.0892084
   2041.2319818    8794.6454186     263.3852545
   2047.6890863    8762.2216944     274.7732232
   2048.6251548    8789.7730736     264.8891000
   2047.7190667    8784.3559059     273.6836156
   2046.0226601    8785.8097071     277.8547362
   2034.5623884    8769.2157488     298.9357348
   2063.7204202    8767.2574251     278.3781094
   2050.7968681    8788.6877363     275.2798863
   2035.2537779    8779.3501598     268.9646806
   2045.8662285    8778.4906509     272.5591757
   2054.7080221    8793.4799459     262.0649003
   2039.9231963    8773.2663644     286.1131541
   2043.9288183    8795.6642580     269.1001234
   2044.7824973    8767.6873994     286.9012873
   2040.8963764    8766.3227994     267.9513191
   2021.4734179    8780.8561922     275.0008094
   2047.4032790    8796.1554457     270.8661704
   2052.5970565    8784.2967508     271.9427156
   2023.7544771    8790.6493756     268.8361925
   2044.7020562    8768.4697561     276.7058873
   2045.6028055    8781.4685401     272.5280007
   2055.0146802    8790.8365725     281.1351005
   2077.7332849    8775.1721106     270.0807568
   2034.3744604    8785.5342259     267.0010580
   2017.5388799    8769.0409827     274.5984510
   2054.6203707    8765.6049483     267.7515107
   2043.1289793    8773.8889890     279.1875699
   2044.5625057    8784.3870231     266.6237827
   2059.8878606    8781.1706138     286.8114282
   2040.1325207    8787.0747586     267.0820941
   2035.0134048    8774.1308606     273.4172651
   2042.3351627    8796.5664340     262.3888897
   2033.6191140    8798.1762454     279.9637686
   2025.7083886    8786.1470549     276.2492590
   2023.0780568    8777.4787397     273.7013825
   2051.8365225    8790.7193206     274.8333997
   2054.8570053    8779.7116312     265.3009637
   2035.1806789    8786.6008169     254.2942411
   6711.4531775    4161.9822930    5583.3060435
   6709.7289208    4185.2274327    5567.4914748
   6696.6133197    4173.5386406    5580.9374211
   6713.2913328    4152.1841180    5590.5163009
   6708.9343035    4173.5388276    5597.9206518
   6692.3793592    4184.1341913    5579.8690804
   6711.9306070    4169.8059815    5595.0417157
   6712.4798011    4158.4074879    5585.3533725
   6703.7507786    4170.6692710    5579.3416568
   6723.1894807    4175.1389904    5602.4484444
   6698.9836152    4162.4300561    5588.2207622
   6699.0427357    4196.9494833    5589.3525129
   6716.2010931    4170.8056660    5583.6376714
   6704.3659876    4176.6051963    5595.3941529
   6703.4535616    4166.2395079    5576.2195187
   6703.9083082    4178.7776509    5591.4777552
   6704.4969263    4167.0466357    5588.3659371
   6710.3931506    4172.6798471    5588.0219693
   6703.1700585    4182.2030164    5582.5162818
   6706.5304580    4176.9923040    5594.1535100
   6719.6339494    4179.8025618    5592.8904168
   6689.9727309    4179.1120631    5609.8354606
   6696.3749919    4162.8528252    5584.7517460
   6714.8875830    4178.2955286    5582.1270424
   6704.3152000    4183.4184135    5593.6244819
   6728.9638715    4183.1048905    5590.4339566
   6710.8223645    4169.5581818    5577.1205544
   6706.3946731    4177.9536341    5572.9454542
   6699.4515371    4169.3554647    5589.5547085
   6702.0704412    4177.4989908    5587.8794069
   6715.2783769    4155.9363471    5603.4695308
   6718.8518419    4173.5511945    5593.4015166
   6710.7405858    4165.6751274    5588.5449351
   6712.4568436    4176.1461913    5597.4114921
   6705.6250629    4173.8555336    5579.2202470
   6701.0297213    4168.4508469    5603.9531196
   6707.0801573    4163.0537587    5590.8842683
   6702.7550648    4142.5103799    5591.6968082
   6689.1481140    4178.8326679    5577.2856485
   6690.0918572    4177.9914402    5571.9563468
   6700.2081097    4175.0917976    5593.0206097
   6712.1239471    4172.6852108    5578.5743310
   6723.9132560    4166.9882105    5604.9341743
   6700.1498521    4184.6608806    5597.5979398
   6694.2197593    4176.6008687    5594.4522047
   6711.6849230    4171.0586492    5589.9178849
   6700.7282050    4161.3298899    5596.7384068
   6699.0782876    4186.8456056    5592.9227935
   6695.7486350    4171.4360405    5584.0344353
   6695.9662253    4178.0623196    5582.1121437
   1420.1863011    1989.6238033    7998.6437961
   1403.6793807    1978.7472889    7991.8006082
   1413.1819427    1990.5129790    8016.7006989
   1399.2995074    1991.7047506    8005.3481574
   1413.2208637    1999.1401690    8008.8467856
   1389.6778982    1977.8458789    8013.8555454
   1416.0681297    1969.6769705    8005.5402038
   1406.2027772    1985.3648741    8016.5499228
   1394.3849894    1976.7801079    8017.5253515
   1407.7927351    1985.4986974    8018.6989217
   1404.9099198    1986.2949251    8004.3000481
   1390.4192857    1968.0623120    8008.1888923
   1401.8737788    1974.4688592    8010.6258297
   1394.9666704    1982.1282635    8007.2504612
   1395.4694968    1958.0328320    8022.0109606
   1407.0357583    1954.3736315    8003.1814006
   1407.8072633    1978.7334839    8013.2489879
   1394.1367101    1982.7665681    8006.9108498
   1402.0387661    1978.8046018    8009.4432823
   1413.1966001    1975.7136928    8003.3732865
   1405.4750359    1979.8133911    8011.3017097
   1411.0522933    1993.9267799    8006.2812453
   1381.0964060    1980.3186455    8010.9843910
   1401.9998358    1979.4825292    7983.1206016
   1408.9492293    1977.7745676    7992.3349207
   1395.1551653    1972.3665914    8013.5331776
   1409.4857669    1996.1623947    8013.9249349
   1390.3528921    1966.9227981    8018.7529403
   1419.5362480    1978.6374099    8013.0337166
   1388.8204731    1961.5756733    7995.7054500
   1400.2975107    1975.8011270    8005.1445461
   1398.9592416    1987.8079023    8021.7211563
   1404.2313606    2001.3148657    8001.1016397
   1398.6183520    1984.8922375    8003.8976991
   1415.6399085    1974.6038127    8020.6726266
   1405.8111361    2006.6694187    8002.8045377
   1401.8424469    1982.4714090    7985.6354071
   1409.8920372    1985.8233520    8008.5388704
   1388.4254281    1965.5492804    8013.3118719
   1415.6211728    1996.9595372    7998.4912715
   1393.5614057    1978.2955029    7987.6883853
   1397.9800742    1989.5327872    8023.7917118
   1406.6609405    1997.4204273    8011.5544161
   1405.7830251    1979.3004790    8009.3150572
   1401.3208565    1979.6057833    8000.8267684
   1406.4597050    1981.1593750    7992.6498864
   1401.4623809    1972.4581769    7986.9636822
   1408.7082224    1996.6017734    8031.1429886
   1419.4935812    1972.3068753    8019.1981367
   1415.0683760    1961.1365955    8016.0585719
   9688.8875275    3135.8698641    6926.1123238
   9683.1988310    3150.5611401    6919.2082684
   9680.6163633    3134.3156714    6925.9827974
   9664.9832592    3148.1215197    6925.4881543
   9688.3070032    3136.2149415    6921.3617440
   9679.0633421    3135.2029230    6924.7466801
   9694.1683747    3137.7023591    6921.8912700
   9702.4814083    3121.4475200    6909.8240649
   9686.1617777    3132.1180487    6905.4801968
   9679.4934606    3127.1352239    6934.5374427
   9676.4032395    3144.7479281    6927.8239737
   9680.5524481    3134.4534999    6927.5127441
   9659.5353721    3137.5124657    6919.4349606
   9700.5949509    3127.3290920    6934.6517959
   9657.4665109    3142.3880317    6925.9871842
   9680.1455923    3133.0328885    6920.6205508
   9686.8457893    3132.8992959    6905.3487796
   9680.7576486    3156.5889990    6923.6946187
   9685.5236367    3129.8612365    6924.9667014
   9684.3952128    3131.6297624    6931.8587907
   9673.3849776    3132.9398295    6928.2766942
   9679.9457154    3122.0029851    6928.8087989
   9672.7941476    3129.7687000    6914.9446808
   9681.5084731    3129.9479219    6918.4802580
   9689.4255465    3151.8678706    6919.6510146
   9687.8423089    3130.6876467    6924.2155792
   9693.8932706    3134.7447140    6915.0706832
   9675.3164911    3128.0743173    6923.0931145
   9691.1958717    3120.6538132    6912.8532650
   9673.3703451    3116.7477274    6936.4853835
   9682.2519708    3153.2495748    6908.9828199
   9695.5575803    3127.2252963    6919.1524598
   9672.7261126    3124.7431430    6909.9887026
   9684.7790868    3121.0997713    6920.8081380
   9682.5237418    3140.9078884    6924.2300739
   9685.8290155    3139.3858972    6923.0536480
   9686.2492364    3124.4445797    6915.4714523
   9701.5908653    3134.1244394    6916.1211499
   9696.4145562    3132.6733555    6916.7612464
   9668.1258417    3142.0367003    6912.3631476
   9677.2254314    3140.6827815    6925.0624924
   9681.7514885    3132.1019038    6934.6854302
   9704.9184987    3128.7541733    6928.9151976
   9701.9037602    3145.0323521    6916.3578404
   9678.3089509    3128.2620962    6914.0917226
   9676.3767057    3136.8605364    6917.3558666
   9691.3777558    3135.4743362    6919.2548999
   9691.4766564    3137.4314998    6925.8748330
   9693.0161417    3139.9744361    6922.1371720
   9691.9913056    3137.3349596    6952.3992443
   8774.8784080    8957.5987613     863.3520474
   8764.6899191    8959.1955892     850.6756840
   8755.5797889    8940.4267705     855.7216192
   8748.2803241    8948.1501643     843.1586128
   8771.0736868    8938.6048979     869.1651463
   8771.5697043    8933.3780454     868.0297072
   8761.6189979    8938.7918739     840.2041205
   8769.5691704    8961.1118537     844.6578440
   8753.9153145    8934.6696342     865.4061668
   8780.5988152    8942.5819236     855.8191646
   8763.8624685    8945.4603320     860.0823400
   8768.3010830    8949.3615347     847.5163243
   8772.0475266    8943.2465760     850.9413386
   8766.0862979    8934.0550785     847.4511640
   8760.7654928    8947.0786659     839.3239328
   8752.0260060    8962.3012561     862.0065498
   8772.7819165    8964.3148229     854.6380661
   8762.9807356    8950.8883925     831.6492438
   8752.9106915    8953.6530057     850.7682685
   8751.1151596    8952.6520038     860.4311302
   8770.5703186    8945.7636672     842.0816189
   8764.9674723    8950.3358783     846.8562257
   8769.9218821    8949.2109544     853.7732592
   8743.5661251    8956.8775650     867.6860309
   8759.8668467    8931.2976452     856.8314069
   8759.2349256    8936.3965113     862.6192763
   8750.0577294    8953.2409213     837.9647725
   8778.5142028    8951.2321597     847.8681637
   8765.3852225    8951.8875089     858.7410575
   8772.1694372    8951.5339377     845.6682971
   8770.5323184    8932.9533912     860.4830447
   8772.6215813    8960.0074455     844.5543176
   8765.7536399    8954.6494950     853.6206925
   8759.6248501    8949.1399457     851.1224340
   8773.8485624    8939.7820095     853.8369918
   8766.8208342    8953.6399163     849.7131912
   8765.1646693    8945.3571383     850.7827723
   8763.9751146    8942.7991895     878.7151116
   8755.4524081    8934.3325360     842.4858476
   8756.7909975    8946.1810008     864.7514417
   8780.7753608    8948.4398787     825.4599866
   8767.7351165    8932.9600894     845.4350979
   8752.3942951    8950.3228608     844.1760393
   8771.6127197    8950.8396590     848.0414180
   8764.6971267    8955.2408327     846.7207945
   8773.0477118    8945.8734750     853.1360882
   8771.8839317    8959.3819603     855.6502357
   8764.4752418    8953.2734944     834.9876373
   8780.2811390    8932.8117224     859.4792080
   8758.2498837    8951.1391509     849.2764395
    393.5837299    1690.2963253    8759.8187543
    394.6143888    1692.2991523    8774.9386766
    383.2946010    1718.1483081    8775.6031099
    393.8159621    1686.6997637    8796.6560014
    384.9851526    1672.2977776    8808.5445330
    379.5663460    1711.3935190    8788.7557599
    397.0696287    1695.9893473    8783.3170218
    402.7871924    1695.2948885    8783.9381306
    399.8307345    1699.1380840    8777.1752023
    405.0646214    1701.7210816    8780.1733076
    382.7888841    1688.2482234    8790.3628753
    400.0405132    1676.5970851    8775.2701179
    400.1967137    1722.5472618    8802.9285724
    399.9664941    1712.0375202    8776.1508397
    398.2931776    1685.9325486    8775.8062708
    393.7575432    1719.9835663    8788.9046676
    393.2861032    1696.6033600    8768.2006046
    396.5764624    1694.8132587    8783.8154814
    381.6545232    1699.5167452    8766.0547456
    395.5868945    1711.5014548    8790.5645424
    411.6860699    1701.5497308    8786.4786687
    395.6964807    1689.5068976    8802.9573690
    400.4336132    1695.8759314    8772.3967169
    396.3629252    1706.8796712    8782.8038830
    392.4085775    1696.4230273    8781.3975603
    403.8992456    1712.3103745    8766.4232655
    391.9366211    1686.2631821    8768.0680798
    396.4073602    1689.8885023    8749.8914598
    396.9993589    1711.1256139    8801.8128057
    386.5848994    1712.7586487    8755.2149179
    380.1138363    1703.4938894    8786.1403770
    403.7520115    1707.8710905    8780.6093341
    405.8403110    1705.1690220    8798.5959216
    382.5050624    1701.3067324    8777.1290776
    398.6069654    1696.1086740    8778.9065123
    377.2829359    1701.3862370    8792.5799280
    400.6297884    1668.1438758    8765.2285774
    410.5992376    1696.4279322    8779.9356220
    402.2011867    1700.2706486    8775.0991329
    388.4493628    1717.2758025    8767.6111228
    403.5600807    1695.1802745    8778.7127471
    409.1769632    1691.8754597    8789.7756179
    386.9172978    1683.9835254    8779.7648356
    402.2370961    1696.4452739    8786.9192526
    392.4333655    1698.7725092    8777.2500561
    391.8656553    1677.9752611    8776.9418177
    372.5083961    1701.0011841    8784.9716392
    382.5871798    1706.3172717    8785.3833398
    393.4835532    1694.6901570    8786.1529643
    401.0899027    1691.6997637    8773.2565900
    995.3584459    4187.8919653    9552.7224006
    965.3210675    4212.8936603    9580.4190436
    988.4333887    4211.8360230    9594.2690996
    999.2261728    4222.6663564    9567.3372988
    987.1041172    4202.4142232    9573.8881978
    973.2347163    4211.1833743    9584.3365423
    984.2552588    4199.1425631    9563.6349496
    975.8474903    4203.2998665    9586.7380332
    980.2755297    4209.1895867    9577.3259508
    994.4368198    4227.4374013    9583.1658869
    980.9852800    4225.1012653    9583.2777154
    979.2573695    4221.1819872    9580.9676010
    969.1280310    4217.3453131    9581.8935535
    964.9019241    4189.5658185    9580.2583116
    990.3019009    4217.1620506    9565.2855038
    979.9982388    4217.7421492    9563.5377794
    984.3211682    4213.2095427    9588.1328612
    958.9294190    4212.5261233    9599.0765200
    977.2562649    4207.9138568    9588.4352238
    975.8369123    4222.6457989    9584.3006331
    967.7276041    4212.0821842    9564.3054819
    992.9938165    4194.2695053    9560.7777644
    972.0952942    4203.0455234    9592.0447094
    983.2857630    4213.9862955    9589.6442990
    976.4902393    4205.2929929    9570.4207761
    991.3173848    4227.4090121    9581.4827264
    977.2355384    4205.8726398    9567.7721586
    990.7797920    4200.4469624    9576.3489709
    971.7787249    4192.0816191    9553.4957475
    974.5687232    4213.2570350    9575.7171458
    981.2325895    4200.3624512    9569.5784859
    972.7913149    4213.1885867    9599.3718499
    982.1046132    4197.3834460    9591.6215348
    973.4826742    4216.6515765    9574.4687474
    984.2791704    4245.4028844    9571.4200388
    977.6015339    4214.8286046    9578.6758339
    979.4076293    4204.1921746    9584.8002402
    994.2421040    4201.5554093    9567.5309705
   1001.7674007    4196.8246883    9586.0486360
    987.8596121    4200.0465546    9586.4902374
    972.4361749    4200.1807391    9564.9997991
    991.8111704    4206.5827916    9589.7478147
    975.3669380    4217.2228759    9592.9694075
    982.6082032    4199.8217226    9575.4695921
    996.0357130    4218.4671884    9575.0354206
    966.0246146    4218.2316179    9595.2043640
    999.9542791    4215.4041520    9576.9850098
    975.6071256    4205.3502319    9562.3977985
   1004.8138539    4210.8066062    9602.7393529
    982.7233642    4194.8930707    9597.5109525
   5323.0545795    6914.3920574    3171.6418210
   5346.2405818    6898.5090753    3155.1668578
   5320.7574997    6924.1625217    3173.2780810
   5326.4779515    6933.7033675    3145.8698673
   5353.3755549    6910.5146006    3150.5229304
   5334.6224234    6904.7651950    3170.6523986
   5320.9526807    6924.9106551    3142.2650097
   5332.7506792    6918.6658778    3151.2739010
   5336.5450417    6907.6028169    3170.3749677
   5333.6773233    6890.8566991    3175.2119258
   5336.1799860    6934.3067917    3153.3869445
   5309.0266965    6914.5739608    3142.8956104
   5331.2680251    6913.9438709    3157.2464329
   5314.0087689    6919.3089635    3150.5604917
   5337.9879384    6901.8481140    3150.9056003
   5348.2368431    6906.9605105    3162.5368469
   5344.9579109    6918.6702418    3165.0414165
   5342.0672461    6934.4686946    3151.4779880
   5330.5298589    6926.8123680    3147.6998696
   5332.1333568    6911.7854329    3131.8658988
   5335.0020012    6935.7954400    3151.4356633
   5332.4958236    6914.2400900    3147.7466766
   5333.0138944    6929.5004505    3177.3147434
   5339.9176153    6909.1575015    3140.8861538
   5344.7211556    6921.9382894    3149.0516776
   5321.0911284    6910.6939158    3167.4905592
   5331.4292560    6904.7664397    3163.8821000
   5334.7538757    6915.8598178    3161.2334625
   5323.3760102    6928.4101855    3140.9077010
   5322.6184225    6905.0023091    3150.9907195
   5324.0783394    6915.1446803    3155.2039884
   5337.1953751    6920.2364602    3157.6749071
   5347.6960892    6916.1062339    3140.5729507
   5341.1666679    6937.1298350    3157.0291970
   5340.0481920    6912.2149726    3157.0130636
   5338.0231029    6922.5568953    3149.7593335
   5347.9591477    6920.4993003    3164.4582921
   5335.7106396    6927.5078817    3164.4888430
   5329.4912982    6927.1079276    3176.7608673
   5351.6427699    6926.4115537    3172.0288623
   5318.5731363    6933.4951026    3155.9050710
   5313.7834957    6920.4232454    3164.9192730
   5324.6925730    6938.1424553    3168.6485868
   5318.9017111    6928.8620421    3156.2760369
   5326.1360473    6915.6048231    3150.7063600
   5319.4901395    6914.2879084    3162.0831992
   5345.9122700    6933.3545229    3149.4227028
   5330.4803730    6910.1774263    3165.4563349
   5315.1713205    6905.1383739    3148.7978431
   5334.1675842    6915.5596597    3155.4869491
   6865.4846230    8348.5895162     172.5381436
   6861.6156791    8352.0328423     185.6850650
   6875.9423431    8338.7944762     191.9453876
   6879.6755242    8344.8308161     185.5420749
   6867.2611712    8351.6134249     186.7619846
   6879.7041539    8351.3903683     191.5277905
   6868.3245441    8335.8390162     187.2163770
   6862.7097166    8339.9058448     173.9390670
   6864.3053060    8340.1820780     203.2794961
   6880.9769958    8343.5874160     189.9743452
   6876.5789018    8344.5283253     201.3651071
   6874.2303805    8345.2396278     164.8897821
   6855.3497247    8349.4436444     178.5001340
   6864.8017442    8338.3835836     185.3520008
   6860.4262564    8330.7296602     179.4663409
   6859.2890179    8330.7401426     197.1145453
   6864.2487672    8342.9880582     190.3865216
   6864.1833244    8353.9296552     168.0762272
   6854.6427181    8351.7089949     197.8017471
   6865.3093921    8348.4210616     174.6483344
   6864.7099180    8339.1673518     181.2803923
   6872.2320781    8326.2690795     185.0130307
   6856.9638610    8339.7908968     194.2645011
   6867.9636735    8355.5930153     165.2450263
   6860.9071086    8341.7200477     176.9884767
   6869.4116219    8355.2159338     171.8149847
   6855.3826512    8333.7371446     194.3588402
   6859.8619276    8345.2429112     179.5606666
   6855.3727110    8349.9893287     186.7130421
   6874.4225327    8344.0025182     179.9118992
   6859.1540593    8361.1381346     192.9584433
   6864.6054247    8352.7464550     177.0243360
   6885.5540244    8340.3410565     179.0858839
   6861.2989616    8363.2690686     184.3587978
   6875.8534625    8345.1557494     170.7530237
   6872.7640786    8339.9921535     169.6975483
   6860.8485214    8352.5732900     200.5256240
   6851.1344975    8324.2661391     192.1843434
   6868.0097894    8340.6219899     187.0663926
   6872.3037076    8365.3774064     181.5793541
   6877.8072785    8341.7391596     177.7860860
   6869.2470111    8335.1070439     169.8631832
   6874.6412078    8326.6259683     184.0162560
   6861.7618542    8342.5265171     169.5597205
   6844.6502525    8339.6476342     171.2305934
   6860.7550866    8347.1370799     175.4651711
   6854.2840238    8349.1571326     175.2644265
   6855.4139586    8343.2651863     185.7376878
   6886.0967611    8362.3923345     170.2489640
   6851.7667846    8346.9038927     188.4527628
   7500.1260938    9910.3342170    7493.4272460
   7517.8437231    9884.4321829    7472.6877479
   7490.7402665    9887.4730734    7469.0730446
   7495.1052289    9884.3031917    7491.0993911
   7496.7143939    9874.5402480    7477.1818111
   7503.3289786    9894.2200696    7472.4399533
   7507.9169006    9902.4791450    7486.5517100
   7503.8311080    9884.1297710    7475.5485938
   7481.1436988    9894.6903549    7478.1154550
   7502.9689644    9893.6236376    7473.7925161
   7511.6131063    9889.7419949    7496.6264963
   7503.1325261    9891.7971360    7478.9227724
   7516.2072894    9867.5759612    7476.3282242
   7498.3926095    9873.3066817    7473.7095173
   7479.7219223    9890.5147614    7467.6042684
   7505.1417542    9885.9930721    7473.3294087
   7485.9053233    9881.7824106    7484.7627820
   7500.1886775    9895.2733271    7473.7732411
   7517.5030847    9886.2313549    7473.2045895
   7514.5447418    9902.1865538    7480.7548506
   7496.6001283    9897.7116355    7472.7151741
   7510.7950649    9874.7390839    7480.8226111
   7501.5607045    9900.6918837    7463.3643475
   7503.7875167    9887.4037844    7481.6856267
   7492.6020940    9875.5919408    7477.0251732
   7499.0265116    9903.3627238    7482.7703602
   7501.4003869    9895.5943520    7465.5379974
   7508.6688139    9897.7646505    7490.7279825
   7498.1132088    9876.2583891    7471.8072587
   7503.9176881    9893.9785375    7494.4220416
   7516.6574899    9897.3233719    7481.9958318
   7504.0923490    9886.2577654    7492.2052283
   7507.3858649    9890.7694858    7469.1005384
   7511.9097633    9873.3420254    7493.9743657
   7511.2894445    9872.7402009    7481.1719004
   7489.0292069    9887.1646959    7487.2082435
   7500.0767685    9874.9722088    7484.2648166
   7504.0380265    9888.3385410    7471.2051541
   7497.9453328    9891.2961607    7480.1060456
   7522.5693706    9891.1716834    7479.5889305
   7506.2691290    9877.5565655    7485.8640958
   7517.6110917    9879.7731759    7484.6448940
   7509.1142804    9871.6774020    7498.0454331
   7490.9931676    9885.2603485    7485.4632656
   7499.1171206    9896.6402557    7483.1657980
   7507.1406624    9889.3606233    7496.3765599
   7481.2881694    9892.2518315    7478.6503925
   7491.8528233    9880.4947890    7475.9367440
   7507.2272548    9879.6495847    7480.0247080
   7504.1956382    9877.0529726    7492.7800303
   2828.6558137    7886.0531114    1041.4545376
   2801.3431258    7898.1269591    1030.4430138
   2826.5265369    7889.5499664    1040.1993699
   2810.5135822    7881.9536831    1010.6573716
   2810.2307928    7901.2384689    1026.8930116
   2798.1061740    7902.5613171    1040.7884000
   2813.9986871    7895.4073049    1024.3773012
   2792.2601868    7872.8619191    1031.6832482
   2823.6316082    7897.5722301    1031.4626633
   2789.2324585    7886.1139838    1032.3094535
   2802.2177259    7901.8766814    1030.6739981
   2811.3929806    7891.6511019    1030.3623941
   2817.0312559    7885.2735102    1029.4295371
   2791.5125466    7893.7606781    1042.9550758
   2811.2539397    7900.1334026    1042.7904895
   2810.6921025    7900.3758788    1036.2973065
   2794.6860352    7898.0542355    1041.7189295
   2795.5208241    7895.1531843    1043.0881965
   2800.7051561    7879.5822188    1032.8754055
   2820.3767762    7883.6638303    1031.2061651
   2796.9296112    7889.2036116    1034.6077786
   2819.2080567    7885.6268443    1025.1735158
   2795.7148962    7881.8553801    1016.9130652
   2795.9272987    7891.7351518    1032.6687196
   2816.1644125    7884.5772797    1024.4606845
   2796.8715482    7894.7507437    1030.6753416
   2812.2120086    7884.9018764    1041.3926543
   2813.8650521    7890.1686075    1026.0346912
   2806.2516115    7884.8779469    1052.1821131
   2805.8487937    7900.7176922    1019.5889928
   2786.9323448    7899.6659466    1037.4189330
   2796.8338731    7887.1255280    1025.4606278
   2806.7181898    7902.0318058    1016.8114637
   2809.2273720    7884.0516073    1026.9507461
   2802.8355686    7879.1787441    1060.6994515
   2828.6896954    7900.3159831    1038.8202176
   2794.0038187    7916.5667733    1032.4432384
   2803.2059655    7904.8332203    1034.8680664
   2796.6738845    7890.6040702    1028.4992080
   2805.0864776    7898.3378599    1037.5876548
   2817.4519396    7892.7522539    1041.8407510
   2821.5065391    7880.5330584    1039.3857714
   2793.7165995    7877.7225286    1048.1066862
   2815.7947603    7898.0270140    1027.4907518
   2819.4755329    7879.1216073    1032.9339950
   2809.2916962    7905.6645538    1016.9957888
   2773.7985071    7893.9469876    1035.4343373
   2806.1767234    7884.0208159    1031.8184578
   2789.0391299    7896.9992184    1041.1859497
   2797.1196018    7872.7538668    1030.9622487
   4476.9502586    9085.1489610    2949.1772383
   4480.3212166    9106.7962594    2939.9489183
   4468.0629251    9097.2911655    2935.2380401
   4474.0475532    9088.7490444    2937.2893219
   4463.3493198    9077.4598432    2947.6615494
   4480.6945407    9092.3448905    2946.3430102
   4496.8613925    9079.5640659    2929.1075332
   4469.6901658    9079.9505255    2927.0156161
   4478.7852544    9084.8727032    2941.9538665
   4467.0287494    9079.4167857    2939.7360944
   4485.9217415    9062.7888578    2930.1207775
   4476.3990579    9065.5434891    2940.6284873
   4490.9765370    9066.5240368    2920.4921961
   4488.4570830    9097.3084232    2923.4137274
   4469.0590546    9092.5492190    2933.7112464
   4473.7220975    9101.8964047    2939.1194741
   4460.7407733    9088.4881700    2922.0889071
   4486.3558276    9095.7749675    2940.5271037
   4488.2134603    9105.5978255    2943.4082834
   4475.2156624    9075.0219918    2938.3859911
   4468.5848801    9071.5675782    2931.5229887
   4461.1520805    9072.9502931    2941.1530476
   4474.1827090    9082.8886871    2935.8823228
   4459.3933436    9087.8172684    2936.1031843
   4478.4831971    9089.3834940    2914.4922080
   4498.0535569    9082.9215198    2921.7993466
   4480.0505605    9073.2433537    2936.8054107
   4484.3412841    9072.7660627    2944.5957480
   4480.2461838    9089.4458678    2940.1821648
   4484.0596032    9097.1586489    2944.7460282
   4483.8043653    9078.3116347    2939.0047948
   4473.3569222    9071.4675082    2935.7277150
   4469.8071608    9097.3064448    2935.7643918
   4479.3878874    9093.7070921    2931.9602445
   4476.3693132    9097.6017426    2922.3046977
   4470.2657096    9084.6180922    2943.9893756
   4481.4331865    9074.3798626    2926.9437440
   4495.8798620    9089.1177237    2929.9570715
   4474.0924866    9123.3575200    2949.5442028
   4462.5705216    9081.3672812    2943.3697106
   4476.1804509    9097.3455639    2953.7839795
   4479.0108657    9088.9024261    2934.4548609
   4487.7632524    9100.9542826    2945.4854375
   4468.1054857    9093.4986616    2930.3539444
   4496.4188814    9090.7178691    2946.7227711
   4478.7246679    9085.6316518    2940.4492601
   4478.6272486    9101.7441700    2924.7195207
   4485.7894262    9080.0884330    2944.7519462
   4460.9641008    9098.8162934    2933.0477960
   4466.5985302    9093.1218740    2934.2237153
