   4175.5581561    7202.3252014      20.2819520
   4173.5280183    7214.6643596     -10.1522034
   4161.7195233    7212.8531345      -1.0304336
   4171.8051959    7211.9791168       0.0299145
   4159.8396594    7193.1501362      -9.4388174
   4176.7828878    7202.6200185     -16.2427948
   4171.2516770    7197.0282659       3.9009286
   4159.3132982    7197.1450819       4.2078720
   4187.1383083    7195.7653970      -4.6642241
   4169.1125073    7223.6652219       5.6189551
   4177.0538893    7203.4737942       9.7160909
   4172.0593528    7199.0838186      13.6442487
   4182.7030449    7195.6681930       7.0266898
   4173.6886404    7216.9152615       7.8809089
   4157.3044200    7194.7624953      -0.5222475
   4179.3920072    7204.0474403       3.4261359
   4161.4152791    7206.0262229       0.4421804
   4176.5159263    7185.1106988      16.6182339
   4173.4706213    7201.1258052     -14.3234925
   4180.6720533    7213.3486892       1.8521146
   4177.3959453    7200.7378853       0.6284489
   4170.3513361    7205.2673250       5.6932706
   4166.2273653    7205.0556086       9.2186277
   4178.3453989    7205.3539547       5.3615397
   4176.0392989    7199.1428592      24.1124092
   4187.1050176    7209.5030491     -14.9698900
   4170.8210244    7207.8691423       7.9921131
   4164.2654437    7213.2354468      -1.9379592
   4173.8784305    7219.3200049      -1.2380255
   4166.8117642    7208.1208765      18.5344785
   4170.9097451    7207.9773483      -5.3598020
   4162.4289775    7195.4683073       7.3693761
   4174.4956678    7203.9850304      -3.3879379
   4176.2615834    7227.0969926      -0.0950851
   4166.9781103    7206.3524767      25.7600313
   4167.0588102    7185.0943067       7.9862432
   4170.5403723    7205.2076365      10.2182598
   4148.8716989    7211.4134062      12.9854613
   4168.1752414    7202.1364898      15.2885754
   4156.0535970    7209.9800690      -6.5791961
   4169.2812767    7201.5471942      -4.2676981
   4175.5995232    7207.1577610      23.2628969
   4168.5976008    7206.1567160       2.2243747
   4168.2247179    7205.5732574       2.6976808
   4176.1572986    7189.7393573       9.4493949
   4171.3522274    7190.8174773      17.1385789
   4194.9642411    7199.9216860       8.9152134
   4171.1235588    7201.3789597       8.5763339
   4166.0282664    7203.2945390      -7.1918245
   4166.4264581    7197.8087095      11.9799245
   3024.5437872    1474.0953107     922.4943982
   3032.3344428    1481.5837747     925.5627732
   3022.4897317    1449.1791519     921.3253236
   3023.7472807    1453.5133021     943.1828530
   3017.3855321    1477.4410726     925.2169884
   3032.5656562    1472.8906280     917.5346173
   3017.7203571    1468.9666400     941.0619572
   3015.4479889    1466.9416875     925.7702156
   3024.0734508    1470.9419558     926.1667139
   3035.5653851    1453.2539220     931.9303767
   3038.3942327    1472.7922476     927.5390602
   3029.1596017    1475.1535345     927.5128494
   3035.0040946    1455.4340104     901.8188951
   3014.3390501    1450.4915306     907.9351770
   3033.3996516    1452.4697512     927.4936572
   3022.7209929    1457.2693033     929.4553510
   3004.6612217    1458.8257035     926.3415806
   3025.6407658    1470.3392490     930.2862645
   3014.1459659    1459.0405340     924.2935334
   3034.9477510    1470.7767329     936.7991260
   3024.7424782    1484.9327549     927.1436355
   3038.1082831    1446.7572363     918.8516720
   3021.5357801    1461.2277442     928.1322194
   3018.4800962    1471.3177525     930.8664325
   3011.4411498    1469.9950205     902.4135417
   3018.8394200    1472.2645041     909.4001654
   3028.8145553    1465.0837580     921.1346729
   3027.1226451    1466.4019606     921.9197467
   3041.0197117    1467.5267203     916.7213464
   3015.6073662    1464.9093014     934.4587700
   3009.8383611    1473.4679357     923.7654984
   3013.7984861    1455.5486716     922.5955079
   3031.2246598    1489.4206832     914.1190377
   3027.3441790    1459.5999777     930.5882726
   3038.2418430    1468.5706785     934.3683290
   3024.4772804    1480.7832158     933.2175350
   3035.8976260    1472.1846286     914.2356155
   3032.1496111    1474.9186067     909.8723280
   3034.5679804    1461.6948771     937.9859215
   3020.5449474    1471.9250359     923.7681641
   3038.2264963    1493.5368153     919.7567915
   3014.1563813    1477.0990720     919.8721796
   3034.3346879    1478.6679361     920.9073058
   3010.0414797    1469.2125397     923.6613913
   3016.8266886    1459.9307846     932.2095993
   3014.9375039    1460.7735992     922.7270556
   3008.4853609    1467.9976812     916.9726060
   3032.7749003    1468.3114520     919.5810898
   3019.6382225    1478.2150821     924.1274744
   3039.9551730    1473.2164514     923.8902344
   1859.5503818    3473.8650083    3964.0528037
   1860.5863471    3446.1807147    3965.9537426
   1874.3443879    3460.7925887    3978.0016162
   1870.2364001    3465.1399099    3963.3323348
   1875.1132545    3452.8567867    3957.7223327
   1866.1327446    3454.8985414    3960.2603814
   1856.7168633    3469.8719448    3964.5368729
   1878.8823520    3443.6322218    3940.4161029
   1876.6455886    3454.4030509    3975.9970238
   1860.5948375    3458.5745123    3958.3018696
   1862.8122266    3452.9439007    3963.9565911
   1858.5280408    3463.3876114    3970.0232824
   1866.9030671    3458.0430859    3953.0387718
   1856.8023413    3451.9908110    3970.8755325
   1870.3409539    3449.8907992    3970.1498278
   1845.4392086    3461.4779996    3965.0231211
   1852.7992977    3435.9089341    3974.8823309
   1862.8039898    3435.2999098    3970.2481700
   1864.4108260    3466.7188742    3963.0185310
   1881.3891108    3441.2364477    3976.4593006
   1862.8567391    3453.9796140    3969.4720679
   1842.9759838    3454.1835784    3975.7377409
   1855.7628325    3442.1842260    3965.8675005
   1861.4100440    3448.3493645    3957.0125066
   1866.4509688    3443.9186877    3980.2045102
   1859.1795217    3461.4231864    3958.6035782
   1866.9164112    3440.5143465    3962.8114130
   1860.9444072    3462.5977525    3956.1226786
   1898.3357045    3450.4398261    3970.3847434
   1850.1366093    3459.0015414    3968.3477121
   1864.6301744    3464.1253215    3966.8667026
   1855.3259626    3458.1555605    3967.0069645
   1869.0298604    3460.9097382    3982.1360564
   1873.9680090    3452.4172480    3967.5232710
   1861.4110204    3433.5236318    3965.3085852
   1879.9563753    3444.4560537    3966.3638448
   1855.9973107    3444.1510411    3983.9666154
   1864.1294808    3445.0244182    3966.6552575
   1863.0793116    3435.8085136    3978.8608912
   1869.8007116    3469.3823707    3968.5227116
   1857.4941525    3474.4082194    3970.0420077
   1869.4039116    3455.5442302    3965.6717435
   1864.7002453    3457.8890410    3981.0850791
   1874.1175206    3439.3824811    3973.3133021
   1881.5600276    3462.2894097    3977.1093863
   1858.6893456    3461.8007188    3960.0378209
   1872.2509866    3448.1927283    3980.8606550
   1859.5054151    3443.7788822    3961.6237273
   1855.0623697    3466.1386108    3976.7333923
   1871.2447209    3448.8104430    3961.0511014
   5384.1925915    4188.5978218    6849.3171162
   5387.4200580    4195.2109428    6844.9159796
   5381.0830198    4185.4442084    6854.5266470
   5392.7721959    4173.6280610    6857.2441074
   5385.8206930    4204.0913053    6854.3368186
   5392.5689745    4181.2083924    6851.5639746
   5385.0000113    4178.2575407    6841.4138671
   5385.2435843    4183.7792507    6858.2112744
   5400.9252212    4199.1640217    6856.8071298
   5374.9520604    4199.2304995    6865.3157435
   5372.0867760    4199.5819486    6866.3849898
   5384.4240697    4187.7119726    6839.7763238
   5383.3070807    4189.6311017    6849.7306039
   5395.8470071    4185.6764976    6884.9006610
   5385.0969340    4188.0976555    6852.3468954
   5380.0411426    4184.0671235    6839.0528557
   5390.1534338    4189.2380877    6855.0074758
   5375.6271326    4193.1763945    6838.4990061
   5381.4931576    4196.5223090    6837.5738018
   5390.8031949    4199.9860983    6861.5446743
   5390.7321313    4189.6532632    6831.3786175
   5400.8370081    4199.9961889    6861.7980683
   5392.5168346    4198.7472656    6870.8838442
   5389.6743929    4186.2585632    6864.9443828
   5395.6746747    4200.0425293    6837.8139553
   5404.7578661    4195.0558697    6854.3521489
   5383.4198616    4188.6817317    6845.0938388
   5378.1305699    4193.0876233    6862.3325606
   5380.9669931    4187.6985796    6860.3956923
   5373.0541111    4187.1940726    6832.5999296
   5400.7437924    4189.8033190    6833.4979152
   5379.2427478    4180.9854724    6859.0801307
   5368.6947708    4188.5018945    6861.2445907
   5391.2094996    4206.4983378    6849.5187084
   5408.6344265    4186.3073632    6850.2667949
   5377.5749267    4193.9907003    6860.1327993
   5388.4465744    4207.7925905    6864.4773735
   5388.0976942    4193.1577292    6845.0426274
   5388.4474657    4198.8896480    6856.3591690
   5384.5106837    4200.3631209    6841.7793350
   5394.5895891    4192.5212244    6862.9475513
   5392.1230307    4189.6517283    6846.7501657
   5390.8239499    4194.3187324    6836.0997913
   5384.2024811    4190.9143684    6866.2886455
   5387.9612336    4201.5978250    6849.7076986
   5399.0640057    4182.8908374    6868.4792689
   5374.3650681    4192.2004293    6866.0877113
   5391.2091667    4206.6128850    6852.5508607
   5398.3249900    4199.1019382    6869.5167777
   5377.2051986    4186.5238682    6842.4524791
   2041.1828167    8769.2067325     268.6357231
   2029.9646029    8791.1278869     270.3980625
   2030.6063031    8787.8857119     270.6897556
   2058.4364413    8767.3570045     262.2757442
   2033.7932592    8790.3276762     267.8064497
   2053.6626317    8773.0077982     303.7074452
   2047.9252591    8768.5910720     272.6221344
   2053.7883239    8779.1271041     277.7837981
   2060.4134038    8790.6530750     280.4976762
   2043.2649023    8792.7946206     267.3555000
   2039.5471953    8770.9351097     278.3336676
   2037.2139055    8791.8218974     285.1341007
   2052.9483352    8770.3725147     269.8563877
   2029.9753607    8766.5724035     260.9506357
   2046.1369416    8775.7496775     282.1935326
   2059.7033805    8770.8003406     278.5375187
   2045.0034676    8769.2798204     272.1082102
   2046.6218204    8757.1979310     261.3387906
   2032.0315608    8781.0743294     261.3912904
   2036.2616395    8785.1127569     278.3938701
   2063.6823219    8768.0399920     274.1936243
   2032.8061337    8788.7883637     269.5771950
   2055.7288986    8795.5816652     273.0431462
   2033.8975659    8771.3772370     277.9572525
   2053.7899976    8800.8106208     248.9236108
   2033.6576754    8792.0257706     276.9539582
   2049.3479193    8796.4434761     270.4364259
   2031.1422705    8783.8269363     265.4574984
   2046.0469360    8777.8863584     262.9134984
   2059.7316768    8787.1133329     266.3788938
   2055.6284128    8775.1712244     304.5188781
   2030.0792214    8781.8652235     271.6174417
   2032.3830568    8774.4794593     253.9217628
   2033.2975015    8785.1623481     273.6246598
   2057.0824247    8774.9668614     283.6169605
   2045.8434163    8768.4683679     266.6338739
   2045.2916280    8787.3205658     274.1415149
   2037.5017365    8781.8641947     269.3313541
   2049.1367864    8769.9158141     291.8296180
   2040.3743958    8780.8892043     289.2189931
   2032.6358086    8782.1455940     264.0749024
   2040.9448248    8779.3882347     291.5059600
   2054.4375592    8779.8612236     249.2159595
   2052.0143508    8778.2519208     272.2978504
   2040.6705084    8780.5094382     274.1898842
   2025.8396379    8781.1663122     294.4776696
   2039.4758473    8785.0981721     272.0337257
   2036.9037623    8775.4975327     279.3435672
   2036.8680436    8790.9486536     257.4583655
   2030.5316422    8775.6010408     275.9456567
   6707.8338236    4165.0111589    5570.2509013
   6695.6206496    4174.6278781    5587.0836945
   6709.7965598    4181.6294850    5586.4308844
   6696.9491494    4178.3244210    5585.0781612
   6735.2629237    4164.9977772    5585.6260575
   6714.0981570    4169.5121163    5592.3084304
   6695.5808386    4161.0633422    5572.0638504
   6707.1962212    4164.3508372    5591.0722022
   6698.7470175    4159.3645203    5596.2096708
   6730.4931329    4175.3759431    5568.8246826
   6711.3763037    4153.3634819    5574.6840486
   6716.5218436    4166.0164073    5597.9782457
   6707.6394861    4177.6390551    5585.0554462
   6720.5326726    4171.3738763    5586.2538839
   6715.4116690    4185.2660528    5601.7901088
   6700.8086170    4167.4075470    5587.3396828
   6701.8742211    4169.7115736    5582.8145963
   6703.1760685    4175.8891294    5611.6596807
   6693.2718789    4192.8491305    5585.3382153
   6716.4823639    4183.4204991    5591.9143261
   6715.2992052    4170.7603710    5586.3599041
   6696.2979433    4176.2983942    5582.4380872
   6688.5685070    4172.2099473    5590.0540777
   6705.4344718    4180.4489961    5584.0123354
   6689.5345898    4169.2996495    5588.5427736
   6708.6103122    4181.2585661    5602.6563205
   6695.5953319    4181.6053826    5599.1667410
   6708.5936308    4176.7554855    5597.6262025
   6688.3246816    4175.0804035    5593.9476054
   6700.7990338    4166.1715702    5585.6616041
   6703.5445541    4174.5611105    5612.0951116
   6701.2846561    4195.8714350    5591.8841034
   6700.2054334    4180.3321269    5588.6328677
   6714.5089418    4170.2644343    5582.9737436
   6690.2821374    4178.3500813    5590.1590167
   6715.6801590    4172.0877556    5589.7828518
   6721.0125917    4188.8309152    5581.0099243
   6706.2206401    4159.2790261    5588.4513995
   6710.5807188    4170.6192922    5597.7379329
   6707.3718839    4184.9009087    5590.7443781
   6701.1021321    4180.6222132    5590.6074141
   6698.3556779    4162.6030176    5585.2290247
   6700.0090546    4173.9514355    5592.8456315
   6698.4901776    4156.3127321    5593.5422243
   6704.8049814    4180.8733442    5609.5296089
   6693.0060757    4164.1214732    5576.0851838
   6691.3158019    4166.3386064    5603.8454532
   6711.9912370    4180.4430621    5593.0109311
   6702.1833630    4174.5411504    5559.0053581
   6695.2774943    4167.2874804    5606.2795376
   1414.1946655    1992.6286927    8016.5289341
   1418.9683543    1985.4567013    8001.5014274
   1405.9248383    1982.4444183    8000.9473520
   1398.5184821    1965.0857706    7997.7781647
   1408.1504127    1992.9114287    8003.2361883
   1419.0000764    1969.1573148    8002.5426209
   1407.6119251    1993.0628076    8006.5181993
   1423.5713933    1979.4521368    8005.0163591
   1389.8674238    1979.2311116    7998.3243330
   1415.9651724    1978.5873690    8019.0984028
   1407.6675229    1989.8336866    7994.1005540
   1407.4829206    1990.6700381    8008.1689460
   1411.3076709    1977.1045861    8004.7652821
   1410.3082206    1987.5610912    8010.4476371
   1407.7962565    1977.5439312    7995.3790274
   1416.8242560    1984.9160712    7997.3988735
   1407.0171479    1984.4163390    8011.8968444
   1405.1203453    1967.9967964    8011.3197925
   1385.2110181    1972.9380697    8007.5358668
   1406.2322440    1971.9967910    8004.3398589
   1392.3529518    1999.0117910    8004.2413366
   1393.1768938    2004.5638094    7992.6011464
   1403.1758954    1996.1974680    7991.7120315
   1398.5803426    1976.3721529    8012.2313483
   1393.2013580    1994.7012742    8008.0389190
   1403.3934656    1963.8622853    8014.9456003
   1400.2751780    1976.7173910    8004.6744201
   1422.6833424    1980.8487266    8020.4699979
   1390.1600583    1972.6748541    8005.5991901
   1410.8092777    1964.1620904    8006.9571044
   1401.1628791    1989.9402410    8018.0074635
   1394.0439257    1978.9509560    8005.7746234
   1408.8969172    1987.9547416    7992.7517960
   1409.0426861    1995.8942065    8020.7002054
   1398.9104822    1979.0379071    8006.3631486
   1414.1569462    1973.2238376    8015.7990039
   1389.0048246    2000.0926724    7998.0112846
   1400.8896114    1978.8849929    8006.1508454
   1414.5161139    1972.3310997    8023.0590801
   1414.2851061    1965.2744963    8007.6317399
   1399.4814637    1976.4864727    8004.9927360
   1410.5186624    1983.4745038    8022.2826277
   1403.1756681    1994.5047869    8021.0416784
   1408.1267223    1981.8785425    7998.1161840
   1416.6344339    1964.6139631    8006.3366620
   1408.6168886    1994.0034339    8002.6626590
   1391.9265998    1997.3426870    7999.0531528
   1420.3885343    1979.5214622    7996.4352528
   1392.6320483    1974.4174433    8009.6018820
   1408.7104348    1995.7761799    8013.3596521
   9701.1062920    3138.1118035    6918.0031668
   9675.2825619    3141.4680494    6911.3645215
   9672.9086990    3134.3111822    6931.0126655
   9659.8376536    3141.0586809    6903.6174852
   9659.6606553    3141.9575182    6933.9383935
   9694.3955796    3140.2601209    6941.5580941
   9695.1647240    3118.4968106    6924.6882850
   9689.1913794    3133.7904376    6926.8953843
   9683.7124805    3150.1228961    6938.7845144
   9684.6381729    3134.9531333    6916.7452996
   9688.2250286    3145.5288901    6927.2287274
   9680.4848698    3139.5541696    6937.3409082
   9687.3974736    3143.0664408    6901.5819453
   9680.8590298    3121.4083447    6915.5961869
   9685.0555193    3138.6859173    6922.8645016
   9678.1600156    3137.0794145    6927.2540696
   9693.3064509    3128.1038709    6911.2850876
   9671.7161499    3140.5486908    6923.5548790
   9683.0823630    3144.2814757    6937.6442585
   9673.8937187    3156.6377737    6913.7842579
   9676.1718598    3131.6434818    6924.3755833
   9669.1277646    3147.4878795    6919.5739558
   9679.1044488    3132.7614037    6913.7309738
   9669.0217467    3133.9274685    6929.4128092
   9682.8600995    3116.2110934    6915.0918839
   9685.6153700    3140.1898983    6927.5875697
   9672.6699263    3113.3292503    6921.1588665
   9679.6118640    3137.3087645    6932.0492314
   9676.4924244    3122.8014844    6921.2556286
   9670.5741152    3140.4090173    6913.4502708
   9692.8671383    3136.2683941    6929.9835112
   9669.3017741    3134.4267512    6917.9098454
   9682.5586537    3131.3889741    6909.4080790
   9692.0366266    3140.3773791    6907.6175390
   9697.5783545    3125.4155239    6946.2143716
   9681.9468590    3120.8630360    6914.0158070
   9681.1466647    3137.1992569    6927.1346974
   9665.4890947    3131.8242105    6910.0853928
   9688.0856364    3134.1689705    6920.8374786
   9704.6900996    3148.7004529    6935.0448821
   9675.9019892    3133.2337450    6891.4048678
   9675.9738758    3128.0955870    6930.9738893
   9668.6331514    3128.3991178    6927.5419092
   9678.2849176    3130.8939465    6929.3985869
   9670.4182882    3109.2954587    6912.7732883
   9686.5849470    3115.1139967    6928.7460591
   9677.6131495    3138.1991071    6915.0563741
   9672.5800912    3126.8131476    6926.8213095
   9682.8988616    3131.8229311    6922.7447681
   9682.4512883    3139.8177306    6928.7087025
   8767.7159564    8954.3736584     872.0455415
   8746.6424768    8965.6187414     851.0665227
   8766.0985995    8965.9394666     850.6701389
   8776.8512061    8940.5465228     858.6622161
   8755.1717223    8954.8492807     855.9431714
   8764.8731117    8932.9532682     856.1126101
   8767.7547311    8961.0985146     843.0692515
   8767.0157589    8948.2329413     843.2445231
   8755.8734521    8944.3130661     865.1449006
   8752.8791448    8939.7573196     865.9328732
   8755.2167888    8956.0398833     859.5815770
   8747.8746650    8955.7191461     852.8598780
   8772.2465525    8938.3641273     871.6144159
   8760.6678388    8942.5141424     854.2985955
   8760.1826211    8955.8057462     836.7635458
   8782.0762043    8950.7346632     840.1412090
   8763.7754284    8945.7812920     860.2167020
   8747.8324410    8955.7862704     854.6785111
   8766.0064613    8951.7024331     831.9578304
   8778.1581627    8942.9254058     857.0090134
   8782.9842759    8951.1515432     844.0832899
   8758.8481042    8960.7287572     850.8682175
   8756.7914773    8949.6520835     849.9683887
   8773.2606650    8946.8388529     856.8974345
   8768.3762729    8953.7813392     847.3655986
   8771.0030767    8967.4639022     854.4258956
   8749.7262099    8951.0404716     835.0162035
   8759.4099880    8947.6957121     847.1415197
   8774.9206764    8931.1292093     858.3798428
   8751.1775854    8931.6502299     841.3885882
   8750.9244495    8951.2233614     842.6286690
   8770.6970087    8940.9074945     856.9957581
   8778.0769538    8954.9263712     843.8904398
   8778.3628667    8949.5105634     852.6628641
   8755.6584657    8947.8238399     849.2086699
   8762.8109404    8950.9134227     847.1376492
   8764.6471752    8949.4607612     849.1662369
   8766.9244414    8951.6138482     855.7811693
   8762.5935618    8957.3398155     849.3683504
   8765.8014640    8947.7745548     856.6711294
   8768.7559627    8962.7750848     833.3599625
   8763.3540507    8934.4826674     842.4353866
   8770.3688272    8939.9984842     841.9108809
   8763.9405437    8947.9087689     865.6057385
   8764.9914373    8963.1714358     852.0994298
   8763.5505002    8944.3820930     857.0958057
   8769.2295300    8933.2812450     855.2426586
   8758.7930187    8937.5026246     840.3686193
   8775.0797594    8947.1576142     832.9894867
   8758.2513865    8963.1472816     847.8855055
