     41.7022005      72.0324493       0.0114375      30.2332573      14.6755891       9.2338595      18.6260211      34.5560727      39.6767474      53.8816734
     41.9194514      68.5219500      20.4452250      87.8117436       2.7387593      67.0467510      41.7304802      55.8689828      14.0386939      19.8101489
     80.0744569      96.8261576      31.3424178      69.2322616      87.6389152      89.4606664       8.5044211       3.9054783      16.9830420      87.8142503
      9.8346834      42.1107625      95.7889530      53.3165285      69.1877114      31.5515631      68.6500928      83.4625672       1.8288277      75.0144315
     98.8861089      74.8165654      28.0443992      78.9279328      10.3226007      44.7893526      90.8595503      29.3614148      28.7775339      13.0028572
      1.9366958      67.8835533      21.1628116      26.5546659      49.1573159       5.3362545      57.4117605      14.6728575      58.9305537      69.9758360
     10.2334429      41.4055988      69.4400158      41.4179270       4.9953459      53.5896406      66.3794645      51.4889112      94.4594756      58.6555041
     90.3401915      13.7474704      13.9276347      80.7391289      39.7676837      16.5354197      92.7508580      34.7765860      75.0812103      72.5997985
     88.3306091      62.3672207      75.0942434      34.8898342      26.9927892      89.5886218      42.8091190      96.4840047      66.3441498      62.1695720
     11.4745973      94.9489259      44.9912133      57.8389614      40.8136803      23.7026980      90.3379521      57.3679487       0.2870327      61.7144914
     32.6644902      52.7058102      88.5942099      35.7269760      90.8535151      62.3360116       1.5821243      92.9437234      69.0896918      99.7322850
     17.2340508      13.7135750      93.2595463      69.6818161       6.6000173      75.5463053      75.3876188      92.3024536      71.1524759      12.4270962
      1.9880134       2.6210987       2.8306488      24.6211068      86.0027949      53.8831064      55.2821979      84.2030892      12.4173315      27.9183679
     58.5759271      96.9595748      56.1030219       1.8647289      80.0632673      23.2974274      80.7105196      38.7860644      86.3541855      74.7121643
     55.6240234      13.6455226       5.9917690      12.1343456       4.4551879      10.7494129      22.5709339      71.2988980      55.9716982       1.2555980
      7.1974280      96.7276330      56.8100462      20.3293235      25.2325745      74.3825854      19.5429481      58.1358927      97.0019989      84.6828801
     23.9847759      49.3769714      61.9955718      82.8980900      15.6791395       1.8576202       7.0022144      48.6345111      60.6329462      56.8851437
     31.7362409      98.8616154      57.9745219      38.0141173      55.0948219      74.5334431      66.9232893      26.4919558       6.6334834      37.0084198
     62.9717507      21.0174010      75.2755554       6.6536481      26.0315099      80.4754564      19.3434283      63.9460881      52.4670309      92.4807970
     26.3296770       6.5961091      73.5065963      77.2178030      90.7815853      93.1972069       1.3951573      23.4362086      61.6778357      94.9016321
     95.0176119      55.6653188      91.5606350      64.1566209      39.0007714      48.5990667      60.4310483      54.9547922      92.6181427      91.8733436
     39.4875613      96.3262528      17.3955667      12.6329519      13.5079158      50.5662166       2.1524805      94.7970211      82.7115471       1.5018981
     17.6196256      33.2063574      13.0996845      80.9490692      34.4736653      94.0107482      58.2014180      87.8831984      84.4734445      90.5392319
     45.9880266      54.6346816      79.8603591      28.5718852      49.0253523      59.9110308       1.5533276      59.3481408      43.3676349      80.7360529
     31.5244803      89.2888709      57.7857215      18.4010202      78.7929234      61.2031177       5.3909272      42.0193680      67.9068837      91.8601778
      0.0402025      97.6759149      37.6580315      97.3783538      60.4716101      82.8845808      57.4711505      62.8076198      28.5576282      58.6833341
     75.0021764      85.8313836      75.5082188      69.8057248      86.4479430      32.2680997      67.0788791      45.0873936      38.2102752      41.0811350
     40.1479583      31.7383946      62.1919368      43.0247271      97.3802078      67.7800891      19.8569888      42.6701009      34.3346240      79.7638804
     87.9998289      90.3841956      66.2719812      27.0208262      25.2366702      85.4897943      52.7714646      80.2161084      57.2488517      73.3142525
     51.9011627      77.0883911      56.8857991      46.5709879      34.2688908       6.8209348      37.7924179       7.9626078      98.2817114      18.1612851
     81.1858698      87.4961645      68.8413252      56.9494413      16.0971437      46.6880023      34.5172051      22.5039958      59.2511869      31.2269838
     91.6305553      90.9635525      25.7118294      11.0891301      19.2962732      49.9584171      72.8585668      20.8194438      24.8033558      85.1671875
     41.5848718      61.6685067      23.3666139      10.1967259      51.5857017      47.7140987      15.2671644      62.1806232      54.4010119      65.4137347
     14.4545540      75.1527817      22.2049140      51.9351824      78.5296028       2.2330428      32.4362460      87.2922376      84.4709608      53.8440593
     86.6608274      94.9805991      82.6406998      85.4115444       9.8743402      65.1304332      70.3516988      61.0240813      79.9615262       3.4571220
     77.0238735      73.1728601      25.9698393      25.7069299      63.2303317      34.5297462      79.6588678      44.6146232      78.2749415      99.0471784
     30.0248340      14.3005828      90.1308436      54.1559379      97.4740371      63.6604400      99.3913025      54.6070804      52.6425934      13.5427903
     35.5705171       2.6218567      16.0395180      74.5637193       3.0399690      36.6543097      86.2346253      69.2677718      69.0942142      18.8636801
     44.1904281      58.1577407      98.9751708      20.3906225      24.7732902      26.2173084      75.0172413      45.6975327       5.6929438      50.8516241
     21.1960165      79.8604245      29.7331382       2.7606012      59.3432449      84.3840429      38.1016124      74.9858311      51.1141478      54.0951805
     95.9434321      80.3960891       3.2323067      70.9387251      46.5001482      94.7548941      22.1432734      26.7072020       8.1473965      42.8618829
     10.9018764      63.3786761      80.2963237      69.6800496      76.6211381      34.2454120      84.5851483      42.8768775      82.4009870      62.6496159
     14.3423049       7.8386900       1.8332643       6.6724998      45.8583814      11.3341923       2.7783349      75.4861481      39.4850480      74.6938496
     45.2404827      45.0086747      47.8072507      47.4003927      80.3163342      40.2392520      90.4686160       3.7061048      77.3874343      12.5641381
     61.8513567       1.0364261      53.8627283       0.3017957      95.1193785      90.5402034      79.5966942      91.5274320      14.5558231      15.7730070
     18.7631673      62.2495902      90.5809496      98.9955178      71.1122459      73.1800409      90.9293205      40.0873732      24.9850680      17.3430171
     11.9457050      81.2610588      14.6792373      26.4297483      81.9089179      31.0587252      98.2417449      26.6638702      53.3653345      31.4467011
     91.0772831      36.6556644      43.3592327      51.2292692      93.8886477       3.0949006      71.6878664      89.1018954       2.7287224      52.2051247
     32.5989812      85.9489321      55.8516551      69.0227868      45.2853500      62.8309038      29.0096852       0.9348578      57.6755935      31.1444214
     51.7267599      91.6405853      42.6474789      24.7396037      37.1293761      93.1861117      93.6868381      84.4329949      92.0206514      22.7900290
      8.7482210      22.7309736      31.4376616      17.4765876      60.7094162      41.3586415      81.6351512      18.5130398      70.1876530      24.0355625
     57.4219089      34.8987597       5.6964399      22.8813671      66.4102555      49.7250093      51.9015984      17.4720150      57.0715852      99.6753425
     81.6835109      59.4372624      97.5989068      90.1562585      59.5607934       3.2426325       9.3577096       6.5371715      45.1733149      37.5434833
     97.5350034      16.7983293      97.2787592      76.7474869      82.4237840      63.2615817      66.8732770      47.6882334       1.3136357      35.3006086
     49.2071801      73.0091211      46.8628343      45.7404916      13.7662741       1.0888734      75.8278260      31.9952838      98.4383450      22.0234226
     33.8708025      52.3896136      75.4891457      46.3857784      12.4822543      31.2501378      50.4519170      67.3849008      77.0149956      13.0335781
      2.2915131      51.9082322      80.9988711       1.2603767      67.2469845      68.6808227      44.9246754      91.4788687      64.4361085       0.5239838
     48.4428446      85.9317806      83.0399570      64.9154197      67.3698424      57.8499580      27.4119775      56.0529991      67.1729785      35.2429630
     85.5828367      19.5037486      74.7320810      28.9602746      77.3799287      42.7737329      80.7698409      35.3534863      21.3693238      76.7284508
     30.8641948      73.3245068      74.4473153      22.1396701      21.4112137      19.8947923      14.2518338      37.7082599       2.6627885      11.0920369
     67.4564024      79.9776537       8.0529527      23.1702310      20.7625662      91.7333563      71.1314518      55.3884611      30.4517988      83.4854048
     43.5305958      92.3456215      70.6051804      47.8031308      12.6210104      97.6043550      15.9833650      20.2602125      43.1181755      40.4201906
     14.6751481      72.9318919      18.8745067      64.3895644      75.4305951      21.0732392      60.0954248      74.8928375      63.8218711      59.7127303
     29.5482286      73.1606471      94.5308440      42.5561390      78.2181817       5.6141040      83.5271602      19.2250017      39.5096869      30.0081046
      8.0103644      90.4631003      37.0154178      53.0697438      49.4116266      13.2161142      20.6454059       7.6188809      50.7921700      26.1549552
     35.7061609      10.8065329      78.7551840      10.6583877      98.5708824      17.7161164      57.2405112       4.4845335      78.7116290      18.9605948
     52.7903978      74.0077543      14.9931485      55.1087174      21.6617208      75.9196049      72.2915194      17.6549034      86.1966558       1.9775100
     86.0236997      55.8903811      40.3220472      75.8746931      71.6929002      98.7326175      27.8085049       0.3793672      93.3902608      85.7897105
     72.8850878      51.6688783      70.6956245      78.0529557      37.4875944      77.0322525      75.0624319      61.3211212      40.1865924      69.7308019
      0.3112858      77.4896647      89.6416602      23.9315707      12.0767184      22.0283988      30.2096731      88.3028509      54.3166430      28.6711650
     13.8354690      29.0144463      61.3871090      32.4138530      45.7360182      44.4117107      82.8135361      42.6348154      34.5698821      67.4971605
     22.1482056      46.7245824      31.4765687      62.6855602      87.7360475      44.7689000      78.4457419      45.6965701      65.6229332      13.1840975
     43.2981507      90.9311989      60.5479001      76.6774587      50.4700608      49.8055625      84.2899840       6.7806934      57.3272272      94.2762575
     51.7860048      19.4465810      84.7939392      25.1639142      70.0726036      54.0260940      94.8836288      62.4336702      83.7977962       0.7932876
     98.9340056       7.7714570      32.2129514      94.6152395       0.8939102      82.2730005      86.1211638      43.9830814      25.5745194      80.2689520
     47.7862004      13.4338609      92.7848993      89.5969967      49.1545150      85.6702497      41.8578026      68.3464900      39.7990639      50.5742017
     18.9551703      96.4988924      29.4215688      10.3459556      14.4315400       1.4092294      71.5945699      56.4498320      79.4578351      50.7079923
     79.1821040      69.5764214      77.7848477      40.6482869      64.7770633      17.9794298      32.1819963      17.2604620      40.8637225      24.1418748
     40.6921994      97.5222342      32.0319326      98.2490945      63.6306126      37.5091018      85.7484499      61.9586739      25.2033080      79.2855678
     43.2938509      35.7511167      33.0276937      69.7368876      26.8650124      80.8278014      29.5288794      54.4121384      48.7921492      85.5356413
     88.8386434      18.4384442      58.5348459      89.8205046      44.6117219      92.1868305      27.8990890      60.8831174      68.2453710      22.8205733
      1.3767513      41.6723962      93.8481892      34.3028110      77.9744295      17.4736313      34.1952836      14.4597721      71.6770814      69.9307624
     68.8497318      25.3396034      69.2360122      22.7297541      42.4649116      37.1922122      35.5307912       5.7654807      63.1646627      70.7316603
     61.3588695      64.8312756      16.9940714      14.9446799      51.4175044      87.5332726      18.3953442      46.2839119      42.8932334      49.7289186
     16.1510770      34.2440641      26.1880404      84.4526943      80.0332246      42.6639158      60.7015461      14.5465610      50.9613294      29.6947086
     85.9650954      67.1598381      63.3474013      12.4751300      47.0587879      98.6572780      94.8299174      64.5085640      15.1724871      63.9126849
     56.5662113      46.8665838      42.8037469      59.9269756      84.9969889      75.1121040      57.9360540      92.4704182       6.4739983      99.1346509
      5.2994543      19.9495546      42.2752662      10.7508876      62.3670411       4.7992564      28.4623881       6.1036681      70.3519331      66.8456168
     37.8580593      18.8194260      74.7004829      34.0379291      79.5301167      48.7900939      52.5669444       2.8490849      64.4232020      35.0656502
     22.9205027      43.3883376      38.2467457      46.9789040      97.9483354      36.4378070      77.4410133      55.2767597      88.9131089      35.4952851
     24.5518680      91.1019240       4.3534264      95.0753428      55.6406916      37.6363217      99.5052322       5.8362646      51.6706360       3.1097075
     57.1175739      18.0468509      63.0959200      98.0923676      87.4902551      45.1836249      70.8460870      77.7468750      49.4843084      52.8533490
     15.0784398      36.9399926      14.2221253      72.6893753      47.7012994      44.8878837      88.5997971      52.7618772      40.9090832      26.8892022
      7.2012035      41.8136134       2.5753482      29.1153941      50.3509510      96.5933065      10.9382914      67.3041054      49.9932371      77.7098229
     14.3606998       8.3202636      39.9218605      79.6962252      19.1675739      76.7777192      29.0297997      21.6891488       1.6715589      39.8659060
     38.1081491      65.9344936       7.0918400      15.2603987       1.6575883      11.3796356      65.1789276      40.2656852      32.1026314      55.7911994
     99.3460463      83.4486514      69.9623182      91.8258589       3.9728707       7.0333442      47.4006290      34.9167413      93.7252062      48.9564961
     53.9649110      89.5260366      44.6635046      87.7034389      25.3581749      27.3809704      32.8361390      54.7564270      22.0128674      67.1429171
     14.2793283       9.4100274      87.0191746      23.6868704      38.6004011      57.1542093      52.5801970       7.6023879      87.4125936      95.1135618
     81.2507304      28.3801835      52.7846796      33.9416724      55.4667311      97.4403469      31.1702918      66.8796606      32.5967207      77.4477266
     32.5809967      88.9827341      75.1707721      76.2632095      46.9479029      21.0764502       4.1475080      32.1828800       3.7112664      69.3855411
     67.0350032      43.0471783      76.7788978      53.6008495       3.9859927      13.4793118      19.3416399      33.5663801       5.2312946      60.5116781
     51.2061028      61.7461012      43.2355595      84.7700468      45.4059056       1.5403520      87.3068148      65.6201548      82.3003041      95.1775693
      5.0912384      23.5071864       6.3343443      42.1657886      86.3829146       8.1623983      47.3111953      12.5543110      77.2885602      84.1422157
      4.3290938      48.6440743      23.9411044      95.2473782      94.3892628      61.3934002      97.3487397      34.4861344      89.7850718      43.4594973
     23.5814637      94.0827963      68.4218051       6.4911585      87.0424857      70.1380295      60.4926873      73.2374899      25.3439042      60.0488955
     81.4619181       5.4113660      13.0510671      84.2445810      61.8345869      53.1287810      24.8290729      29.5078575      87.2686165      42.1665935
      6.4430256      89.6985070      20.3380833      82.6227535      88.1770623      48.6750745      59.8464693      52.7267456      62.4821294      85.5041721
     28.2139448      88.3755508      56.7690330      11.5103041      22.7001165      59.5982386      23.9446237      13.1415661      16.1847714      84.4872518
     60.2183654      96.3567087      34.5679213      59.5625098      59.8985289      61.5704287       5.9177207      75.0317185      94.8209498      53.4679057
     19.2556021      75.2925915       0.7318969      32.8256104      91.7606348      58.8367333      85.5190284      60.4672052      82.2578153      87.9483523
     32.0986375      12.2954772      72.1303344      44.0347087      12.6735709      58.9823648       3.6068315      20.0182116      78.8301190       1.2096760
     30.3345672       2.1375961      99.7484993      58.2029976      29.3376278      92.8949462      50.7119424      45.4692228      58.7871506      26.4137644
     30.5288299      37.1654577      24.4447999      58.4547266      69.5846134       7.1947220      97.1083320      75.3070656      80.6163163      75.1640404
      8.0060977      48.1696283      44.5672956      67.2472651      44.8737259      70.4313398      68.1645338      69.7148529      61.8600743      15.0980733
     76.0802456      78.1045822      90.4102986      23.3768693      17.6678893      39.1099123      32.0564654      81.5476929      61.3525900      76.0001752
     42.7665100       9.9440563      11.5035012      37.3407132      19.3847768      82.0746499      59.9636008      68.8845259      49.1109961       8.8173681
     23.5077637      46.1602081      19.8591503       2.5476236      72.9397698      72.4916747      33.0391746      84.3494126      42.8442476      86.4686145
     65.7065425      58.1035657      20.0727488      52.9546610      89.4432418      30.4993976      87.0945609      90.8745273      32.9844563      68.3074366
     89.9220950       7.5696882      87.8587863      19.0839363      84.9768910      66.7118789      34.4339195      15.1375570      63.5370961      84.7788044
     82.1849375      62.8239597      95.6301510      58.9923127      19.7832785      42.9330723      33.6745999      99.1945012      38.0236496      99.2700874
     51.8804251      17.2279701       7.4574071      37.0305694      12.3418860      63.4518716      41.3919846      99.0915633      92.9955624      14.9236032
     39.4882263      46.1579711      56.0948755      78.0363523      48.7193909      41.9993552      26.1999705      91.0806139       2.2271512      82.1121898
     18.8468400      68.5756899      35.5209389      97.4212628      12.2772129      18.7569893      88.9442475      58.3406315      30.9246385       0.0764385
     22.7597738      14.5403634      20.3433824      89.6322557      87.3094378      70.0289438      47.0497676      82.7136002      49.5826397      36.3488683
     27.5603103      92.4740814      38.6989234      49.2880873      25.4438102      88.4966519      38.3263457      29.7574715      71.7594962      19.0869943
     11.8192629      83.6997782      74.4135921      59.0520548      24.2891575      62.3247145      63.8355321      32.7569444       6.7489343      88.0538598
     45.9956731      76.3872718      25.3888621      59.1387182      42.8795160      38.2100643      12.6713384      24.4266663       7.9341583      30.2858305
     74.1704800      61.5015725      67.2411099       0.8383080      67.8376972      50.3180691      23.0908450      17.4896509      18.4982966      84.4260005
     98.2589789      91.3739625      34.7369420      78.0224580      54.6454591      81.6442398      48.3726951      58.9951298      78.7263448      10.0234643
     53.7007117      36.5983347      60.4306844      95.8802516      39.2822945      39.2972998      79.0636994      64.5078399      39.3884008      68.8955048
     40.4001609      13.6113154      45.0643269      33.4419393      21.7968930      92.5774802      68.9639399      59.8820891      74.6657472      54.1971062
     70.0533073      93.0559819      86.2616695      16.7441858      26.3139024       7.1610279      97.8672805      23.6384099      66.0598356       8.9630699
     21.0770942      50.2824384      10.4953668      38.8873403      53.7987720      33.9204185      55.5900211      53.6768322      39.0610499      69.6270083
     67.8482454      68.7303149      56.1491259      35.8079914      61.3112335      93.5736267      59.6888525      97.9590174      44.1006620      73.9611963
      3.7603879      76.4726639      51.8281580       0.5316533      27.7200105      53.4832233      76.7962878       5.3092595      54.9053444      80.0994556
     64.9583055      93.1447015       7.4731445      27.6806463      91.9237504      76.5005148      59.9740344      83.2968144      89.6043492      97.2720353
     99.8520507      13.9649334       7.0542045       7.3466654       1.4743791      97.1820073       9.4766916      84.1736826      68.5172997      48.7557167
     34.6694881      35.3647787      25.3838882      91.1017974      72.5642545       2.5925793      46.1521253      28.1301273       2.8966186      88.4681894
     77.1005358      32.9735079      79.6558588      32.4638322      30.7882444      92.8109079      97.6916162      52.3555305      95.1935168      88.7996494
     51.8032562      37.2748802      71.0354578      45.5643425      60.5212895      99.0406197      77.3916250      33.4276405       8.8998221      18.4905590
     52.6851876      41.7102418      80.0659658      93.3202338      17.7864748      86.0066771      95.7394926      95.9470607       3.7862588       5.7583506
      0.5797393      31.2681156       5.5698413      29.3862485      35.6016486      95.3677018      47.6950922      27.8238442      50.3005195      64.3357925
     11.1245673      75.8061658      85.1945771      84.4249860      89.0506832      38.1842397      44.3805198      10.1581476      22.5806922      97.1320469
     28.4623969      90.7396142      89.0552286      92.2504497      15.6149564      87.9722144      63.1994950      21.0628178      34.5115915      15.9918789
     44.4348157       8.3774954      16.5318490      19.7196346      69.1027342      57.3802869      87.3323134      24.4634066      62.9607957       3.4431265
     51.6198461      86.3226482      98.4126544       0.9872975      25.2841482      22.3849670       4.7537594       1.0172456      49.0195312       4.5482146
     27.8328131      63.9974569      29.4692042      26.9654701      59.0546522      38.0534077      70.2523034      49.6123951      63.3209266      35.3394347
     28.7043946      13.3207114      93.7080385      80.4835846      93.8028543      18.5380525      93.3155763      93.5753208      28.3544514      27.4634248
     55.1431574      18.5289239      44.2101111      18.5317646      94.7375918      49.3824657      96.3917767      64.4941673      48.4315773      96.7695246
     14.3189782      63.2329875      66.1888368      43.3839827       5.9357225      49.2722601      46.5133944      80.6746811      25.6660990      39.1430363
     24.0172207      68.6443415      98.9883453      17.7429537      82.1446740      23.0988559       5.7975813      13.8816518      93.5153116      88.8542103
     28.9260495      94.7764066      84.9930535      43.4654794      46.8049555      62.9853022      15.8031835       1.4782087      26.5512017       1.5443632
     67.4498844      55.1468836      32.1648146      78.0202337      14.5785431      24.4880639      29.2313762      19.5931946       8.7938684      86.9976180
      8.8188646      68.3710336      12.0400877       1.0699003      55.7268230      90.7109055      86.0456667      33.8451384       2.7158829      80.0859355
     80.5984932      86.8488116      66.9646600      80.7778862      89.7498282      45.3829950      55.7825304      50.6131129      69.1983905      68.2906868
     52.0313636      82.8468148      50.5779387      82.4858562      28.1845088      17.8494833      96.9870570      74.1939525      25.9791693      58.1235342
     95.5262254       8.0753908       8.3534207      61.9134831      22.4493479      76.5183957      56.8152543      66.6188090      10.7813901       8.4283051
     62.5121068      40.9731261       8.7252524      37.1063945      67.2144410      18.9587400      89.5729109      94.9846389      96.1572542      73.0082558
     40.6288428      74.3749196      28.7986879      31.4417222      60.5896361      59.4847133      87.8660976      25.4600756      76.6188365      94.1013267
      0.1032933      47.6089118      65.7040329      84.3323214      18.3739412      85.6159238      36.4365480      89.2273929       2.7711740       8.5390139
     98.1410466      60.9501926      41.7632347      16.9214185      64.9901153       3.6975068      31.1613913      32.3479197      60.7441894      65.0831257
     84.6054599      92.7580943      66.0457728      57.8173918      39.8715544      96.6612493      15.4079172      89.5086809      31.1013068      54.8489090
     68.2066258      23.6469651      16.7736685      50.8482013      79.1863876      69.2414462      11.8973337      90.0742215      47.9737567      94.6676679
     55.3433706       8.4801822      20.2463036      85.4237973      70.5927367      89.4939520      32.9146002      52.8001397      65.0398132      59.4290854
     23.1462936      42.6821349      24.8111464      84.5614962      98.6677445       6.6570803      71.3928032      33.0115552      62.5435378      25.8129649
     65.1007609      37.1147184      29.4820880      91.1763174      94.2498874      61.3550027      21.4467781      93.9418871      75.0453547      75.1089807
     21.1721335      83.0156526      24.0095154      63.1620745      71.0739570      74.2383430      39.0264705      75.9825397      90.2935902      58.7420019
      9.0409716      12.8975984      10.5262527      17.2727463      12.6430890      77.8300890       3.9411512      24.1558417      87.9066401      97.3518861
     60.5422008      97.6238265       4.3451542      94.8572768      31.1296082      79.8972840      81.0629103      85.9998592      45.8550811      93.0644392
     25.7892984      93.4445493      61.9119633      98.5444915       3.2643866      72.5166659      56.5554235      49.2424047      25.9218126      32.6830685
     24.9462207      21.9267910      79.9660838      50.2395006       8.3189889      77.6984192      53.3649076      73.9387787      51.5393693      39.9945924
     98.6246782       2.8242620      93.2763908      93.0854968      39.0918712      21.4464871      61.9213298      17.7972335      80.3208194      25.3933856
     29.0806155      91.5915790      90.2916833      53.5380892      86.2838981      35.2532569      99.7884278      43.3689739      29.4812012       4.1574234
     98.9706954      46.4887631      73.4585014      64.0807624      72.3093400       5.1110904      92.0045405      92.6841218      55.1995027      96.3915889
     28.0955537      60.2146627      39.6462690      62.8023232      30.0632289      81.9358385       6.9785979       4.1877570       4.9396385      15.0455028
     39.5350474      95.5389989      11.0795440      64.7552986      52.7621508      35.3242406      19.8199229      22.0594082       4.3821510      71.3163973
     65.3840199      44.3769793      71.8939488      10.9975972      93.8719173      84.7626709      65.9035660      37.8831169      41.6566729      48.2153922
     93.5283770      86.3592955      47.7923849      55.4518498      87.5403862      94.9264434      63.9184756      74.8520320      35.1624906      91.8028319
     83.6752050      55.2055881      86.7627210      84.9871881      80.8411357      13.0692824      53.6002575      90.0783115      77.0831831      42.0713199
     97.7880393      25.0773157      33.3610229      95.4200507      80.8715348      90.0340005       1.1589589      37.9764433      23.5521957      29.5935052
     73.7995496      72.4084845      46.1799410      36.5274461      58.4691613      53.3707755      55.0579559      61.5477071      39.5648272      77.1718482
     25.1203183      65.5760768      96.0397148       0.3554760      72.3361044      10.8995034      54.3787492      62.6916017      24.2947126      91.3843875
     62.2312529      23.1694691      77.0132188      10.5507080      55.5225319       9.4956070      58.0984073      25.2980113      64.9466808      71.5826953
     52.4185615      65.7521408      81.3293845      80.7512272      61.9681992      45.1102462      40.7949989      87.4747620      70.2931732      18.4935022
     56.5732147      90.8808032      15.0689992      84.5517676      82.0202466      49.9341101       3.7583851      14.7502505      92.2638695       4.4154796
     37.2498766      61.9039635      19.6948039      98.1079757      15.5975233      53.9679195      61.8011324      23.0989949      46.6308989      49.1008529
     76.6862376      63.4280753      46.7550053      66.6942543      45.3377427      52.5711591      65.8568042      18.1195382      78.8049551      60.2865338
     98.0332885      22.2383194      46.6266474      89.5641803      60.1433410      72.5958846      41.3670164      68.4309622      94.6055030      20.0186066
     80.7365264      96.9538012       1.4568732      21.5209587      11.7376920      76.7423518       8.1216586      99.8413559      38.9612016      90.5202766
     18.8577603      44.0872200      84.4811819      59.5269781      46.2158097      51.2649747      57.3885527      44.0319208      19.3558958      11.3965761
     15.1227927       5.2490964      55.8676411      84.7721014      35.9119339       7.5310873      42.5724412      60.2007838      42.5403466      81.0721234
     94.1886246      86.9910773      70.3999498      47.0298925      68.2698043       1.3418311      98.2478119      17.2077332      90.6260396      80.7109902
     80.0139684      26.8936058      21.9153806      42.8800693      84.9371101      45.0379642      93.5420114      35.2679327      61.9392166      98.0699036
     64.3462522       4.5498216      46.3557091      33.4751344      53.2181549      28.4746209      12.2261230      66.8288989      68.1359755      86.7139300
     13.2381494      79.8620308      82.6768738      64.6549936      20.4922146      26.1420714      41.8496818      54.1799073      47.7437956      46.7459892
     83.9840710      87.0102365      81.6753964      87.7801419      57.1008762      96.4036133      60.6544348      60.3947741      31.9297737      68.1204184
      5.1965689      13.4546421      13.0242168      65.5201287      17.5332592      34.1146823       4.4311656      23.3734360      96.4224325      50.9139403
     15.1074518      52.3008532      94.3509384      86.5686014      39.2065869      28.3867516      76.1729863      24.0484325      25.4232355       8.4086354
     86.4144095      44.7898916      56.1786261      73.6710958      79.6488867      44.7508139      18.4127556      82.8732852       3.0997960      94.6728270
     57.6977846      87.5388738      60.8565437      25.1659584      29.6129923      53.2922559      96.2078213      18.4495604      50.9898378      34.3788103
     76.9725345      80.2866486      42.4559910      20.4122500       6.7089460      19.8648264      27.2400850      59.8788918      87.3083497      12.8230939
     95.8188742      68.3170844      74.1964236      98.2880786      41.6100773      53.1583466      67.9212950      51.2875143      29.9112345      10.5384673
     28.4932146      76.8852848      64.0782704      80.1330703      51.7120532      23.2100022      62.7961927      30.4005490       2.9528745      90.3331177
     42.0369569      42.6130780      74.1251735      94.8458404       7.2515528      17.2701088      32.2357489      24.8424246      49.5494981      82.4459611
     85.3972415      59.5829942      24.0173734      18.6492688      74.3390512      23.7214058      53.9490891      74.9280787      22.8249105      17.4501188
      3.9735687      14.7568838      85.1438907      10.4635912      22.3645046       3.2757200      67.6356635      23.1703141      41.3591718      13.9301171
     37.7217288      42.4437466      47.2964952      42.2841813      10.2756564      77.2580267      13.7206003      42.4292374      27.1956112      30.1007943
     67.2420773      51.7786724      19.0087050      46.9134440      33.9540869      70.4497198      22.6095202      84.4988137      52.6229665      50.0619573
     25.3685807      18.6155670      47.1819063      98.1824418      13.2906238      28.3462432      80.0641174      66.4776899      27.8758409      31.4647607
     41.9948254      60.2786762      71.9338767      85.7300333      68.1111470      23.6982064      92.5720535      78.1195401      30.7381480      30.4965642
     88.1168318      12.6078480      63.3460834      27.7712732      82.7200325      36.4523448      73.3366094      19.2417890      48.1445898      80.3594626
     39.6988212      16.1574040      64.8982223      75.3325806      28.0192635      45.1361861      90.0448912      87.1985631      70.7187610      59.0900599
     81.7382270      90.7644646       0.2507560      39.7227766      56.1409684      73.3923136       8.7472762      39.9754988      27.9621179      42.3510053
     49.7978633      66.0015224      49.6236139      62.0468201      58.2439862      42.8332398       0.4976365      19.4516414      32.0206654      14.6978126
     59.8663882      61.1499477      50.0093260      32.0848902      65.3258052      19.0283483       0.5880981      73.4942019      44.3503842      69.7841656
     18.5043350       6.2619802      37.8108587      69.5996510      10.2818367      19.5834234      45.3952650      62.1149190      75.0124248      10.9735021
     62.4623607      38.7360522      67.0090369      20.3560378      52.7918798      17.2162555       1.8681006      48.6950246      18.4177777      63.8343330
     53.6574819      77.4945380      39.2959903      98.9452131      51.5214696      47.8823401      74.9442471      57.2688293      36.2465317      48.9244785
     18.9138375      39.3583414       2.9961753      46.2529060      27.4474113      52.6715860       2.9272121      55.5086767      29.2997884      57.7490681
     73.2769853      44.0337827      66.3156823      23.8909955      99.8599089      24.2878522      94.0828414      21.7219750      49.7564385      82.1176965
     71.6588047      70.5580412      44.0440560      75.4175025      91.9953577      44.1351745      52.7965484       6.6035584      39.0773074      46.7238566
     89.5137711      11.0557440      73.1137603      54.5471169      60.6535431       2.9782944      14.6747380      28.3983225       0.4872048      66.9157798
     87.0257949      54.6968309      54.3164048      61.5725929      30.2181500      36.6731982      57.4939727      80.9216584      20.1596634      32.7524056
     74.2921250      34.0920249       4.7610929      15.6356929      19.3864860      49.5112363      63.5124961      88.0219977      90.2536556      30.7160768
     75.3380073      28.2428031      36.8576870      29.2726562      41.3690736      21.4715696      31.8986006      12.1919814      96.3018240      50.3983009
     92.3100683      74.6160141      45.7705288      75.4622225      62.8023079      30.3758434      52.1659313      71.2312196      30.5313531       1.2522837
     26.8262829      79.6745476      92.9993089      62.5331155      13.2807485      75.7570359      52.6905346      75.3869072      85.8611703      94.7541551
     65.4537535      85.4258210      74.2588058      72.7101188      85.8790756      92.3003041      90.2076002      39.5750262       8.4021280      82.9573718
     53.8931553      54.2076155      82.5175331       3.1984184      87.7960419       3.4634001      69.3194558      58.7484479      64.1749181      37.4080188
     27.5462027      50.9408581      88.5823117      56.5289670      66.3148891      44.1379231      97.2139087      74.2522452      35.4902511      65.3531033
     54.2616412      88.4056212      27.5054051      10.8067485      19.1272052      38.7046233      85.4059795      27.0844914      62.6358803      62.3551801
     40.8047135       5.0335130      74.4833873      29.5725534      39.8458197      37.7239568      66.3602632       8.6333287      54.9889920       1.5421822
     98.3038984      59.8427222      38.4114228      14.6747931      69.6878326      90.5808417      31.8108752      76.6492145      28.7498102      95.7225342
     70.2315755      62.5015593      93.0734733      26.9042387      92.3615746      67.8082934      77.1362507      57.1635336      83.3904677      69.8281799
     14.6608702      61.2461129      27.9320336      91.5878723      19.8232290      28.5716495       4.7654705      44.7579144      55.7587815      57.3561083
     90.5377380      34.7413933      44.7528380      85.1237663      57.6829303      65.3992935      27.8359330      48.7471302      62.0952388      13.3394030
      3.2908717      11.3411001      47.7461076       2.4026735      62.6208929       9.7582618      25.0961538      42.6492946      11.5826747      27.0551994
      2.1079673      98.5045554      61.1573608      37.8353839       2.6528351      38.9838748      45.2558626      93.1003194      27.8504172      61.4781891
     66.5168355      18.5960970      50.5763349      78.6500763       9.6579034      60.6035298       2.6059933       0.7046724       5.9528607      48.1400459
     92.5704109      40.5557384       7.5032639      86.1352474      51.9297585      31.8935869      96.3032339      93.8261769      26.0018972      20.1391854
     58.8908703      84.2518210      33.6721090      58.6429421      16.2244999      19.4593735      76.1335216      15.0098461      26.5907041      68.9494863
      1.5089308       3.2194404      28.7525940      33.6623181      36.2216106      80.7190576       3.5980968      35.8395245      63.8278133      14.3004110
     85.7738615      64.5564408      11.5293425      20.8097410      74.5498331      40.3406628      48.4470061      88.7455078      13.7443550      96.4372797
      4.2629682       9.9440257      22.3238431      80.6585082      45.5872807      65.3251142      17.4321138      16.6721933      52.0848341      74.0293635
     46.2474465      86.9614085      66.0411935      24.9090088      23.4902221      37.4046717      75.6616056      93.7937664      86.1905999      26.1610793
     41.2278928      61.1544099      54.6834456      38.9274945      10.1420777      71.2244804       8.8135164      86.6077429      86.3448440      70.8450792
     48.6424574      69.9146565      39.4987060      79.7495984      78.6417082      15.5528584      31.7817550      34.3983177      36.4170299      56.6645557
      4.1687443      65.9969719      20.1631759      41.6462556      45.0892657      34.8726770      38.3280310      18.0306061       6.8130057      55.1256649
     59.5866946      14.5499789      23.0941708      28.6377132      83.0751367      15.3420941      55.2138808      56.8139718      34.3420093      35.0617189
