   4170.6421845    7209.0730866
   4159.2138553    7214.6921715
   4179.2359542    7208.2698778
   4179.2286065    7196.4076558
   4168.9911448    7193.8872401
   4167.5411662    7208.5484891
   4163.3034395    7199.2773992
   4163.3483200    7194.7928780
   4163.5075857    7203.1182884
   4159.0469435    7205.5890914
   4186.8180688    7210.6653760
   4168.3016915    7194.3686448
   4162.7484641    7220.1694804
   4170.7281246    7196.8749780
   4172.1292019    7224.2474858
   4171.4216366    7209.4169655
   4173.2217502    7199.7224360
   4158.7948650    7199.7515072
   4168.1311047    7209.1111663
   4178.6098812    7212.5559552
   4173.0759203    7212.0963461
   4162.6760676    7215.7736160
   4175.3493452    7200.2640061
   4175.1052285    7202.4892173
   4181.5363409    7218.4431026
   4192.0758011    7189.2799711
   4155.7789090    7198.2002758
   4171.8204177    7212.0066236
   4173.3763965    7183.0229223
   4167.1580069    7211.5246808
   4172.5209944    7210.8650462
   4167.9967656    7201.2373537
   4172.0856609    7207.3454509
   4172.2030442    7204.4350209
   4163.5134242    7207.0205723
   4171.4382597    7214.5397735
   4182.2092258    7205.0964986
   4166.4671975    7196.8576303
   4174.4549906    7204.0183351
   4166.7815103    7203.6809030
   4164.0200386    7210.2252548
   4165.7487614    7215.4900115
   4174.2549634    7209.1807197
   4159.2709286    7204.9387588
   4177.6256115    7193.7079284
   4167.5578620    7203.5710799
   4156.4888738    7206.3965283
   4178.6816535    7194.6497750
   4173.7255068    7190.1221003
   4169.8330919    7187.0872109
     12.3579253    3027.4147317
      0.8975786    3015.5741101
     13.8813075    3042.9967438
    -17.4360705    3035.6873666
     17.4202557    3026.7058433
    -10.8489321    3031.9591795
     -0.6654548    3017.2865200
    -11.1568332    3028.8311013
      9.0718168    3017.0904190
      6.3495115    3011.8823124
      9.1623585    3023.7913993
     -0.7219495    3022.3082676
      9.8326097    3030.8298427
      6.4384014    3024.7027384
      1.9219595    3029.5095289
      3.4686938    3030.1512404
     -1.9574196    2998.9773487
     11.5319942    3045.1955228
      5.5573926    3022.3241740
     -0.2206993    3022.1351844
      1.3178423    3012.1055390
     -4.0271964    3013.3554580
      3.6317398    3020.3593148
      6.0958614    3021.5786947
     11.0071001    3025.4610653
     23.0507455    3004.3621171
     -5.3254187    3032.3405952
     26.4270052    3020.8393785
      1.5804381    3021.0625839
     14.4583193    3020.4526477
      7.9444466    3020.1277103
    -11.5818394    3026.4612035
      6.1755963    3036.2579851
      0.0392779    3017.1521057
      6.7713591    3025.7330972
      3.9503989    3022.5945993
     12.7471339    3027.0206535
     20.1903353    3034.4362933
      7.7342461    3007.0513429
      7.1669410    3027.5285484
      9.2532649    3033.7701473
     -2.8650337    3031.5657825
     -4.4793061    3042.8745071
    -12.1757685    3005.7188407
    -15.3634645    3014.4201705
    -10.0474058    3042.8865154
     -2.1212468    3009.8989684
     12.2875779    3017.4604869
    -11.2247856    3032.0841156
      7.3773699    3018.9761595
   1481.6343082     924.6769635
   1483.7284042     928.4133565
   1483.1469636     924.4799747
   1455.3614642     947.8796342
   1462.1011665     921.3975691
   1460.5549231     921.3520032
   1469.9856026     925.4042495
   1474.1691110     941.3075298
   1466.3542625     911.0547403
   1455.7357269     916.7284025
   1450.8169501     931.6362459
   1462.5767725     920.2760979
   1467.5399933     909.4197434
   1458.9457446     930.1330629
   1473.7442995     918.9542284
   1485.6642573     910.3286785
   1464.1090361     921.0775503
   1439.6280582     942.7612358
   1471.2222283     912.9400539
   1488.0706426     929.2425677
   1471.8541696     917.3159637
   1468.6211354     908.1291445
   1475.5091691     919.6415645
   1468.8993901     935.4064963
   1470.4063893     926.0106221
   1470.3239012     916.0532316
   1475.9189554     938.8195388
   1475.1469648     932.2350358
   1458.7860930     914.7080755
   1453.1501479     935.7084784
   1465.0171095     937.3843871
   1459.7397913     919.0108579
   1468.5131590     932.6004484
   1468.1664101     925.4971952
   1467.7241838     925.1578249
   1456.3942080     924.1952187
   1465.6931182     922.8177029
   1472.4822737     916.5791663
   1466.7138279     920.4123289
   1471.7319282     931.2336542
   1458.0046555     929.2450520
   1488.2167414     908.6743784
   1459.2571892     914.5801717
   1464.7679310     939.6144385
   1467.6924349     916.4390117
   1473.7769432     917.3879024
   1478.7930298     926.4386181
   1481.4467021     916.7725053
   1497.8674793     931.6317939
   1474.1047097     922.8740632
   1855.3461426    3446.9295837
   1861.2423405    3447.6345726
   1865.4288709    3447.3462961
   1868.8129408    3465.1684875
   1855.5437087    3467.5341311
   1860.2226944    3467.1601493
   1866.9837772    3466.8305536
   1852.6319158    3454.5393306
   1877.1164064    3449.4269020
   1842.2301015    3436.1813786
   1837.5377072    3434.4656312
   1858.4857221    3468.3925513
   1858.1798210    3458.8425440
   1861.5021989    3455.6927599
   1860.9201254    3453.8654670
   1867.2137548    3443.8474437
   1872.7033856    3464.8074498
   1860.6515404    3463.6612047
   1855.5886695    3450.2350402
   1864.1647523    3453.7050602
   1858.1147334    3448.8827900
   1857.0271666    3464.9989579
   1843.1688797    3459.1322141
   1860.2377443    3462.8854054
   1867.7528499    3427.7819258
   1868.4485799    3458.8500129
   1862.8207421    3450.9205323
   1871.1349260    3451.4769773
   1880.9492900    3461.2510990
   1883.9803945    3447.7519305
   1845.0428574    3462.7551664
   1871.1291544    3455.9608714
   1847.2141813    3451.1283186
   1868.7819691    3453.7655072
   1861.4422619    3453.8526807
   1853.2629672    3450.2770672
   1848.3365596    3473.2868699
   1857.8483850    3460.3833722
   1852.3832543    3463.5525528
   1843.8705040    3464.8134216
   1862.2484345    3476.7133210
   1849.5367730    3456.3710752
   1866.2744319    3467.9362624
   1858.3735442    3456.4719145
   1841.1774465    3447.3055818
   1867.1182733    3466.6490137
   1859.7847511    3476.1708257
   1880.2046060    3455.0007455
   1838.4670838    3437.8316067
   1854.8235255    3466.7656815
   3970.7774652    5367.2248619
   3965.3870840    5404.3009538
   3963.9266954    5380.6676439
   3988.2209833    5388.7014354
   3962.8831713    5391.6690116
   3967.8463896    5383.8759173
   3979.7593056    5399.3243581
   3976.0833579    5387.1384679
   3979.1437461    5387.6703142
   3972.3411750    5398.5042087
   3975.7631859    5406.0648869
   3972.1875825    5371.3267402
   3956.0730413    5401.6684082
   3964.3619106    5392.0327315
   3959.1601857    5398.1761543
   3963.8264198    5402.7484224
   3962.3524021    5399.3486740
   3974.4187034    5380.9434210
   3978.6647056    5379.1509951
   3959.4500704    5395.3844530
   3961.4213223    5382.2289094
   3964.2357352    5378.1656481
   3978.1246864    5394.2524870
   3966.9814553    5387.0834194
   3972.1762974    5405.8206910
   3976.3844403    5383.0827687
   3975.4489344    5386.9796283
   3965.6847605    5406.8320538
   3963.4853633    5383.3754909
   3948.1536894    5374.1440486
   3972.1859717    5381.2181310
   3972.8288803    5377.0186295
   3960.0016440    5394.9130471
   3982.2836661    5394.0920680
   3979.6530507    5405.2132817
   3978.0756338    5378.9829397
   3966.6212952    5394.4692967
   3963.5262733    5392.6868004
   3951.8831795    5379.8810602
   3972.9635398    5365.7964749
   3956.5976173    5387.9901569
   3950.4807976    5388.7385500
   3959.6792674    5385.2513941
   3965.0849138    5390.0602720
   3962.0368550    5389.0642041
   3961.6631743    5393.7280751
   3984.6128334    5390.1360378
   3969.3734349    5376.5272603
   3974.6084046    5380.5866667
   3959.5862703    5393.7417346
   4193.7555315    6863.2667585
   4206.3739133    6846.7981883
   4193.2289139    6869.7991558
   4201.6105365    6859.3254945
   4205.0072047    6846.1489743
   4198.3109781    6866.2875379
   4208.1542669    6844.1331558
   4189.4284020    6856.0221557
   4189.0551706    6848.2768416
   4198.7851573    6848.6609041
   4174.0660151    6855.8134771
   4187.7002161    6844.8796942
   4176.2877625    6862.3332286
   4169.6740177    6835.2016679
   4189.1866834    6864.4845598
   4205.0422031    6840.6451776
   4190.1688221    6837.0904402
   4202.0572147    6837.4293774
   4190.5131866    6862.5248418
   4189.7210037    6866.8966074
   4183.2450618    6855.8869087
   4200.4779659    6850.7978867
   4205.8082867    6857.6762998
   4175.5706481    6891.7810310
   4198.4315805    6853.2684369
   4177.9570158    6853.0126822
   4187.3457157    6858.6385406
   4195.6618469    6870.7250988
   4193.3676578    6857.3300588
   4195.6697125    6850.7101059
   4190.1111421    6863.2050060
   4199.7454154    6845.9005879
   4180.8107830    6851.5209037
   4203.5595438    6851.9197101
   4209.4094949    6844.4443011
   4193.3615494    6827.0319654
   4185.9884652    6849.1037908
   4197.0545218    6869.3016224
   4192.2945799    6866.7341798
   4198.5619548    6862.0585258
   4187.2835955    6866.0449174
   4181.2155012    6857.1465901
   4182.4245230    6847.0135484
   4177.3311080    6847.0315249
   4195.4563130    6851.5072993
   4178.4674946    6866.9024025
   4195.3173534    6862.2756583
   4199.7974132    6845.5463263
   4172.4946744    6843.0407603
   4204.1967025    6841.6595432
   2052.6829342    8775.0502942
   2048.4535898    8762.9351654
   2056.1932490    8780.7776769
   2053.3807553    8783.0729804
   2052.5031353    8780.1550435
   2051.9560628    8766.0786371
   2033.7153904    8788.4291040
   2044.1307148    8778.8868222
   2042.7263744    8786.1916150
   2038.5890598    8786.2774399
   2035.3645788    8777.1018435
   2054.3720140    8791.8868882
   2033.5509537    8789.5607114
   2034.1306741    8788.5045962
   2025.5343767    8770.0032570
   2039.4327745    8779.5095044
   2058.7586416    8790.2143556
   2060.2771764    8793.2404429
   2041.6938618    8778.5110951
   2055.2122135    8781.5780782
   2042.9525606    8767.8223367
   2043.4578961    8753.2643998
   2039.9613218    8771.3754614
   2051.4482408    8776.3876403
   2041.2319818    8794.6454186
   2034.0318199    8784.3409529
   2025.5698278    8782.0716551
   2048.6251548    8789.7730736
   2035.5356654    8784.3709333
   2047.7040393    8780.9820476
   2046.0226601    8785.8097071
   2048.5013016    8771.2142550
   2032.5638822    8806.2341668
   2063.7204202    8767.2574251
   2049.0246747    8787.4487347
   2052.0358697    8782.5783183
   2035.2537779    8779.3501598
   2039.6112459    8782.5180951
   2041.8387843    8779.8576076
   2054.7080221    8793.4799459
   2032.7114656    8776.5750629
   2036.6144978    8793.4115860
   2043.9288183    8795.6642580
   2039.7466888    8781.4343639
   2031.0355328    8794.1997193
   2040.8963764    8766.3227994
   2038.5978845    8758.1252845
   2044.2043256    8782.2992413
   2047.4032790    8796.1554457
   2041.5127358    8789.2489231
    276.9983189    6702.7418854
    253.1079118    6714.1501135
    268.8361925    6704.8546607
    261.1713242    6707.5050571
    274.9562402    6704.9692780
    272.5280007    6715.1672847
    283.5381406    6711.9342703
    307.0867195    6698.6728485
    270.0807568    6694.5270649
    278.2357939    6697.8002279
    246.8923146    6692.5417205
    274.5984510    6714.7729751
    258.3065164    6698.5506805
    272.4824139    6697.3897269
    279.1875699    6704.7151102
    277.0885911    6697.4229525
    289.2412953    6704.6713517
    286.8114282    6700.2851251
    279.7763266    6697.8812640
    264.3668395    6697.6315985
    273.4172651    6702.4877672
    289.2680021    6693.1880595
    262.9725487    6721.6769833
    279.9637686    6685.8609931
    278.8486230    6707.0484288
    252.4314915    6700.9794775
    273.7013825    6711.9891270
    283.4208886    6705.6325695
    284.2104400    6703.2123690
    265.3009637    6695.3332834
    279.3023849    6685.0934109
    280.6540077    6693.6093711
    270.2836910    6709.7289208
    286.0553410    6685.2682921
    265.8141499    6705.1657187
    267.9150686    6713.2913328
    253.0120263    6708.2931182
    278.1351337    6705.1659058
    284.8982993    6692.3793592
    284.9620996    6697.6458978
    281.1314372    6701.4330596
    282.0193633    6712.4798011
    259.2353962    6703.1301898
    272.9516088    6702.2963491
    266.3193043    6723.1894807
    275.9668987    6720.2252617
    268.1844454    6694.0571342
    275.1984098    6699.0427357
    297.7773916    6707.1293303
    285.4019233    6702.4327441
   4169.7874106    5586.5891703
   4176.6051963    5595.3941529
   4171.8264835    5580.0897687
   4162.3692579    5586.1314908
   4178.7776509    5591.4777552
   4172.8698482    5580.8968965
   4174.5156763    5592.6163332
   4172.6798471    5588.0219693
   4171.5429804    5596.0532771
   4168.6660210    5588.7536407
   4176.9923040    5594.1535100
   4188.0068713    5593.6528225
   4179.0401560    5572.1959136
   4179.1120631    5609.8354606
   4164.7479138    5576.7030860
   4170.9014852    5597.1107657
   4178.2955286    5582.1270424
   4172.6881219    5597.2686743
   4179.7742212    5611.1870542
   4183.1048905    5590.4339566
   4179.1952864    5583.4084425
   4163.2702937    5588.6178558
   4177.9536341    5572.9454542
   4167.8244590    5583.2057254
   4175.7044477    5584.2936239
   4177.4989908    5587.8794069
   4183.6512988    5569.7866079
   4189.6192701    5601.0750246
   4173.5511945    5593.4015166
   4179.1135077    5579.5253882
   4174.6946743    5594.6800262
   4176.1461913    5597.4114921
   4173.9979848    5587.7057943
   4165.3699862    5583.2529040
   4168.4508469    5603.9531196
   4175.4530792    5576.9040194
   4177.0340076    5584.9782475
   4142.5103799    5591.6968082
   4157.5210358    5592.6829287
   4163.4353877    5572.3150399
   4177.9914402    5571.9563468
   4168.5810316    5588.9420584
   4179.1703489    5594.3471298
   4172.6852108    5578.5743310
   4192.2861779    5580.8384713
   4191.0839135    5582.3730347
   4184.6608806    5597.5979398
   4162.5926812    5590.4511295
   4180.6019440    5593.9081057
   4171.0586492    5589.9178849
   1399.9224891    1969.2967571
   1413.7095083    1975.4180766
   1417.6669679    1987.0393999
   1394.9429192    1979.4029077
   1401.0055368    1972.3060144
   1408.8836819    1976.2287501
   1420.1863011    1989.6238033
   1395.0674953    1980.8248856
   1401.6017840    1965.3698123
   1413.1819427    1990.5129790
   1413.1243981    1976.4450123
   1414.5592457    1978.9173615
   1413.2208637    1999.1401690
   1405.2704848    1966.8234031
   1400.7003740    1987.4247495
   1416.0681297    1969.6769705
   1401.9639030    1983.3482821
   1408.2193692    1990.1191269
   1394.3849894    1976.7801079
   1413.9490507    1984.9382400
   1408.3531925    1992.2681258
   1404.9099198    1986.2949251
   1400.7237473    1967.5647906
   1390.9168071    1981.7580964
   1401.8737788    1974.4688592
   1407.0495289    1972.1121753
   1404.9827586    1980.8196653
   1395.4694968    1958.0328320
   1418.4346598    1984.1812632
   1377.2281266    1976.7506047
   1407.8072633    1978.7334839
   1409.6726871    1971.2822150
   1405.6210632    1980.4800539
   1402.0387661    1978.8046018
   1405.8669815    1990.3421050
   1398.5681880    1976.9424906
   1405.4750359    1979.8133911
   1407.7254089    1988.1977982
   1416.7812750    1979.8504494
   1381.0964060    1980.3186455
   1407.4080902    1979.1453407
   1402.3370243    1956.6898057
   1408.9492293    1977.7745676
   1388.7586199    1972.3006702
   1395.2210865    1987.1023817
   1409.4857669    1996.1623947
   1410.3486341    1967.4983970
   1389.7772932    1992.3221444
   1419.5362480    1978.6374099
   1409.4574158    1965.9659780
   7988.0064692    9670.8755204
   8003.8738115    9677.4019933
   8005.1445461    9677.7056129
   8014.2386982    9696.8912267
   8007.8076614    9702.9157321
   8001.1016397    9677.3647233
   8011.3230334    9679.0677696
   8019.2162093    9676.2046790
   8020.6726266    9684.5575074
   8033.1002146    9677.9746081
   8005.4187477    9684.0722754
   7985.6354071    9688.6384085
   8012.2541479    9683.7089408
   7992.0017289    9667.1501468
   8013.3118719    9694.3675441
   8023.3903331    9673.6613420
   7997.1377065    9679.8963692
   7987.6883853    9676.7264454
   8015.9635831    9698.9617822
   8010.2372413    9699.0212937
   8011.5544161    9684.5293963
   8005.7312749    9684.4851277
   8004.8971573    9681.2066497
   8000.8267684    9685.2060762
   8007.5901709    9667.8199568
   8005.0386817    9674.0590433
   7986.9636822    9687.4545937
   8023.0325693    9706.3130591
   8023.0698821    9673.9077417
   8019.1981367    9693.8147472
   7987.5673914    9691.2286423
   8013.7174571    9684.2438397
   8010.3318539    9683.1988310
   8023.7650452    9678.5978689
   8005.4462928    9682.6896470
   8010.2023275    9664.9832592
   8021.3254249    9684.8777548
   8013.1369327    9684.5889171
   8005.5812740    9679.0633421
   8008.4068282    9684.1362806
   8018.9983043    9686.0763347
   8006.1108001    9702.4814083
   7994.6514252    9669.2136654
   8010.9917073    9680.4920243
   7989.6997269    9679.4934606
   8000.3391290    9693.9270432
   8001.2331691    9693.1219037
   8012.0435038    9680.5524481
   8007.6574050    9686.9023446
   7984.3653016    9685.8864413
   3130.4505855    6941.2053504
   3127.3290920    6934.6517959
   3109.0925353    6931.3724068
   3137.0028091    6920.7559918
   3133.0328885    6920.6205508
   3138.4718137    6921.8836710
   3116.3644045    6921.3680481
   3156.5889990    6923.6946187
   3137.1496611    6918.8456116
   3135.9823263    6925.0056123
   3131.6297624    6931.8587907
   3125.0110020    6921.9242046
   3139.2923191    6920.5561149
   3122.0029851    6928.8087989
   3124.4201720    6918.7530751
   3125.9603057    6922.1188726
   3129.9479219    6918.4802580
   3141.0515709    6940.8522457
   3130.6666395    6928.4527084
   3130.6876467    6924.2155792
   3145.5192950    6923.7290891
   3126.0863081    6915.9268906
   3128.0743173    6923.0931145
   3142.8218961    6909.6381883
   3123.8688899    6913.9807446
   3116.7477274    6936.4853835
   3133.8779952    6942.2339499
   3119.9984448    6936.1679798
   3127.2252963    6919.1524598
   3124.3521370    6913.7275181
   3121.0043275    6925.3894863
   3121.0997713    6920.8081380
   3134.1497661    6929.8922635
   3135.2456988    6926.4394150
   3139.3858972    6923.0536480
   3137.8752608    6913.4289548
   3126.4870772    6942.2012648
   3134.1244394    6916.1211499
   3148.0405806    6921.6577306
   3127.7768713    6908.7362412
   3142.0367003    6912.3631476
   3128.8514558    6929.6671566
   3136.0781173    6922.3618880
   3132.1019038    6934.6854302
   3156.5445231    6917.7385484
   3139.9308225    6942.5141597
   3145.0323521    6916.3578404
   3129.9349753    6917.2464713
   3125.1073475    6916.9871052
   3136.8605364    6917.3558666
   8772.6535216    8947.2991897
   8759.9202661    8954.9275342
   8767.0812412    8948.7153113
   8774.2919075    8951.7992895
   8762.8025383    8955.4421835
   8766.9847010    8975.2397227
   8774.8784080    8957.5987613
   8776.8014567    8946.8650312
   8777.0204771    8946.3002053
   8755.5797889    8940.4267705
   8769.1710285    8930.4554361
   8765.9750522    8938.7831342
   8771.0736868    8938.6048979
   8782.6145556    8953.7448163
   8751.2029334    8963.6542285
   8761.6189979    8938.7918739
   8753.6535298    8951.7442824
   8778.9367416    8940.2823653
   8753.9153145    8934.6696342
   8778.8555761    8962.7739273
   8760.4068116    8951.4436859
   8763.8624685    8945.4603320
   8773.5317493    8950.4761950
   8767.1864226    8943.1408457
   8772.0475266    8943.2465760
   8764.3907478    8948.2614100
   8751.8799664    8943.0756854
   8760.7654928    8947.0786659
   8752.7733421    8934.2011180
   8780.1261440    8957.6310711
   8772.7819165    8964.3148229
   8768.0874753    8945.1558477
   8768.7132804    8927.2737651
   8752.9106915    8953.6530057
   8764.2176778    8933.2902717
   8770.4768917    8956.0556515
   8770.5703186    8945.7636672
   8755.5310282    8947.1425844
   8768.1607662    8942.4807471
   8769.9218821    8949.2109544
   8767.2226685    8925.7412372
   8774.7024529    8963.3105522
   8759.8668467    8931.2976452
   8770.2808162    8941.4100377
   8754.2213993    8958.2437976
   8750.0577294    8953.2409213
   8751.4141818    8960.6893149
   8769.0570476    8943.4926851
   8765.3852225    8951.8875089
   8772.1904667    8954.3445493
    855.9094164     385.7740157
    857.0829092     377.4345885
    860.4830447     399.2778907
    864.3829241     384.6600363
    852.3042307     399.1306923
    853.6206925     386.2811595
    853.5154244     391.2281527
    860.3991531     384.2632068
    853.8369918     393.4771436
    858.0153949     389.8189099
    851.7152601     389.8383356
    850.7827723     390.6314240
    847.1746682     418.8208303
    842.0029988     378.8137333
    842.4858476     383.4473068
    850.5564794     404.8571603
    867.3259515     392.9210760
    825.4599866     394.3914259
    837.3355680     385.5408166
    838.9448858     394.8040581
    844.1760393     398.2690291
    855.2151377     388.1471367
    851.2477174     399.7220300
    846.7207945     399.7040212
    850.2489536     393.2418069
    858.4345224     403.8631576
    855.6502357     391.1315512
    857.6489730     375.0933560
    866.8317297     377.2929197
    859.4792080     384.9061930
    855.5146295     389.3821581
    853.4780113     382.5399619
    828.8358337     394.6143888
    844.4370703     384.0614747
    843.1888823     410.3919448
    844.6201893     393.8159621
    838.8376818     405.7787995
    844.8794340     364.5414142
    877.5616124     379.5663460
    863.5314370     397.8785579
    856.9639101     388.2329840
    852.3341012     402.7871924
    847.4328065     393.0609286
    859.7250158     391.3817207
    846.1922817     405.0646214
    853.8589997     389.2961057
    842.6831655     380.4918601
    859.3799548     400.0405132
    828.7350031     384.3929159
    860.0909951     414.7908985
   1719.8077337    8790.8436960
   1712.0375202    8776.1508397
   1706.0495409    8769.0533873
   1692.6854322    8784.6347451
   1719.9835663    8788.9046676
   1701.0424666    8779.7241987
   1685.0797659    8787.4536643
   1694.8132587    8783.8154814
   1689.4108865    8782.6375838
   1682.9339070    8786.4640965
   1711.5014548    8790.5645424
   1719.4424332    8784.6705695
   1703.3578301    8786.5736827
   1689.5068976    8802.9573690
   1708.1899765    8778.9967701
   1689.2758782    8787.2401271
   1706.8796712    8782.8038830
   1700.1649408    8779.5438660
   1698.2767217    8794.7764476
   1712.3103745    8766.4232655
   1699.6929844    8769.3840208
   1684.9472411    8787.2845622
   1689.8885023    8749.8914598
   1704.7557222    8794.2464526
   1718.6919670    8777.4621014
   1712.7586487    8755.2149179
   1687.8701996    8786.6147280
   1703.0195383    8794.6292134
   1707.8710905    8780.6093341
   1713.5966743    8788.2898607
   1715.4750830    8773.3822644
   1701.3067324    8777.1290776
   1706.3633287    8779.2295126
   1695.7856737    8768.1601378
   1701.3862370    8792.5799280
   1708.3861518    8751.2647144
   1682.1077387    8801.4764395
   1696.4279322    8779.9356220
   1709.9575501    8783.3914872
   1691.9782942    8779.3265648
   1717.2758025    8767.6111228
   1711.3164440    8778.3011131
   1695.5919085    8800.0541652
   1691.8754597    8789.7756179
   1694.6736611    8767.1043640
   1696.6439969    8793.1142980
   1696.4452739    8786.9192526
   1700.1897288    8781.8933479
   1694.1292174    8782.7428573
   1677.9752611    8776.9418177
    965.4289021    4213.7732385
    987.0149432    4203.1155976
    991.4814144    4215.0345556
    986.4040592    4207.4622114
    988.1962684    4221.6183204
    976.8639064    4202.9078058
    995.3584459    4187.8919653
    957.2954374    4192.9289792
    985.2857486    4212.5999921
    988.4333887    4211.8360230
    998.8421364    4226.8340845
    995.0584447    4199.5182473
    987.1041172    4202.4142232
    978.4612347    4200.8426280
    983.5754626    4216.5174909
    984.2552588    4199.1425631
    968.2079865    4203.4554020
    975.6919548    4218.9189817
    980.2755297    4209.1895867
    981.8989877    4222.0447315
    999.8294896    4215.3468354
    980.9852800    4225.1012653
    987.8507523    4206.8652812
    993.5740754    4213.1485495
    969.1280310    4217.3453131
    986.4665903    4192.5098358
    961.9579068    4212.4392601
    990.3019009    4217.1620506
    969.8585406    4207.6061506
    990.1342375    4195.7187280
    984.3211682    4213.2095427
    992.7058980    4186.5373307
    984.9182116    4231.2574686
    977.2562649    4207.9138568
    993.0082606    4203.4448240
    995.0378872    4216.4815817
    967.7276041    4212.0821842
    968.8785187    4220.6017282
    966.6615936    4192.9587129
    972.0952942    4203.0455234
    996.6177462    4210.8936747
    986.3783838    4221.8252475
    976.4902393    4205.2929929
    974.9938130    4218.9252965
    999.8011004    4213.6636750
    977.2355384    4205.8726398
    972.3451954    4218.3877037
    972.8390507    4208.5299194
    971.7787249    4192.0816191
    958.0687843    4202.1766349
