   4161.6209810    7220.9710107      -9.9598824
   4172.0321897    7208.8883831      -4.5213541
   4177.5198030    7206.9748723       6.4818573
   4169.3003140    7222.3831383       4.4517195
   4181.6394722    7191.9489828      -7.3567756
   4179.8282471    7201.0707527       2.7288970
   4178.9542294    7202.1311007      -9.2366395
   4160.1252488    7192.6623688       7.7065890
   4169.5951311    7185.8583915       2.1753781
   4164.0033785    7206.0021149      -9.7630007
   4164.1201945    7206.3090582      18.0620094
   4162.7405096    7197.4369622       0.0362085
   4190.6403345    7207.7201413       7.9775905
   4170.4489068    7211.8172772       2.9830540
   4166.0589312    7215.7454349      13.6267460
   4162.6433056    7209.1278761       4.6123415
   4183.8903741    7209.9820952     -11.7718789
   4161.7376079    7201.5789387      10.3157084
   4171.0225529    7205.5273222      -7.6610198
   4173.0013355    7202.5433667       7.4396274
   3005.1914907    1483.0333939     926.6365220
   3021.2065971    1452.0916675     933.8379540
   3033.4294811    1468.2672746     930.5618459
   3020.8186772    1467.0436089     923.5172368
   3025.3481169    1472.1084306     919.3932660
   3025.1364005    1475.6337877     931.5112996
   3025.4347466    1471.7766997     929.2051995
   3019.2236511    1490.5275692     940.2709182
   3029.5838410    1451.4452700     923.9869251
   3027.9499342    1474.4072731     917.4313444
   3033.3162387    1464.4772008     927.0443311
   3039.4007968    1465.1771345     919.9776649
   3028.2016684    1484.9496385     924.0756457
   3028.0581402    1461.0553579     915.5948781
   3015.5490992    1473.7845361     927.6615684
   3024.0658223    1463.0272221     929.4274841
   3047.1777845    1466.3200749     920.1440110
   3026.4332686    1492.1751913     920.2247108
   3005.1750986    1474.4014032     923.7062730
   3025.2884284    1476.6334198     902.0375995
   1870.7705855    3467.4489835    3965.6299367
   1861.4936692    3469.7520977    3953.5082923
   1869.3372484    3447.8843262    3966.7359720
   1860.9043735    3450.1958241    3973.0542184
   1866.5149403    3477.7264192    3966.0522960
   1865.5138954    3456.6878970    3965.6794132
   1864.9304368    3457.1612031    3973.6119938
   1849.0965366    3463.9129171    3968.8069227
   1850.1746566    3471.6021012    3992.4189364
   1859.2788653    3463.3787356    3968.5782541
   1860.7361390    3463.0398561    3963.4829616
   1862.6517183    3447.2716978    3963.8811534
   1857.1658889    3466.4434467    3968.8928032
   1869.1385164    3454.7157210    3976.6834588
   1876.6269804    3457.7840959    3966.8387477
   1844.2223575    3453.5466463    3968.0962967
   1848.5565077    3475.4041757    3961.7345481
   1872.4842782    3457.4383111    3976.9146722
   1867.9338336    3449.7559400    3962.0693731
   1864.0098456    3473.2832800    3959.7970049
   5387.5501194    4194.3294119    6852.9427285
   5391.5503877    4194.7259103    6864.4346628
   5373.8623539    4200.4895731    6867.2635104
   5393.4006794    4196.0982566    6858.0288793
   5395.7619664    4196.0720458    6863.8733723
   5376.0424423    4170.3780914    6843.2083277
   5371.0999625    4176.4943734    6862.2689292
   5373.0781830    4196.0528536    6851.5902705
   5377.8777352    4198.0145473    6833.5304994
   5379.4341354    4194.9007770    6854.5100435
   5390.9476808    4198.8454609    6843.0152436
   5379.6489659    4192.8527298    6863.8170287
   5391.3851648    4205.3583223    6853.6117558
   5405.5411868    4195.7028318    6866.9775607
   5367.3656681    4187.4108684    6850.4050578
   5381.8361761    4196.6914157    6847.3493738
   5391.9261844    4199.4256288    6840.3104274
   5390.6034524    4170.9727380    6847.7086976
   5392.8729360    4177.9593618    6857.6838329
   5385.6921899    4189.6938693    6855.9919228
   2043.3655498    8779.7081629     291.5699174
   2044.4903095    8774.5097626     266.1575719
   2041.8728905    8792.2471862     260.3885668
   2050.4315248    8781.5539146     264.3486918
   2032.5122608    8780.3839241     281.7748654
   2066.3842724    8771.9074540     277.8943846
   2036.5635669    8788.3766888     288.7920486
   2045.5342677    8792.1567452     275.0274860
   2057.7468049    8791.0059512     286.4478316
   2049.1482177    8772.0240317     282.6998167
   2051.8821958    8767.6607442     285.1181860
   2038.6584662    8795.7743377     271.0951531
   2048.8886250    8781.5565803     288.7767020
   2070.5004044    8777.5452078     264.7065870
   2054.0626611    8777.6605958     284.8848936
   2055.6315252    8778.6957220     260.5916854
   2046.1761288    8781.4498075     267.3768943
   2036.8943737    8789.9980155     265.4877095
   2037.7371883    8780.5154718     259.0355665
   2044.9612704    8774.7610223     283.3251060
