   4163.3483200    7194.7928780      -5.5687131    3023.1990803    1456.3858047     925.7301047    1879.2001355    3463.0277120    3965.7563868    5379.2910504
   4162.7484641    7220.1694804       1.6518257    3016.9557699    1469.4680630     944.3884991    1863.8037033    3461.7793015    3970.6764455    5384.6448416
   4158.7948650    7199.7515072      -0.9451942    3029.1919582    1475.9487423     932.6969685    1865.4579870    3464.4586821    3960.1307629    5400.6960216
   4175.3493452    7200.2640061       6.0289296    3022.5700092    1478.8752020     938.5841159    1884.4578678    3441.6423071    3953.2336043    5383.1226814
   4171.8204177    7212.0066236       4.3000976    3003.1037142    1464.4968680     931.6656941    1864.9030611    3463.2273822    3965.4514609    5386.1597593
   4172.0856609    7207.3454509       3.1267454    3024.5158128    1460.8522853     927.1615856    1863.8203265    3466.9021095    3979.6639211    5390.0189042
   4166.4671975    7196.8576303       5.3786917    3024.0991270    1464.1203714     923.8219163    1856.4021053    3462.5875908    3963.2034567    5400.4124171
   4174.2549634    7209.1807197      -9.8053703    3025.0195506    1474.9644727     913.8489417    1859.9399287    3455.9334159    3953.9435691    5391.3189340
   4178.6816535    7194.6497750       4.6492080    3010.2028922    1467.1719531     907.2282241    1873.8162909    3459.6962758    3967.4285727    5380.4157238
   4182.9576063    7222.9159519     -17.4360705    3035.6873666    1483.8354157     926.7660647    1850.6094335    3464.2407236    3965.8655393    5382.1281338
   4157.9194657    7208.7503094       9.0718168    3017.0904190    1472.7646715     911.9425338    1870.6207241    3456.0729434    3965.8090446    5387.1498813
   4178.9089086    7210.7490508       6.4384014    3024.7027384    1468.3371195     929.5697503    1864.9270594    3462.4327845    3964.5735746    5363.8189624
   4180.6082930    7225.1147309       5.5573926    3022.3241740    1466.1944607     922.1954058    1862.7762079    3444.3870831    3962.5037977    5378.1970718
   4172.7080386    7200.2785229       6.0958614    3021.5786947    1477.4222600     925.5212867    1884.5091111    3436.6436612    3961.2055754    5397.1822090
   4195.5033041    7200.7585866       1.5804381    3021.0625839    1480.8734793     920.5128691    1869.4028122    3452.4092544    3954.9491548    5391.3028172
   4175.2518952    7216.1771932       0.0392779    3017.1521057    1473.1865191     925.7933186    1865.4087645    3454.8761434    3979.2781280    5391.8622672
   4189.2666341    7214.3555014       7.7342461    3007.0513429    1473.5821010     927.5887697    1870.7116305    3466.0516914    3963.6659604    5396.4073962
   4164.5969927    7222.7937152     -12.1757685    3005.7188407    1451.0516955     914.4803918    1851.4109598    3475.1680595    3964.4097473    5374.7405821
   4181.3638768    7197.3796950     -11.2247856    3032.0841156    1473.7925299     919.0363809    1876.6775138    3456.8982862    3983.8442383    5393.1947489
   4185.8081024    7204.3389614     -11.0536958    3047.8194128    1462.1011665     921.3975691    1855.5981287    3453.5733259    3970.1014367    5390.1856418
   4198.5553469    6870.1165861    2043.3178516    8768.8431566     262.0527507    6698.0175566    4156.3060656    5595.1485827    1398.8872503    1977.9050411
   4191.9262292    6838.2287997    2035.9093337    8787.9214792     280.0613233    6700.2433825    4191.1533728    5573.8410152    1400.4195139    1978.7064934
   4164.0142940    6871.5702921    2048.1858175    8770.7284701     294.3876664    6710.5317218    4177.3432851    5580.8283005    1404.9316132    1965.7580877
   4199.8954050    6848.4506208    2045.8629793    8793.1949125     276.7234131    6707.2997762    4175.8130167    5579.5655684    1412.2294331    1996.4484820
   4199.5332006    6861.0440921    2035.7496821    8772.4964917     259.4671717    6716.9976325    4170.5062250    5600.8967239    1396.0502691    1976.6398010
   4192.8993949    6861.4095047    2045.1299993    8783.2856115     274.0412077    6706.4469790    4161.8833235    5587.7075555    1402.0035960    1980.4466460
   4196.8685096    6845.3882226    2043.6774170    8778.2007451     278.0489520    6712.5228083    4163.4937710    5592.7573888    1424.5272192    1966.3033216
   4183.6434251    6843.3892280    2041.7315201    8797.4028548     274.0094587    6697.7281658    4179.2660587    5580.9002391    1415.1035076    1984.0675613
   4205.8329380    6845.5815615    2074.8310684    8789.4202102     280.4217335    6704.1632173    4165.7920525    5578.2205977    1402.5096127    1973.0421930
   4194.7719012    6843.9340296    2050.7333243    8790.7355810     266.8175269    6716.6019625    4170.6686043    5598.4511633    1408.2510494    1992.2381741
   4181.9749461    6851.1270641    2059.0367899    8774.9939954     253.5039197    6685.2492100    4147.9836171    5565.7566452    1399.7529943    1993.8001717
   4187.5228512    6855.4302775    2043.4225824    8781.2598534     272.1939436    6702.9332983    4177.6596647    5575.1384577    1413.9706577    1990.2150702
   4189.9945706    6860.2489382    2037.5090531    8775.8021337     275.4385705    6702.7728915    4168.5606433    5580.1738041    1398.2944387    1990.4065783
   4172.5119100    6855.7199476    2042.1581278    8788.4524989     279.0266681    6676.8497571    4178.8944898    5590.1410269    1404.0880143    1976.3281527
   4200.4779563    6848.0647109    2062.8696736    8786.8181925     295.2542127    6696.8197618    4155.4887673    5594.0461804    1412.3964266    1981.3684918
   4176.5572116    6847.7160521    2050.7023527    8779.3326007     272.7160801    6702.9205121    4163.7088771    5581.5680812    1389.6038317    1998.6944903
   4187.1914153    6856.9711058    2034.3036379    8789.1196463     255.1443222    6713.8812530    4172.6943444    5608.0043350    1390.8040452    1981.7786957
   4195.6174622    6864.5239959    2040.2939277    8782.0390080     252.4512647    6696.3734131    4177.5641832    5597.9400277    1401.0520233    2001.5784461
   4209.5476363    6851.5884790    2020.3874673    8763.3987002     266.0973437    6715.8335129    4176.1507465    5565.9558063    1401.5817277    1997.1485046
   4188.1970972    6844.6953078    2065.0687383    8781.7084593     269.0843610    6708.1767734    4173.2196709    5582.6068617    1415.9539492    1992.1719089
   8015.8543023    9681.5868850    3145.7107854    6922.7291309    8768.5579556    8956.4035037     858.5305573     408.4453792    1702.8170358    8764.5844344
   7995.8439857    9696.1168254    3130.9289499    6927.0915481    8755.3769664    8956.0754493     846.5937912     405.1289147    1692.9818554    8792.6063683
   8014.1896478    9675.3918381    3145.2317449    6914.2098118    8755.6668511    8953.2837480     844.1886937     384.6094017    1694.8651886    8771.4233424
   8017.8956309    9688.7009042    3133.5484946    6922.1422360    8768.3930781    8963.7199860     859.1518117     385.4632610    1706.0783877    8780.2373226
   8005.4557049    9701.2804709    3130.0524026    6918.4343075    8744.3704701    8932.0433436     854.9533431     383.5986233    1703.4583337    8770.2763238
   7999.7725885    9689.3614643    3148.8507054    6929.1508847    8775.8698314    8963.1125768     860.8430052     381.3634319    1697.2507485    8787.7269910
   8003.2972177    9687.1352176    3118.4502187    6914.9398769    8769.1803204    8923.6957699     839.3649887     390.3706491    1681.1102509    8781.9962443
   7999.4502118    9679.6998112    3131.6519531    6925.1190887    8758.2536356    8946.9634991     844.4305457     396.1085674    1715.2422868    8783.3937321
   8009.1443793    9670.9756775    3141.1754438    6915.6454834    8755.8030510    8951.6410296     852.2525011     401.6195868    1712.7329649    8776.0282187
   8008.7294567    9700.2199090    3143.9071741    6930.3566472    8776.9535836    8940.0206053     856.8079478     404.6403662    1714.5133185    8773.3631861
   8004.9289447    9686.4429089    3131.3518082    6919.3079943    8770.7315362    8942.5325352     832.5629848     394.1663055    1694.0592677    8774.1097245
   7991.7883052    9692.7539819    3111.9706553    6906.2328206    8761.1330623    8958.3561909     863.5391728     378.9980060    1696.5278737    8766.3204705
   8017.5577574    9667.8501306    3132.8098241    6933.5559945    8761.6673827    8960.7682385     841.7420315     394.2397370    1706.8370175    8780.0279170
   8021.3088294    9688.0970530    3117.8672857    6962.8121837    8770.3779594    8947.1400680     836.4539855     391.3655105    1693.7047673    8787.8685710
   8011.1623897    9701.1458520    3135.6642953    6928.3612115    8767.6160915    8944.5817370     848.6081117     401.5578344    1706.1044670    8775.1306183
   7996.3113257    9681.9416569    3145.8561814    6922.9508628    8781.3558739    8938.3159322     851.8585191     365.3847937    1692.3475168    8778.3338211
   8012.5550645    9699.7223756    3134.5912175    6937.7653325    8770.5083337    8955.9301568     845.7805651     404.3977458    1687.5745529    8786.3766204
   7997.9250657    9677.4343017    3119.6277455    6918.0626776    8767.4026919    8945.3789304     836.9644643     405.2552309    1701.6764050    8791.5056886
   8015.2979560    9675.9670795    3114.7913120    6914.0719130    8776.1430815    8935.5311743     858.6025505     384.4237626    1702.2352881    8763.1858358
   8019.1164384    9682.2190702    3143.1000396    6925.1247732    8771.8721609    8945.0473146     857.8756791     375.4521055    1687.4970887    8788.6797743
    983.0765558    4208.7887083    9577.0991786    5336.6701008    6912.8377020    3160.2593860    6855.8513583    8342.1841985     192.7322902    7512.1556737
    972.4967947    4219.4625975    9568.5034783    5338.9830820    6899.7830189    3143.9852031    6859.9195540    8344.5918594     197.1189177    7510.4831412
    999.2230174    4223.1423290    9576.0666660    5328.9895809    6929.4608557    3155.5600244    6863.4393401    8332.9046917     181.8181722    7473.5331854
    978.9071628    4201.2773475    9585.8210450    5326.8661262    6915.4806240    3168.6273647    6854.5185994    8349.4233079     163.9301040    7502.3404406
    987.5709958    4219.6749598    9569.9084696    5334.8494191    6921.9526815    3154.9639937    6866.5094396    8350.8920622     186.8615777    7491.4830406
    971.5097232    4236.1360529    9598.0932244    5317.7359110    6923.2733169    3161.4306809    6872.5226492    8347.6606733     173.6140540    7499.6189454
    978.5570870    4212.4199812    9576.2115885    5330.3360935    6928.9566643    3167.4618921    6853.1982451    8341.6574179     174.9747739    7513.6803716
    982.8746593    4225.5661441    9574.1194930    5331.9128497    6905.2841750    3168.1816654    6861.3831559    8331.4051545     176.9581606    7478.3940701
    983.1501666    4212.2011275    9581.7760832    5346.6339316    6915.7613780    3163.2308692    6868.1316637    8344.3235026     162.1147532    7510.9181611
    978.4285988    4211.2558090    9566.1906937    5334.4828051    6919.8514477    3155.4504863    6863.6613455    8356.7489019     192.5449821    7508.7023180
   1016.6791259    4205.0739967    9575.1001263    5321.5048128    6923.1310015    3148.2814361    6838.0256594    8334.1233377     183.6052924    7511.5410228
    967.8989228    4204.9518288    9577.5017835    5324.3674748    6924.0827774    3155.1963185    6868.2219360    8339.0045697     198.2481367    7501.4393994
    996.4038345    4206.6862734    9584.7956961    5324.8590119    6909.2620470    3148.1128067    6864.5506100    8344.0693844     198.2748435    7489.9561072
    972.5649550    4228.0781315    9584.9831381    5312.8387411    6923.7438305    3157.5296371    6843.5648363    8342.5610947     182.7082239    7508.7571746
    993.0132950    4212.0337178    9589.2298095    5330.1901170    6910.1961713    3145.8144916    6870.4357298    8326.6750281     189.6608492    7490.3774188
    979.8760974    4216.1300691    9591.0747105    5312.2460401    6910.7093574    3155.6469270    6859.0484135    8354.8729500     162.0188678    7505.0611659
    987.7275401    4211.5670540    9589.9176688    5319.3571072    6929.8573071    3148.1271060    6872.2647820    8343.0146768     191.0262047    7509.2478487
    968.8278026    4209.5313381    9577.9709783    5329.2740971    6911.2145119    3173.6706890    6867.1002436    8361.8068789     177.1912869    7490.8251818
    984.7908161    4205.4438840    9602.7967611    5334.1070782    6930.2971309    3152.9139523    6861.7486638    8345.9476048     186.4399461    7509.9390179
    982.2467982    4204.2677343    9568.2165357    5330.8860561    6924.5007668    3159.7357808    6864.8311013    8340.2553310     184.3504261    7507.1611982
   9888.2427125    7482.7802287    2802.9348774    7901.9482772    1027.8780631    4480.7906180    9089.8993112    2943.3967093    2892.7122335    1307.0402593
   9894.6030214    7466.9541729    2810.5039601    7915.7304606    1023.9599559    4468.7400633    9083.8084925    2946.3539650    2883.0008908    1295.5144791
   9888.2509872    7492.0269336    2811.1661181    7917.0820542    1042.3169326    4482.4709339    9092.1022937    2932.6516418    2867.9756558    1302.0052925
   9893.5164995    7467.7037135    2799.2163560    7889.1007255    1034.9164898    4476.3306012    9090.4059980    2937.1226062    2888.3566610    1283.1740446
   9905.1821354    7495.8332839    2804.9430915    7899.2965167    1038.3255498    4471.5623655    9087.6016816    2943.9232255    2880.8515534    1310.7989289
   9889.5608502    7482.4640537    2796.7618832    7889.1479040    1027.6628890    4495.9900969    9088.3600865    2926.1472187    2881.7393697    1298.3656842
   9858.0732453    7486.4550675    2788.9129328    7898.5779287    1022.6474298    4464.3520172    9090.8984474    2921.1995461    2873.2863938    1302.3294951
   9894.7332143    7489.1053892    2804.0771078    7884.4693310    1051.4982200    4472.8754486    9103.9909207    2931.6162340    2889.3662428    1310.9853766
   9878.1555466    7485.2093889    2811.9938409    7899.8031057    1030.2706913    4481.9548622    9082.0081341    2924.4233499    2887.5935082    1294.6889070
   9902.4084710    7487.6810528    2795.5134539    7891.1813013    1029.3962166    4470.2263853    9090.9693268    2931.3553430    2894.0703010    1308.8946336
   9879.8089984    7481.4665386    2802.1723187    7877.1482060    1041.5726226    4488.4333499    9095.2100431    2931.5716052    2888.4432456    1298.1881918
   9897.9623669    7499.7818219    2805.8410195    7878.6017967    1029.0910538    4485.3451204    9098.1537747    2924.8035634    2875.8479029    1302.6191124
   9892.9608723    7490.7607798    2794.9555241    7888.5585015    1042.3397306    4482.8586109    9090.4388374    2947.3947187    2878.7939198    1305.5657554
   9885.4652504    7468.2064436    2791.4873418    7893.5364901    1030.2644586    4472.3892301    9089.1351739    2927.2387682    2878.8667585    1300.0904956
   9880.2109999    7458.6744850    2819.0051945    7895.9596569    1005.6188064    4474.6709756    9089.8929082    2933.8600768    2883.5566870    1290.5530453
   9890.3625664    7481.1217069    2802.6093008    7890.5829955    1034.2576613    4488.2624759    9080.6538329    2932.0690835    2879.3590358    1299.0842214
   9892.4669120    7488.8394512    2817.3518097    7891.6288430    1009.4870858    4478.2390164    9089.4937352    2934.2719336    2876.2210242    1275.9606361
   9893.6907324    7478.4162205    2789.3291546    7884.0790639    1023.6117664    4485.0227526    9091.5714119    2951.2889876    2884.2326340    1286.7692273
   9874.5187963    7492.9637973    2820.1067827    7890.4158035    1037.8480957    4463.8863489    9066.5158133    2924.4012470    2874.1815106    1295.0719573
   9886.3097484    7476.7463995    2811.2329321    7907.0687540    1032.6220404    4499.2352366    9079.6109838    2930.8904498    2881.6307325    1296.7377336
