   4161.6209810    7220.9710107      -9.9598824
   4172.0321897    7208.8883831      -4.5213541
   4177.5198030    7206.9748723       6.4818573
   4169.3003140    7222.3831383       4.4517195
   4181.6394722    7191.9489828      -7.3567756
   4179.8282471    7201.0707527       2.7288970
   4178.9542294    7202.1311007      -9.2366395
   4160.1252488    7192.6623688       7.7065890
   4169.5951311    7185.8583915       2.1753781
   4164.0033785    7206.0021149      -9.7630007
   3017.2258738    1470.6230320     940.3042090
   3015.8461889    1461.7509359     922.2784080
   3043.7460138    1472.0341151     930.2197900
   3023.5545861    1476.1312509     925.2252535
   3019.1646105    1480.0594086     935.8689456
   3015.7489849    1473.4418498     926.8545410
   3036.9960534    1474.2960689     910.4703207
   3014.8432872    1465.8929125     932.5579079
   3024.1282322    1469.8412959     914.5811797
   3026.1070148    1466.8573404     929.6818270
   1844.4678781    3471.0817562    3970.9253166
   1860.4829845    3440.1400297    3978.1267486
   1872.7058686    3456.3156369    3974.8506406
   1860.0950647    3455.0919712    3967.8060314
   1864.6245043    3460.1567928    3963.6820606
   1864.4127879    3463.6821499    3975.8000942
   1864.7111341    3459.8250620    3973.4939941
   1858.5000386    3478.5759315    3984.5597128
   1868.8602285    3439.4936323    3968.2757197
   1867.2263217    3462.4556353    3961.7201390
   5398.1578524    4188.8634366    6855.8533874
   5404.2424105    4189.5633704    6848.7867211
   5393.0432821    4209.3358743    6852.8847020
   5392.8997539    4185.4415938    6844.4039344
   5380.3907129    4198.1707720    6856.4706247
   5388.9074360    4187.4134580    6858.2365404
   5412.0193982    4190.7063107    6848.9530672
   5391.2748823    4216.5614271    6849.0337671
   5370.0167123    4198.7876390    6852.5153292
   5390.1300421    4201.0196556    6830.8466558
   2052.6909691    8793.0160770     271.8311263
   2043.4140527    8795.3191912     259.7094820
   2051.2576319    8773.4514197     272.9371616
   2042.8247571    8775.7629176     279.2554081
   2048.4353239    8803.2935127     272.2534857
   2047.4342789    8782.2549905     271.8806028
   2046.8508203    8782.7282965     279.8131835
   2031.0169202    8789.4800106     275.0081124
   2032.0950402    8797.1691947     298.6201261
   2041.1992488    8788.9458291     274.7794438
