   4168.4957650    7194.4663502       1.5658856
   4176.0481992    7192.2387426      12.5909853
   4179.2359542    7208.2698778      10.1523077
   4163.3827684    7202.0160322      -8.2139462
   4167.5411662    7208.5484891      -5.7728593
   4166.2525118    7196.3732074      -7.3083082
   4163.5075857    7203.1182884     -10.0293553
   4172.5642040    7219.8429562       8.5641898
   4168.3016915    7194.3686448      -6.3278348
   4187.1445930    7203.7530120      -5.2262083
   4172.1292019    7224.2474858       2.3453377
   4176.3920781    7206.2466376      -2.3787503
   4158.7948650    7199.7515072      -0.9451942
   4176.0862789    7211.6347686      10.4547690
   4173.0759203    7212.0963461      -6.4002312
   4182.7487286    7208.3742326      -1.8371802
   4175.1052285    7202.4892173      12.4600420
   4185.4182152    7225.1006885     -12.8212152
   4155.7789090    7198.2002758       2.7441189
   4178.9817362    7206.4012839     -19.0782640
   4167.1580069    7211.5246808       3.4446955
   4177.8401588    7201.0216530      -0.8638325
   4172.0856609    7207.3454509       3.1267454
   4171.4101335    7196.5383116       4.9193860
   4171.4382597    7214.5397735      13.1329270
   4172.0716112    7199.4920849      -5.2435559
   4174.4549906    7204.0183351      -2.2947886
   4170.6560156    7197.0449260       8.1240685
   4165.7487614    7215.4900115       5.1786646
   4176.1558323    7192.2958160       2.8375725
   4177.6256115    7193.7079284      -1.5184369
   4170.5461925    7189.5137612       4.2953421
   4178.6816535    7194.6497750       4.6492080
   4157.0972129    7202.8579793     -15.0139754
   4181.4342241    7207.3339398       0.8975786
   4162.4684308    7215.9824937      20.8147657
   4151.6402284    7215.6065747      17.4202557
   4173.6001640    7191.2522541       9.7772013
   4168.4108440    7197.2057281     -11.1568332
   4175.7254220    7211.1730031      -5.0915591
   4175.4258104    7191.8015205       9.1623585
   4170.6857200    7201.3792367       0.1262894
   4178.9089086    7210.7490508       6.4384014
   4171.5970591    7204.0231457       7.3275508
   4172.5449926    7210.0704485      -1.9574196
   4145.8716694    7213.6331804      23.0135446
   4174.6336915    7202.2433821      -0.2206993
   4169.0295051    7203.4190285     -10.0764391
   4165.0491024    7193.2746661       3.6317398
   4167.2536355    7208.1970477      -0.6032834
   3033.1890782    1469.6942472     945.2929450
   3004.3621171    1461.0897413     932.4008166
   3048.6089834    1465.0725604     923.8226376
   3021.0625839    1480.8734793     920.5128691
   3030.1264247    1464.3608922     910.6603601
   3026.4612035    1472.5907563     936.3182065
   3022.2212561    1461.3852875     929.0135587
   3025.7330972    1470.3655589     922.6548207
   3034.9291120    1471.2538353     942.4325348
   3034.4362933    1474.1494061     907.1115643
   3029.3489191    1471.7617302     931.4954644
   3033.7701473    1463.5501263     931.6260039
   3017.7026720    1487.1076889     910.0664310
   3005.7188407    1451.0516955     914.4803918
   3012.1345723    1487.1196972     920.1209527
   3009.8989684    1478.7027379     917.5207083
   3010.9571926    1476.3172974     929.6195695
   3018.9761595    1481.6343082     924.6769635
   3039.4952223    1472.5863170     938.9740031
   3024.4197533    1455.3614642     947.8796342
   3017.8679846    1465.5705295     916.3819626
   3021.2917818    1469.9856026     925.4042495
   3029.9359292    1485.4804903     922.1813020
   3010.9945190    1455.7357269     916.7284025
   3006.5837682    1475.8092064     918.4038121
   3020.2158765    1467.5399933     909.4197434
   3014.7125627    1474.3060234     929.5713390
   3018.8940070    1485.6642573     910.3286785
   3019.8758542    1465.2505107     895.4550977
   3042.7010145    1471.2222283     912.9400539
   3043.8374607    1473.4155282     927.6812091
   3017.2557423    1468.6211354     908.1291445
   3031.2759873    1463.8145250     924.7264297
   3035.3462749    1470.4063893     926.0106221
   3026.0907194    1460.2261921     931.7459949
   3038.7593174    1475.1469648     932.2350358
   3014.5529111    1458.8810359     908.9771874
   3035.6482570    1465.0171095     937.3843871
   3015.5066095    1463.1838183     924.3401986
   3032.5402270    1468.1664101     925.4971952
   3023.4910020    1469.3307854     912.2212475
   3024.1349973    1465.6931182     922.8177029
   3028.2490919    1460.7521268     922.5408674
   3020.3521075    1471.7319282     931.2336542
   3013.7714737    1473.4180125     944.0437809
   3008.6141571    1459.2571892     914.5801717
   3020.5347491    1483.7873990     923.5194745
   3016.3787904    1473.7769432     917.3879024
   3034.5598479    1470.6115786     937.2737417
   3016.7122839    1497.8674793     931.6317939
   1869.1479153    3455.0953860    3960.4187711
   1853.9244270    3454.2474972    3959.7020445
   1865.4288709    3447.3462961    3973.8855693
   1872.1633308    3448.5488654    3979.6016030
   1860.2226944    3467.1601493    3972.0564058
   1873.8253970    3445.6370725    3966.6068024
   1877.1164064    3449.4269020    3947.3027300
   1843.1762220    3430.5428639    3946.5331031
   1858.4857221    3468.3925513    3963.2524495
   1865.8373873    3454.5073555    3967.7602318
   1860.9201254    3453.8654670    3972.2863833
   1850.8422871    3465.7085422    3976.8749216
   1860.6515404    3463.6612047    3960.6612980
   1857.2298835    3457.1699089    3965.7725321
   1858.1147334    3448.8827900    3962.0997951
   1871.9938012    3436.1740364    3971.1996860
   1860.2377443    3462.8854054    3972.8254784
   1834.7767691    3461.4537365    3970.9174847
   1862.8207421    3450.9205323    3976.2075545
   1858.4718207    3473.9544467    3973.3185709
   1883.9803945    3447.7519305    3950.1154859
   1869.7500098    3464.1343110    3968.0283433
   1847.2141813    3451.1283186    3973.8545976
   1860.7603505    3454.4474186    3965.9201526
   1853.2629672    3450.2770672    3953.4091881
   1880.2817133    3450.8535417    3972.4508441
   1852.3832543    3463.5525528    3948.9431325
   1871.8082650    3455.2535912    3988.7807928
   1849.5367730    3456.3710752    3971.3470604
   1874.9311057    3451.3787008    3968.5393864
   1841.1774465    3447.3055818    3972.1909018
   1873.6438570    3452.7899077    3988.2382975
   1880.2046060    3455.0007455    3943.5397123
   1844.8264500    3447.8286822    3978.8331534
   1865.7048367    3434.6647923    3965.3870840
   1878.7357275    3451.8592236    3960.1750461
   1883.1483548    3456.1413658    3962.8831713
   1866.1037854    3455.7789177    3963.3833195
   1874.6866771    3466.7642885    3976.0833579
   1861.5732416    3467.0762742    3967.1777165
   1867.2685464    3465.9441391    3975.7631859
   1880.4996606    3460.1201106    3950.8341424
   1851.0004127    3469.1083386    3964.3619106
   1866.4675052    3447.0927139    3977.6835565
   1858.7537913    3470.1883528    3962.3524021
   1873.7834477    3462.3512315    3960.4508233
   1873.5920771    3446.5909255    3959.4500704
   1869.8192267    3449.3538504    3961.7363116
   1859.1631067    3445.6055785    3978.1246864
   1868.6872608    3454.9139835    3966.5908216
   5392.6688952    4209.5984950    6860.9047020
   5383.0827687    4199.7193361    6851.0072922
   5386.1773582    4210.6098578    6848.0056250
   5383.3754909    4172.4240912    6838.1717125
   5392.6785694    4184.9959350    6857.3491420
   5377.0186295    4184.2720458    6858.9407110
   5402.7762638    4197.8698720    6864.1733124
   5405.2132817    4202.3460356    6843.0106036
   5387.1138929    4198.2471007    6848.0465350
   5392.6868004    4176.1535812    6843.9087242
   5393.4561375    4169.5742789    6841.1178789
   5387.9901569    4174.7511993    6852.7662139
   5380.1718651    4189.0291981    6849.6051754
   5390.0602720    4186.3072567    6853.0918680
   5382.1557720    4197.5058791    6869.1330951
   5390.1360378    4193.6438366    6840.5549243
   5395.1010023    4184.3644707    6844.1065320
   5393.7417346    4193.7555315    6863.2667585
   5402.5961093    4186.5483284    6853.4787739
   5405.7714919    4201.6105365    6859.3254945
   5401.2294007    4185.8991143    6858.5608381
   5402.2598739    4208.1542669    6844.1331558
   5385.6505980    4195.7722958    6849.3050305
   5384.2491776    4198.7851573    6848.6609041
   5370.2882111    4195.5636172    6847.9500761
   5380.8520302    4176.2877625    6862.3332286
   5365.8962137    4174.9518080    6849.4365433
   5400.4568959    4205.0422031    6840.6451776
   5386.3910181    4176.8405803    6862.3070746
   5373.4017134    4190.5131866    6862.5248418
   5385.9431997    4206.6467475    6843.4949217
   5391.8592447    4200.4779659    6850.7978867
   5402.0304827    4197.4264399    6835.8205080
   5427.7533671    4198.4315805    6853.2684369
   5374.1792118    4192.7628222    6847.5955757
   5394.6108767    4195.6618469    6870.7250988
   5389.5898538    4197.0801988    6855.9195725
   5386.6824420    4190.1111421    6863.2050060
   5395.9676114    4185.6507280    6841.0606429
   5387.4932398    4203.5595438    6851.9197101
   5405.6316909    4184.1944412    6853.6114093
   5363.0043014    4185.9884652    6849.1037908
   5393.2767178    4209.0517624    6852.5444399
   5402.7065158    4198.5619548    6862.0585258
   5383.5057915    4205.7950575    6841.4653612
   5393.1189261    4182.4245230    6847.0135484
   5373.5533040    4186.7816649    6855.7061729
   5387.4796354    4178.4674946    6866.9024025
   5391.5395494    4202.0257984    6860.0472732
   5381.5186624    4172.4946744    6843.0407603
   2056.7740558    8770.6389032     282.0363688
   2038.3984276    8785.1054564     255.6367335
   2056.1932490    8780.7776769     282.7341900
   2046.4211138    8789.1550019     272.8566116
   2051.9560628    8766.0786371     263.0688251
   2051.7772374    8780.7825813     271.5883903
   2042.7263744    8786.1916150     267.9424944
   2049.6255733    8772.0164454     269.8034115
   2054.3720140    8791.8868882     262.9043884
   2052.9088448    8770.7825407     281.2061643
   2025.5343767    8770.0032570     268.7862092
   2042.8576378    8795.4105082     282.9159237
   2060.2771764    8793.2404429     271.0472965
   2041.8592285    8791.8640801     274.2796463
   2042.9525606    8767.8223367     272.8113308
   2016.6125332    8776.6131884     264.0770295
   2051.4482408    8776.3876403     270.5854165
   2057.9935520    8770.6836865     277.0425209
   2025.5698278    8782.0716551     277.9785894
   2053.1212070    8772.1875320     277.0725014
   2047.7040393    8780.9820476     275.3760948
   2049.1578405    8785.1531682     263.9158231
   2032.5638822    8806.2341668     293.0738548
   2030.6055586    8785.6765413     280.1503028
   2052.0358697    8782.5783183     264.6072126
   2042.6982933    8776.2631125     275.2196631
   2041.8387843    8779.8576076     284.0614567
   2056.8280793    8769.3633322     269.2766309
   2036.6144978    8793.4115860     273.2822530
   2059.0123914    8776.3985554     274.1359319
   2031.0355328    8794.1997193     270.2498111
   2029.6709328    8775.2497511     250.8268526
   2044.2043256    8782.2992413     276.7567136
   2059.5035792    8778.1646024     281.9504911
   2047.6448842    8779.2411475     253.1079118
   2053.9975090    8776.1346244     274.0554909
   2031.8178896    8784.0043192     274.9562402
   2044.8166735    8779.8264326     284.3681149
   2054.1847059    8788.4335324     307.0867195
   2038.5202440    8777.3791888     263.7278951
   2048.8823593    8774.2994900     246.8923146
   2032.3891161    8781.8968829     283.9738053
   2028.9530817    8775.0499426     272.4824139
   2037.2371224    8786.4860018     273.9159404
   2047.7351565    8773.9222147     289.2412953
   2044.5187472    8794.1098601     269.4859553
   2050.4228920    8774.3805261     264.3668395
   2037.4789940    8780.7156970     271.6885974
   2059.9145674    8769.6873216     262.9725487
   2061.5243788    8787.2622005     255.0618233
   6709.6477928    4175.4213507    5565.4538440
   6700.9794775    4172.8734742    5594.2123096
   6714.2200584    4174.0054914    5597.2327925
   6703.2123690    4164.4730554    5577.5564660
   6710.1015547    4153.4663328    5593.6763602
   6693.6093711    4169.4557827    5591.9521035
   6716.8545108    4153.6412140    5578.8365023
   6705.1657187    4167.0871603    5595.5145155
   6683.8111961    4176.6660401    5591.1574862
   6705.1659058    4184.0703910    5574.6025419
   6715.7612694    4166.0188196    5594.1537896
   6701.4330596    4181.1914550    5594.7029838
   6690.0345660    4171.5031117    5585.9739613
   6702.2963491    4165.4913960    5605.4126634
   6706.7660685    4188.5981836    5581.2067979
   6694.0571342    4174.3705015    5581.2659184
   6728.5765614    4175.5022522    5598.4242758
   6702.4327441    4169.7874106    5586.5891703
   6708.2322744    4181.5438921    5585.6767443
   6697.8665860    4162.3692579    5586.1314908
   6710.4047290    4177.6274944    5586.7201090
   6698.6737138    4174.5156763    5592.6163332
   6704.3069252    4174.1717086    5585.3932412
   6713.8300945    4168.6660210    5588.7536407
   6708.6193821    4180.3032493    5601.8571321
   6711.4296399    4179.0401560    5572.1959136
   6710.7391412    4195.9851998    5578.5981746
   6694.4799033    4170.9014852    5597.1107657
   6709.9226067    4168.2767816    5586.5383826
   6715.0454916    4179.7742212    5611.1870542
   6714.7319686    4176.5836958    5593.0455472
   6701.1852599    4163.2702937    5588.6178558
   6709.5807122    4159.0951934    5581.6747198
   6700.9825428    4175.7044477    5584.2936239
   6709.1260689    4174.0291461    5597.5015595
   6687.5634252    4189.6192701    5601.0750246
   6705.1782726    4179.5512558    5592.9637685
   6697.3022055    4174.6946743    5594.6800262
   6707.7732694    4183.5612313    5587.8482456
   6705.4826117    4165.3699862    5583.2529040
   6700.0779250    4190.1028588    5589.3033400
   6694.6808368    4177.0340076    5584.9782475
   6674.1374580    4177.8465474    5571.3712966
   6710.4597460    4163.4353877    5572.3150399
   6709.6185183    4158.1060860    5582.4312924
   6706.7188757    4179.1703489    5594.3471298
   6704.3122889    4164.7240702    5606.1364387
   6698.6152886    4191.0839135    5582.3730347
   6716.2879587    4183.7476791    5576.4429420
   6708.2279469    4180.6019440    5593.9081057
   1401.8800114    1984.0344913    8003.4987899
   1392.1512522    1990.8550132    8001.8488725
   1417.6669679    1987.0393999    7998.5192200
   1402.2574028    1978.1510417    7998.7368103
   1408.8836819    1976.2287501    8023.7626019
   1412.4782984    1972.2130002    8007.2556815
   1401.6017840    1965.3698123    8016.7582435
   1413.3674741    1990.2699030    8002.8758082
   1414.5592457    1978.9173615    8016.7971646
   1421.9946641    1982.4159897    7993.2541990
   1400.7003740    1987.4247495    8019.6444305
   1392.5314656    1979.1094079    8009.7790780
   1408.2193692    1990.1191269    7997.9612902
   1399.6346030    1991.0945556    8011.3690359
   1408.3531925    1992.2681258    8008.4862207
   1409.1494202    1977.8692522    7993.9955866
   1390.9168071    1981.7580964    8005.4500796
   1397.3233543    1984.1950338    7998.5429712
   1404.9827586    1980.8196653    7999.0457976
   1380.8873271    1995.5801647    8010.6120591
   1377.2281266    1976.7506047    8011.3835641
   1401.5879790    1986.8181920    7997.7130109
   1405.6210632    1980.4800539    8005.6150669
   1401.6590969    1983.0124864    8016.7729009
   1398.5681880    1976.9424906    8009.0513367
   1402.6678862    1984.8709138    8014.6285941
   1416.7812750    1979.8504494    7984.6727068
   1403.1731406    1984.5535951    8005.5761366
   1402.3370243    1956.6898057    8012.5255301
   1400.6290627    1965.9041248    7998.7314661
   1395.2210865    1987.1023817    8013.0620677
   1419.0168898    1987.4941390    7993.9291929
   1389.7772932    1992.3221444    8023.1125488
   1401.4919050    1986.6029207    7992.3967739
   1384.4301684    1969.2746541    8003.8738115
   1398.6556221    1978.7137502    8002.5355424
   1410.6623974    1995.2903604    8007.8076614
   1424.1693608    1974.6708437    8002.1946528
   1407.7467326    1977.4669032    8019.2162093
   1397.4583078    1994.2418307    8009.3874369
   1429.5239138    1976.3737418    8005.4187477
   1405.3259041    1959.2046112    8013.4683380
   1408.6778471    1982.1080745    7992.0017289
   1388.4037756    1986.8810760    8019.1974736
   1419.8140323    1972.0604756    7997.1377065
   1401.1499980    1961.2575894    8001.5563750
   1412.3872823    1997.3609159    8010.2372413
   1420.2749224    1985.1236202    8009.3593259
   1402.1549741    1982.8842613    8004.8971573
   1402.4602784    1974.3959725    8010.0360058
   9682.7602413    3119.4459812    6920.8191517
   9674.0590433    3113.7597770    6928.0649932
   9698.2026397    3157.9390835    6938.8503520
   9673.9077417    3145.9942315    6934.4251467
   9662.7374619    3142.8546667    6929.4979270
   9684.2438397    3137.1279487    6923.8092305
   9698.9351157    3130.2238933    6921.2267628
   9682.6896470    3136.9984223    6905.5936587
   9696.4954953    3136.5037792    6928.9174027
   9684.5889171    3132.3773689    6919.6737416
   9683.5768986    3135.7623050    6934.7787742
   9686.0763347    3132.9068949    6943.0918078
   9669.8214956    3120.8396898    6926.7721772
   9680.4920243    3116.4958217    6920.1038601
   9675.5091995    3145.5530676    6917.0136390
   9693.1219037    3138.8395986    6921.1628476
   9682.8274755    3138.5283690    6900.1457716
   9685.8864413    3130.4505855    6941.2053504
   9675.7030676    3145.6674208    6898.0769104
   9690.7620073    3137.0028091    6920.7559918
   9681.4068641    3131.6361757    6927.4561888
   9681.2732715    3116.3644045    6921.3680481
   9704.9629746    3134.7102436    6926.1340362
   9678.2352121    3135.9823263    6925.0056123
   9680.0037380    3142.8744156    6913.9953771
   9681.3138051    3139.2923191    6920.5561149
   9670.3769607    3139.8244238    6913.4045471
   9678.1426756    3125.9603057    6922.1188726
   9678.3218975    3129.4958829    6930.0359460
   9700.2418462    3130.6666395    6928.4527084
   9679.0616223    3135.2312041    6934.5036701
   9683.1186896    3126.0863081    6915.9268906
   9676.4482929    3134.1087394    6931.8062712
   9669.0277888    3123.8688899    6913.9807446
   9665.1217030    3147.5010084    6922.8623703
   9701.6235504    3119.9984448    6936.1679798
   9675.5992719    3130.1680847    6913.3365121
   9673.1171186    3121.0043275    6925.3894863
   9669.4737469    3131.8237629    6923.1341413
   9689.2818640    3135.2456988    6926.4394150
   9687.7598728    3134.0692729    6926.8596359
   9672.8185553    3126.4870772    6942.2012648
   9682.4984151    3127.1367748    6937.0249557
   9681.0473311    3127.7768713    6908.7362412
   9690.4106759    3123.3787725    6917.8358309
   9689.0567571    3136.0781173    6922.3618880
   9680.4758794    3145.7010551    6945.5288982
   9677.1281489    3139.9308225    6942.5141597
   9693.4063277    3127.3734653    6918.9193504
   9676.6360718    3125.1073475    6916.9871052
