     41.7022005      72.0324493       0.0114375
     30.2332573      14.6755891       9.2338595
     18.6260211      34.5560727      39.6767474
     53.8816734      41.9194514      68.5219500
     20.4452250      87.8117436       2.7387593
     67.0467510      41.7304802      55.8689828
     14.0386939      19.8101489      80.0744569
     96.8261576      31.3424178      69.2322616
     87.6389152      89.4606664       8.5044211
      3.9054783      16.9830420      87.8142503
      9.8346834      42.1107625      95.7889530
     53.3165285      69.1877114      31.5515631
     68.6500928      83.4625672       1.8288277
     75.0144315      98.8861089      74.8165654
     28.0443992      78.9279328      10.3226007
     44.7893526      90.8595503      29.3614148
     28.7775339      13.0028572       1.9366958
     67.8835533      21.1628116      26.5546659
     49.1573159       5.3362545      57.4117605
     14.6728575      58.9305537      69.9758360
     10.2334429      41.4055988      69.4400158
     41.4179270       4.9953459      53.5896406
     66.3794645      51.4889112      94.4594756
     58.6555041      90.3401915      13.7474704
     13.9276347      80.7391289      39.7676837
     16.5354197      92.7508580      34.7765860
     75.0812103      72.5997985      88.3306091
     62.3672207      75.0942434      34.8898342
     26.9927892      89.5886218      42.8091190
     96.4840047      66.3441498      62.1695720
     11.4745973      94.9489259      44.9912133
     57.8389614      40.8136803      23.7026980
     90.3379521      57.3679487       0.2870327
     61.7144914      32.6644902      52.7058102
     88.5942099      35.7269760      90.8535151
     62.3360116       1.5821243      92.9437234
     69.0896918      99.7322850      17.2340508
     13.7135750      93.2595463      69.6818161
      6.6000173      75.5463053      75.3876188
     92.3024536      71.1524759      12.4270962
      1.9880134       2.6210987       2.8306488
     24.6211068      86.0027949      53.8831064
     55.2821979      84.2030892      12.4173315
     27.9183679      58.5759271      96.9595748
     56.1030219       1.8647289      80.0632673
     23.2974274      80.7105196      38.7860644
     86.3541855      74.7121643      55.6240234
     13.6455226       5.9917690      12.1343456
      4.4551879      10.7494129      22.5709339
     71.2988980      55.9716982       1.2555980
