      1.6243454      -0.6117564      -0.5281718      -1.0729686       0.8654076      -2.3015387       1.7448118      -0.7612069       0.3190391      -0.2493704
      1.4621079      -2.0601407      -0.3224172      -0.3840544       1.1337694      -1.0998913      -0.1724282      -0.8778584       0.0422137       0.5828152
     -1.1006192       1.1447237       0.9015907       0.5024943       0.9008559      -0.6837279      -0.1228902      -0.9357694      -0.2678881       0.5303555
     -0.6916608      -0.3967535      -0.6871727      -0.8452056      -0.6712461      -0.0126646      -1.1173103       0.2344157       1.6598022       0.7420442
     -0.1918356      -0.8876290      -0.7471583       1.6924546       0.0508078      -0.6369956       0.1909155       2.1002551       0.1201590       0.6172031
      0.3001703      -0.3522498      -1.1425182      -0.3493427      -0.2088942       0.5866232       0.8389834       0.9311021       0.2855873       0.8851412
     -0.7543979       1.2528682       0.5129298      -0.2980928       0.4885181      -0.0755717       1.1316294       1.5198168       2.1855754      -1.3964963
     -1.4441138      -0.5044659       0.1600371       0.8761689       0.3156349      -2.0222012      -0.3062040       0.8279746       0.2300947       0.7620112
     -0.2223281      -0.2007581       0.1865614       0.4100516       0.1982997       0.1190086      -0.6706623       0.3775638       0.1218213       1.1294839
      1.1989179       0.1851564      -0.3752850      -0.6387304       0.4234944       0.0773401      -0.3438537       0.0435969      -0.6200008       0.6980320
     -0.4471286       1.2245077       0.4034916       0.5935785      -1.0949118       0.1693824       0.7405565      -0.9537006      -0.2662185       0.0326145
     -1.3731173       0.3151594       0.8461606      -0.8595159       0.3505460      -1.3122834      -0.0386955      -1.6157724       1.1214177       0.4089005
     -0.0246170      -0.7751616       1.2737559       1.9671017      -1.8579819       1.2361640       1.6276508       0.3380117      -1.1992680       0.8633453
     -0.1809203      -0.6039206      -1.2300581       0.5505375       0.7928069      -0.6235307       0.5205763      -1.1443414       0.8018610       0.0465673
     -0.1865698      -0.1017459       0.8688862       0.7504116       0.5294653       0.1377012       0.0778211       0.6183803       0.2324946       0.6825514
     -0.3101168      -2.4348378       1.0388246       2.1869796       0.4413644      -0.1001552      -0.1364447      -0.1190542       0.0174094      -1.1220187
     -0.5170945      -0.9970268       0.2487992      -0.2966412       0.4952113      -0.1747032       0.9863352       0.2135339       2.1906997      -1.8963609
     -0.6469167       0.9014869       2.5283257      -0.2486348       0.0436690      -0.2263142       1.3314571      -0.2873079       0.6800698      -0.3198016
     -1.2725588       0.3135477       0.5031848       1.2932259      -0.1104470      -0.6173621       0.5627611       0.2407371       0.2806651      -0.0731127
      1.1603386       0.3694927       1.9046587       1.1110567       0.6590498      -1.6274383       0.6023193       0.4202822       0.8109517       1.0444421
     -0.4008782       0.8240056      -0.5623054       1.9548781      -1.3319517      -1.7606886      -1.6507213      -0.8905556      -1.1191154       1.9560789
     -0.3264995      -1.3426758       1.1143830      -0.5865239      -1.2368534       0.8758389       0.6233622      -0.4349567       1.4075400       0.1291016
      1.6169496       0.5027409       1.5588055       0.1094027      -1.2197444       2.4493686      -0.5457742      -0.1988379      -0.7003985      -0.2033944
      0.2426694       0.2018302       0.6610203       1.7921582      -0.1204646      -1.2331207      -1.1823181      -0.6657545      -1.6741958       0.8250298
     -0.4982136      -0.3109850      -0.0018915      -1.3966204      -0.8613164       0.6747115       0.6185391      -0.4431719       1.8105349      -1.3057269
     -0.3449872      -0.2308397      -2.7930850       1.9375288       0.3663320      -1.0445894       2.0511734       0.5856620       0.4295261      -0.6069984
      0.1062227      -1.5256803       0.7950261      -0.3744383       0.1340482       1.2020549       0.2847481       0.2624674       0.2764993      -0.7332716
      0.8360047       1.5433591       0.7588057       0.8849088      -0.8772815      -0.8677872      -1.4408760       1.2322531      -0.2541799       1.3998439
     -0.7819117      -0.4375090       0.0954251       0.9214501       0.0607502       0.2111248       0.0165276       0.1771877      -1.1164700       0.0809271
     -0.1865790      -0.0568245       0.4923366      -0.6806781      -0.0845080      -0.2973619       0.4173020       0.7847707      -0.9554253       0.5859104
      2.0657833      -1.4711569      -0.8301719      -0.8805776      -0.2790977       1.6228491       0.0133527      -0.6946936       0.6218035      -0.5998045
      1.1234122       0.3052670       1.3887794      -0.6613442       3.0308571       0.8245846       0.6545802      -0.0511884      -0.7255971      -0.8677687
     -0.1359773      -0.7972698       0.2826757      -0.8260974       0.6210827       0.9561217      -0.7058405       1.1926861      -0.2379419       1.1552879
      0.4381663       1.1223283      -0.9970198      -0.1067940       1.4514293      -0.6180368      -2.0372012      -1.9425892      -2.5064407      -2.1141639
     -0.4116392       1.2785281      -0.4422293       0.3235274      -0.1099915       0.0085489      -0.1681988      -0.1741803       0.4611641      -1.1759827
      1.0101272       0.9200179      -0.1950573       0.8053934      -0.7013444      -0.5372230       0.1562639      -0.1902210      -0.4487380      -0.6724480
     -0.5574947       0.9391687      -1.9433234       0.3524944      -0.2364370       0.7278135       0.5150736      -2.7825345       0.5846466       0.3242742
      0.0218628      -0.4686738       0.8532812      -0.4130293       1.8347176       0.5643829       2.1378281      -0.7855340      -1.7559256       0.7147896
      0.8527041       0.0353601      -1.5387932      -0.4478952       0.6179855      -0.1841763      -0.1159852      -0.1754590      -0.9339147      -0.5330203
     -1.4265554       1.7679599      -0.4753729       0.4776102      -1.0218859       0.7945282      -1.8731610       0.9206151      -0.0353679       2.1106051
     -1.3065341       0.0763805       0.3672318       1.2328992      -0.4228570       0.0864644      -2.1424667      -0.8301689       0.4516160       1.1041743
     -0.2817363       2.0563555       1.7602492      -0.0606525      -2.4135030      -1.7775664      -0.7778588       1.1158411       0.3102723      -2.0942478
     -0.2287658       1.6133614      -0.3748047      -0.7499696       2.0546241       0.0534095      -0.4791571       0.3501672       0.0171647      -0.4291423
      1.2084563       1.1157018       0.8408616      -0.1028872       1.1469004      -0.0497026       0.4666433       1.0336869       0.8088444       1.7897547
      0.4512840      -1.6840600      -1.1601701       1.3501068      -0.3312832       0.3865391      -0.8514557       1.0008814      -0.3848322       1.4581082
     -0.5322340       1.1181334       0.6743961      -0.7223919       1.0989963      -0.9016345      -0.8224672       0.7217113      -0.6253420      -0.5938431
     -0.3439007      -1.0001692       1.0449944       0.6085147      -0.0693287      -0.1083921       0.4501555       1.7653351       0.8709698      -0.5084571
      0.7774192      -0.1187712      -0.1989982       1.8664714      -0.4189379      -0.4791849      -1.9521053      -1.4023291       0.4511229      -0.6949209
      0.5154138      -1.1148711      -0.7673098       0.6745707       1.4608924       0.5924728       1.1978308       1.7045942       1.0400892      -0.9184400
     -0.1053447       0.6301957      -0.4148469       0.4519460      -1.5791563      -0.8286280       0.5288797      -2.2370865      -1.1077125      -0.0177183
     -1.7193945       0.0571210      -0.7995475      -0.2915946      -0.2589829       0.1892932      -0.5637887       0.0896864      -0.6011568       0.5560735
      1.6938091       0.1968698       0.1698693      -1.1640080       0.6933662      -0.7580673      -0.8088472       0.5574395       0.1810387       1.1071755
      1.4428769      -0.5396816       0.1283770       1.7604152       0.9665393       0.7130491       1.3062061      -0.6046030       0.6365834       1.4092534
      1.6209123      -0.8061848      -0.2516742       0.3827152      -0.2889973      -0.3918162       0.6840013      -0.3534100      -1.7879129       0.3618473
     -0.4244928      -0.7315310      -1.5657382       1.0138225      -2.2271126      -1.6993336      -0.2758461       1.2289556       1.3097059      -1.1549826
     -0.1776322      -1.5104564       1.0112071      -1.4765627      -0.1431957       1.0329838      -0.2224140       1.4701603      -0.8700082       0.3691905
      0.8532822      -0.1397117       1.3863143       0.5481296      -1.6374496       3.9586027       0.6486436       0.1073433      -1.3988128       0.0817678
     -0.4599428       0.6443537       0.3716703       1.8530095       0.1422514       0.5135055       0.3724569      -0.1484898      -0.1834002       1.1010002
      0.7800271      -0.6294416      -1.1134361      -0.0674100       1.1614400      -0.0275294       1.7464351      -0.7750703       0.1416405      -2.5163039
     -0.5956679      -0.3091213       0.5109378       1.7106618       0.0349436       1.4539176       0.6616811       0.9863522      -0.4661549       1.3849913
     -1.0729643       0.4951586      -0.9520621      -0.5181456      -1.4614036      -0.5163479       0.3511169      -0.0687705      -1.3477649       1.4707399
      0.3372209       1.0080654       0.7852269      -0.6648678      -1.9450470      -0.9154244       1.2251558      -1.0535461       0.8160437      -0.6124070
      0.3931092      -1.8239199       1.1670752      -0.0396687       0.8858258       0.1898616       0.7980638      -0.1019320       0.7433565      -1.5095727
     -1.0807107       0.7254740      -0.0391783      -0.2287542      -0.1796123       0.5017251      -0.5933438       0.5103076      -0.9157918      -0.4072520
      0.9849517       1.0712524      -1.0971544       0.8386347      -1.0391823       0.7330232      -1.8988121      -1.1171107      -0.5089723      -0.1664860
      1.4236144       0.9039992       1.5754679       1.2066079      -0.2828636      -0.2663269       1.0689716       0.0403714      -0.1569937      -1.3352027
     -0.1064601      -2.7909964      -0.4561176      -0.9798903       0.6925743      -0.4786724      -0.3290515       1.3471055      -1.0490677       0.3166589
     -1.8952669       0.0897291       0.4102657       0.8598710      -0.8986832       0.3196569       0.3181542      -0.0192316       0.1500163       0.4635343
      0.3978804      -0.9960109      -1.1958615       2.5059803       1.9197923      -1.3916939       0.4502177       0.6274371       0.7513372       0.1403954
     -0.9268719      -0.1824204      -0.4911251       0.1343731      -0.2683713      -0.1316756       1.0185525       1.2305582      -1.1811032      -0.4599301
     -0.7908000       1.2237222      -0.0593679       1.4489894      -0.4775809       0.0260000      -1.3486964       1.3025355      -0.3626121      -1.4851565
     -0.5924613      -2.3049079      -0.0318172       0.1124877       0.2880782       1.4981082      -0.3009762       0.8074559       0.3122387      -0.1933216
     -2.0768020       0.9475012      -0.5039739       0.0179559      -1.2704608       0.2829955       0.1080308       0.0294176      -0.1347931       1.0492183
      0.9662209       0.7259169       3.3210788      -0.6002253      -0.3795175      -1.0148037       0.4359862      -0.6874874      -2.6983617      -1.2133381
      0.0722519       1.0097873      -1.5569416      -0.6124421      -0.1393518      -0.7285375       0.5311638       0.0040008       0.3212659      -0.7252149
      1.5365363      -0.0003750       1.2935496      -0.4389977       0.5900395      -0.6793838      -0.9509093      -0.7043503      -0.0458667      -0.2187335
      1.5392070      -1.1487042      -1.0903383       1.7001881       0.6087837      -1.8814109       0.4972691       0.2373327      -2.1444440      -0.3695624
     -0.0174550       0.7314025       0.9544957       0.0957468       1.0334508      -0.1462733      -0.8574968      -0.9341818       0.5426453      -1.9581691
      0.6778076      -1.1065731      -0.3592241       0.5053819       1.2179409      -1.9406810      -0.8061782       0.0490617      -0.5960863       0.8616231
     -2.0863906       0.3618016       0.4259202       0.0490804       1.1022367      -1.2295743       1.1086168      -0.7029204       0.7255505      -0.3242042
      0.8143431       0.7804699      -1.4640536      -0.1544912      -0.0924323      -0.2378753      -0.7556628       1.8514379       0.2090967       1.5550160
     -0.5691487      -1.0617968       0.1322478      -0.5632366       2.3901460       0.2454228       1.1525991      -0.2242358      -0.3260613      -0.0309114
      0.3557173       0.8495868      -0.1221540      -0.6808516      -1.0678766      -0.0766794       0.5729627       0.4579471      -0.0178175      -0.6001388
      0.1467653       0.5718049      -0.0368177       0.1123685      -0.1505043       0.9154993      -0.4382003       0.1855356       0.3944280       0.7255226
      1.4958848       0.6754538       0.5992132      -1.4702371       0.6064039       2.2937176      -0.8300110      -1.0195198      -0.2146538       1.0212481
      0.5247505      -0.4771242      -0.0359902       1.0370390       0.6726197       2.4288770       1.0056867       0.3535672       0.6147263      -0.3489842
     -0.9777730       0.1719571       0.4905610      -1.3952830      -0.5223565      -0.3692559       0.2656424      -0.2604661       0.4450967       0.0981122
      1.0603275      -1.7111677       1.6571246       1.4176740       0.0503171       0.6503232       0.6065484      -0.7372896       0.1646651       0.7781742
      0.3098168       1.0513208       0.0949961       0.0807510      -0.7678037      -0.3645380      -0.4597177       1.7054835       0.2405056      -0.9994265
      0.3985984      -0.1920037      -3.0537644       0.4798524      -1.5526988       0.5784644      -0.9612636      -1.4583245       0.4943417      -1.4941938
     -0.4466992       0.2043774       0.6122325       0.7448845      -0.0362813      -0.8323953       1.9238154      -0.6059813       1.8035890      -0.4525250
      1.1612857       1.0699655      -1.0455342       0.3552845       0.7553920       0.7009821      -0.1989375       0.3019600      -0.3946897      -1.1718134
      0.9840122      -0.5596814       1.3797582       0.6024509      -0.8926467      -0.1611983      -0.2863849      -0.8708876       0.5014296      -0.4786141
      1.6316915       0.8608912      -0.8801891      -0.0190005      -0.2267602      -1.5645079       0.9312557       0.9498088       0.9255012      -0.4569879
      1.0689860      -0.2097529       0.9351478       1.8125278       0.1401099      -1.4191488      -0.3169012       0.6409859       1.2198744      -1.1337920
     -0.1905483       0.2333391       0.4349983       0.9104236      -0.9484397      -0.4234783       1.0079665       0.3923349       0.4483807       1.1253235
      0.1040534       0.5280034      -0.3145639      -1.3450100      -1.2952579       0.0743206      -0.1995607      -0.6546032       0.3180143      -0.8902716
      0.1113373      -0.0195226      -0.8399889      -2.2982059       1.4565274       0.3166372      -2.6641259      -0.4264286       0.3937877      -0.2281407
      0.5803301      -0.9732676       0.1751677      -0.0534837      -0.1830620      -0.2210289       0.1997596       0.9327214      -0.5301198      -0.4072400
      0.1605650      -0.1201500       0.3856023       0.7182907       1.2911889      -0.1164441      -2.2772980      -0.0696245       0.3538704      -0.1869550
     -0.1532362      -2.4325085       0.5079843      -0.3240323      -1.5110766      -0.8714221      -0.8648299       0.6087491       0.5616381       1.5147504
      0.6479248      -1.3516494      -1.4092093       1.1307254       1.5666862      -0.2377481       0.5588030      -1.5048913      -1.9439218      -1.1740237
     -0.3571875      -0.5213764      -0.2301141      -0.4910144       0.6793011       1.4275470       0.0361975       2.0299975      -0.6344047      -0.5251034
      0.3877347      -0.3547988       1.1770523      -0.6411078       1.3226940       0.1941750       2.5654528      -0.4641149      -0.2026939       0.1456518
     -2.1810280       0.6022651       0.4808461       0.1093184      -1.5443958      -1.5465610       0.5866185       1.1751787       1.5944646      -0.8954415
     -1.0307980      -0.2719388      -1.9757301      -0.5889312       0.8517896       1.6346025       0.2791555       1.6405536       0.4108729       0.1913639
     -0.1714412       0.1869370      -0.2548529      -0.1409108      -0.6618918       0.2590319       0.0144484      -1.4795800      -0.2407005      -0.8556714
     -2.0482005       0.4838836       1.5586883       2.3697302       1.5624195      -0.8708016       1.1752450       1.1198990      -1.9878295       0.8612885
      0.6271770       0.1628083       0.2886167       0.0583074       1.6319358      -0.4017888      -0.1999394       0.0073890       0.2756641      -1.7632498
      1.3879738       0.2261998       0.5691246       0.1973160      -0.1864413      -0.3552415       0.0961141       0.1520523       1.1552618       0.3460577
     -0.1334887       1.9865651      -1.2794262      -1.3402092       0.3546021      -0.2123733      -1.7745960      -0.3122297      -0.7106558       1.1311286
     -0.6212518       1.0506146       0.4597817      -0.2063309       0.0211718       0.4286587      -2.3080385       0.3270684      -0.3791196       1.7979194
     -0.6912690       1.1425639      -2.5149246       0.8146250       0.2761028      -0.2470165      -0.1208893      -0.2605606       0.4230032      -0.1342486
     -1.7877377      -0.1858109       2.2347217       0.0468462       0.2907879      -0.4380545       0.1740545       0.1779456      -0.2612019       0.8632634
     -0.9230780      -0.1301952       0.5050538      -0.2670042      -1.2238797       0.5582642      -0.9821610      -0.4473082      -0.8281476      -0.1107284
     -0.4293860      -0.4745899       0.6809789       1.7626089      -0.3575142       0.5226552      -0.3554135       0.0989422       1.1277513       0.0502932
     -0.8155474      -0.7299266      -0.6167464      -0.0133042       0.8580115      -1.3587968      -1.0372892      -0.9245412      -1.7494054       1.3259227
     -0.0363786       1.9007793      -1.4243337       1.2941823      -0.7016485      -0.4073697      -0.9889645      -0.9498639      -1.3237454       0.2163330
     -1.3142010      -0.2418019      -0.0092015       0.6666107       0.1003917       0.3213258       0.5144116      -0.0172509       0.3633479      -0.9797202
     -0.7754704       1.8975108      -0.0117342      -0.7105007       1.3798799      -0.1568426      -0.6464910      -1.4489915       0.7794919      -1.0863009
     -0.5390326       0.6441000       0.1836336      -0.0864269      -0.2139878       1.1459274       2.2302741      -0.5487608       0.5689041       1.9288003
      1.0790571      -0.6868316      -0.4306806      -0.5979685      -0.9134434      -0.6239052       0.2618755      -0.5870290       0.8761999       0.1232555
     -0.3971257       0.8860899       0.3189718       0.2648676       1.0400385       0.5732654      -0.1088985       0.9375548       0.3093178       2.9173088
      1.0986885       1.1532126       1.2909934       0.0798396       1.3128954       0.0233570      -0.8311734      -0.5639865       0.5279506      -1.5611199
      0.2083529      -0.7283501       0.7182164      -0.7461737       1.8723033       0.7678181      -1.2688590       1.7587594      -0.2272525      -0.7274761
     -1.0237993       0.5677647       1.5045219      -0.5784270      -0.9976208      -1.1397001       1.4964053       1.6707292      -0.3484711       0.5377051
     -0.0029055      -0.0606303       0.9640226       0.4409560       0.3294900      -0.2925789       0.8156004      -0.2820059       0.0499225       0.2194775
     -1.2011557      -0.2990950      -0.3126030       0.1012031      -1.1118181      -1.1865517       1.6234621       1.1564436       0.8890394       1.8248188
      0.4195952      -0.0910787       0.4821757      -1.8792870      -1.0980831       0.7586371       0.0326155      -1.2776363       0.6585369       0.9989016
      0.6678796      -0.0302968      -0.8360495       0.1075949       0.4269243      -0.3585888       0.6030359       0.3144319       0.3331146      -2.0325398
      1.0810930       1.7243917      -0.4024676      -1.4768990       0.6389293      -0.4656597      -0.9670124       1.2177163      -1.3833794       0.7174286
     -1.2477341       1.4622680       0.5165525      -0.2573950       0.1493700       0.5820874       0.8298944       0.8277914       0.5467303      -0.4773817
      0.6640795      -1.3113244       1.0040931       0.8730058       1.3940810      -0.5887796       0.1862117       0.8582860       0.3178579      -0.4266673
      0.3073311       0.0680320       0.9957039      -0.6284626       0.3394878       0.2929311       0.7573281      -0.0728922       0.1273146      -0.0709497
      0.0340659       0.0083592      -0.3267446       2.8272998      -0.8439115      -1.1734099      -0.7956266      -0.7100525       0.0114366       1.4309328
      1.6883838       0.2373244      -2.4982127       0.3843594      -1.3106546      -0.5007016      -1.1497228       0.4256226      -0.6266074       0.7721197
      0.4773024      -0.2400696       0.0805604       0.9174198      -0.3721319       0.9156189      -0.0193160       0.2693975       0.7992409       1.3315325
      0.5208122       0.0583719       0.7206859      -1.5454476       1.6389616      -1.3254913       0.9037094      -0.5641639       0.5072516      -0.1165674
      0.3035898      -0.8007870      -2.1606280       0.4066556      -0.6005043      -0.6486358      -0.7253231       1.9844112      -0.5821924       0.3268130
     -1.1604432       1.5230967      -0.5562680      -2.6006418       2.7119499      -1.0981486       1.3089323       0.7330726       0.6521796      -0.2314848
      0.1891988       1.2239360      -0.3009307       0.2513096       0.9282902       0.0833888      -0.4249832       1.4516789       0.3416886      -0.1251727
     -0.7758948      -1.0055972       0.8937841       0.9492681      -2.1707111      -0.6154916       0.9648881       2.4243066       2.1503538       0.9418662
      1.3733325      -0.5274195       0.7745345      -1.2371647      -0.5618763       0.3209711       2.1679371       0.7479633       0.2738271      -0.1700836
     -1.3224430       0.6028630      -0.3490937       0.2390447      -0.8893309       0.1212550      -1.5370289       0.5039062       1.3197259       0.9139508
      2.1138238       0.3245535       0.5053634       0.5148648      -0.8797298       2.1532335       0.9885781      -0.2428264      -0.9028317       0.5815093
      0.8575476       0.1378849       0.1860745      -0.1881168      -0.0027474       1.3351413       1.4006179      -1.5001769       0.1388789      -1.2041013
     -1.3356955       0.5859528      -0.8415693      -3.1533575       0.6451527       1.2821418       2.0387771      -0.3962933       1.4454453      -2.6210116
     -1.0433996       0.5189694       0.4715343       1.3204179       0.9566895      -0.0815700       1.5292479       0.6864826       1.7170887      -0.8042770
      0.3002537      -0.4295957       0.8059133      -0.2195522      -0.2518522      -1.3264896       0.3082041       1.1154894       1.0081956      -3.0160320
     -1.6196457       2.0051405      -0.1876263      -0.1489412       1.1653354       0.1966453      -0.6325901      -0.2098469       1.8971607      -1.3813912
      1.3012248      -0.3123921      -0.2712287       1.8629131      -0.6428736       0.8350584      -0.3630535      -1.4320670      -0.1660199       1.1689264
     -0.1858922       0.5494218       0.1885533       0.0468314      -0.4174978       0.1317823      -2.0328935      -0.4483217      -1.8039436       0.2696988
      0.3546605      -0.7960652       0.8013076       0.3958306       0.2935721      -0.3614039       0.4727930       1.0542070      -0.6604432      -0.8168444
      1.1890108      -2.3184285      -2.6172901      -1.8147271       0.1817410       0.1523742       0.4965050       0.0759773       1.5373798       1.5757834
      1.1590106      -1.1558003       0.3635779      -0.8662027      -0.5007104      -1.0233622       0.0107124       0.5441241       0.0786920      -1.1933687
     -1.5260352      -0.7620848      -0.7776384       0.7842732      -0.3192809      -0.1886663      -0.1569351       1.0968481       1.6361151       0.4270585
     -0.2483058       1.4025015       0.4382414      -0.4210969       1.0105737       0.2072299      -1.4340307       0.6269063       0.2998252      -1.8566414
     -2.1510432       0.1363010       0.6833563       0.6085801      -1.3609798      -0.3470099       0.6665899      -1.5357522       0.0852830       0.2133293
      0.9237560      -2.4538919       0.1449873       2.0181219      -0.6212073      -0.3162393       0.9539922      -0.7631426       1.1569549       0.5405332
     -1.5740734       0.1005934      -1.4589820       0.9525478      -1.6806745      -1.8117537      -1.1373044      -0.8030727       1.3149408      -0.0182575
      0.2910045       1.0748997      -0.6978099      -0.5783257      -0.8474525       0.7849046       1.6332762       0.2587425      -0.6232800      -0.5203610
     -1.1123143       0.7311454      -1.0629288      -0.2546331      -1.1689613      -1.8994631      -2.5399554      -0.8899615       0.2180785      -0.3178156
     -0.2235749      -1.0713799      -0.9316816      -1.0677023       0.2112337       2.0476548      -0.1363725      -1.3692804       1.2726233      -0.9985664
      0.5575326      -0.4426554       0.0810832       3.4326634      -0.7475263      -0.5866804       0.3752355      -0.0219468      -0.4060709      -0.6884075
      0.5904939       1.0773766      -0.9520841      -1.1364331       1.8299062      -1.4251562       0.7153334       0.4391274      -1.1029695       0.7594936
     -1.1032163      -1.0895511      -1.3895502       0.8342832      -0.4493458       1.0852513      -0.8101400       0.6146626       1.4074106      -0.0860135
     -1.1254527      -0.3425709       1.2567375       0.7390938      -0.3859881      -1.7443724       0.7155368       1.6309063       1.6485941       0.4327902
     -0.1910292      -0.7861213      -0.5726018      -1.6497503       2.1345516      -0.0269644       2.3844051      -0.0744974      -1.6183179       1.8615651
     -0.8598270      -0.4379082       1.6485511       1.4587732      -2.0262064       0.0010548      -1.0895350       0.5391382       1.8121771      -0.5174898
      1.4932228      -0.9286443       2.1722705      -0.8256539      -0.4633380       0.2969574      -1.4005944       1.5496089      -1.0700169       0.6139516
     -1.2891300       0.1097829      -0.0105262      -0.3882409       0.4892192      -1.1168323       1.5218658       0.2024474      -2.7914440       2.0055616
      0.4527136       1.5535652      -0.1769366      -2.2626153      -0.4197179      -1.2260700      -0.0384825      -0.4827269       0.2090123      -1.7644081
      0.0537824      -0.4595818       0.6335089      -1.6923025      -0.4250710       1.6583993      -1.1810629       0.7380537       1.3305061      -0.0100898
      0.9885106       1.0414396       1.5697555      -0.3678322      -0.1122991       0.8041229      -0.7456440       0.0480507      -0.6985707      -2.3290411
      0.3349151       1.7024300      -0.3720647       0.0842974      -0.4531050      -0.7409633       0.1361045       1.0729311       2.2158433       0.8264766
     -0.9613638      -1.4270156       1.3068306       0.3167150      -0.6104632      -1.0561721      -0.8077224       1.2334249      -0.0223594      -1.4004700
      0.8725790       0.3101026      -0.2911322       0.6077152      -0.8276840       0.9639046      -1.4248609      -0.9034427      -1.3768830      -0.4165591
     -0.7574510      -0.3626459       0.0047678       0.5542525       0.1465321       0.2518597       1.6043239      -0.2664906      -1.4583359       0.9513818
      1.8358695       0.1872887       0.8395342      -0.6556167       0.1856754       0.6370253       0.3785756      -0.5396977       1.6306298       0.1728161
      0.9301982       0.4057790       0.8736742       0.9332533      -0.2161551       0.8336788       2.1604557       1.9989920       0.7640414       1.6872552
     -1.3079713       1.4723963       0.0748761      -1.7869354       0.1652106       0.9762963      -0.6960277       1.9371316       1.3492277      -1.2751139
      1.0090903       0.1119727      -0.5516802      -0.3166316      -0.4449950      -1.2162710      -0.4483231       0.6926889       1.4259420       1.4583383
     -0.5733607      -0.1172477      -0.8593713       1.0300025      -1.6481529      -1.3632766      -0.6358467       0.2514734      -0.3211480       0.0330639
      0.0475346       0.2332797      -1.0344630      -0.3393598       0.5776123       0.2802292       1.0933066      -0.7462243       0.9062614       1.4666247
     -0.1425903       0.2659301       0.2251894       0.5356706       0.3879211       1.4694877       0.5133649       0.8645017       0.3315267      -1.0417703
      0.4333604      -0.2299560      -0.6350874      -0.8943706      -0.0703971      -0.6074641       2.0396723       1.5967719      -0.2669303       0.7091572
      1.1569625      -0.1728394       1.8482334       0.9221104      -0.1017091      -1.7992991      -0.9659552       0.3186925      -0.4382639      -0.0207533
     -0.7873135       0.2469227      -0.4583020      -1.5527059      -0.3416433      -0.5720259      -1.5516576       1.4231772      -0.0760510      -0.3268661
      0.7503748      -0.0825952       0.7672936      -1.4806546      -1.0366559       0.5452276       1.4918974       0.0300115       0.2164343      -0.8234439
     -0.0299359      -0.7089367      -0.1602381       0.7222801      -1.9987639       0.2130257      -0.8045416      -0.6465822       1.1381728       0.2954397
      0.9336296      -1.7637747      -0.4102168      -0.4536671      -0.5894297       0.4402345       0.8959215      -1.1067789      -0.9626626      -1.2519574
      1.1476067      -0.5147349      -0.1013808      -0.3322107      -0.9636566       0.3732610       0.3830269       0.9413256      -0.2254201      -0.2970874
     -0.5855217       1.4881416       1.0075670      -0.0403852       0.6489736      -0.5858437       2.0544748      -0.5915663      -0.3796890      -0.3710315
      1.7012350       0.1476024       1.0844186      -0.1100970      -1.2129750       0.7754802      -0.6264565      -1.3185225      -0.4160755       0.6316571
      1.7642851      -1.3874779      -2.1990580       0.9301570       0.3000513      -0.5634729       0.4183619       0.7294431       1.9120687      -0.1303419
      1.2798002      -0.4517559      -0.5096687       0.4237734      -1.1149675      -1.3019590       0.9631931      -1.9630751       0.1133483      -0.3247423
     -0.3730202      -1.3323053      -2.0359024      -0.6609085      -1.1652180      -0.4254190       0.0880361      -0.7417602      -1.0725253       0.2900414
     -0.7618347      -0.9595318      -0.2991533       0.2854914       2.1087484       1.6135616      -1.2633809      -1.3242492       0.0647174       0.5569989
     -0.1317056       2.1723328       1.1770702       1.6400574      -0.4178706      -0.8968796      -1.0702883      -0.1137816      -1.2583499      -0.6337921
     -0.4307697       0.9442847      -0.4728756      -1.4070641      -0.4474733       0.1885829       0.5609181      -0.9216591       0.6473751       1.3868256
      0.4895166       0.2387959      -0.4481118      -0.6107950      -2.0299451       0.6079466      -0.3541089       0.1525815       0.5012748      -0.7864028
      1.0169957       0.1131106       1.4969952       0.1689377       0.3186247      -0.2733771       1.4764140      -2.1034928      -0.5328320      -0.3050540
     -1.5304207      -0.7947027      -2.1721227       0.1903872      -1.4052275       0.3698605      -0.2617817      -0.8327135      -1.5537826      -0.6828478
      0.3106238      -0.1254472       0.6662438      -0.7883303       1.6059935      -0.2379534      -0.8451954       1.3101592       1.3575665      -0.0901693
     -0.4843021       0.9100746      -0.8941370       0.9351915      -1.3871805      -0.0833933       0.0117555       1.2080995      -1.8292196       0.2344367
     -0.1207105       0.0029083      -0.8841055      -1.3018948      -0.4631371      -0.2416638       1.4751835       0.1113816      -0.0042763       0.6983463
     -1.6118546       0.7225664       0.9153761       0.9071439      -0.3329941      -1.2352500      -0.9849285       0.2474539       0.5367648       1.2765498
      1.5214340       0.8712483       0.0339288       0.2649200      -0.2353124       1.0548685       0.5942715       0.2158597      -1.2556005       1.0466614
     -1.5268864       1.2317822       0.9846295      -1.5870688      -0.0484643      -1.2413943      -0.1446193       0.5551700      -0.1366381      -1.3638680
      0.2608273       0.2594877      -0.0272348      -1.0451390      -0.3497817       0.2685272      -0.1550498       2.1126221       0.2560794      -0.2067613
      0.4825980      -1.1054324       0.4207552       1.6167942      -0.8837713       0.2988350       0.7671131      -1.6933487       1.6388889      -1.0449982
     -0.3350541       0.3806722      -0.2326029       0.8029367       0.1509254       0.5697513       0.0749734       1.4720016      -2.0154980       0.3640942
     -0.3006151      -0.9590326      -0.8116100      -0.5719800       0.5784105      -0.8961304      -0.1631836       0.2752489      -1.1557917       1.1123487
      2.4215893      -0.6740173       0.9194472      -0.3096795       0.5333675      -0.1817052       2.2086616      -0.3243318       0.7939304       0.6073662
     -1.0839601      -2.1602694       0.5790872       0.8445184      -0.5367054      -0.6333747       0.9768033       0.8528334       0.9558766       0.2614020
     -0.7882765      -1.2179734      -1.9931365      -0.0576818       1.9191688       0.4778946      -0.0797402      -1.5207462      -0.6679301       0.0049388
     -0.2222195       0.9083397      -0.1586068       0.6953060      -0.1142183      -0.1897672       1.2591335      -0.7519774      -0.2830529      -1.2927374
      0.0967394       1.0695010       0.6814019       0.7340118       1.0530424       0.6252182       0.7582594       0.4037241      -0.9753885       0.5260951
      0.9458864      -0.8919097       0.2359900       1.0828131      -0.3734765      -1.3211066       0.0615340       1.5936856      -0.9129454      -0.1053901
     -0.7510309      -0.3589673       0.2347713       1.4768136      -0.7166440      -0.7086550      -0.8725024      -1.0937904      -1.5347001      -0.8512622
     -0.1058133       0.0408654       1.1724492      -0.8216005      -0.7799381      -0.7568372       0.1957459      -0.1584724       0.7772088      -0.7891408
      0.9132589       0.9425131      -0.2624677      -0.6225375       0.1811691      -0.7915338       1.9922047       0.1408873       0.7924408      -1.2671073
     -1.7507576       0.6872662       0.5158867      -0.7606048      -0.5667756      -0.6799438       0.2278269       0.9238521      -1.5448602       0.4787451
     -0.8741677      -0.5309320      -0.1604352      -1.3614540       2.8439386       2.4249775       0.7522699       0.6560152      -1.0436102       2.3773489
      0.0183173      -0.1233955       1.2039936       0.2608001      -0.7766036      -0.2189214      -0.3760858       0.0646557       0.5544575       0.5327589
      1.3012019      -0.0041031       0.9580685       1.7066618      -1.2260226       0.7125706      -1.0723321      -1.5070756       1.5846620       1.1354840
      0.5233729      -0.4769314       1.5035612      -1.3671677       0.0673929       0.4851776       1.2871269      -1.5264277      -3.0641414       0.1153703
      0.3174272       0.1736803      -0.8772469      -0.0441608      -1.5400791       0.4205934       0.8925884      -0.7320319      -2.0039418      -0.1297817
     -0.1985003      -0.0806070       1.3035755       0.1385955       2.0841228       0.3807435      -1.0872337       1.1336135      -0.0903444      -0.4887709
      0.2794014       0.1147838      -1.5585942      -0.8495188       1.1520066       0.1759279       0.6389860       1.0201526       1.7926131      -0.6390965
     -0.7033951      -0.9245096      -0.6004505      -0.9125868      -0.0150007      -0.1082328       0.5812383      -1.1906512      -0.6538245       0.3594611
      0.6986480      -2.3166173      -0.6020706      -0.2536204      -2.0411542       0.4487004       1.2041275      -1.9430994      -1.5649288       0.9521821
      1.1353392      -1.2727756      -0.9876207       0.6594188      -0.2430237      -0.5213164       1.5941374       0.2977990      -1.8194488       0.2533139
     -1.4052577       0.7420566       0.9819937       0.4385620       0.9278199       1.9642795       0.7266800      -0.3719599      -1.0933039       0.2244507
     -1.0350382      -1.4387453      -0.4618495      -1.7783181      -1.3004738       0.5011564      -0.4752553      -0.3066344      -0.0259161      -1.9541918
      0.1862237      -0.0038299      -0.0452065       0.3428463      -2.1649276       1.9118295      -0.3033511      -1.4342137       0.1115299      -1.2711677
      0.0663927       0.5406022      -1.3188968       0.8454264       0.1310922       0.3490837       0.4040681       0.5124341       1.1203618       0.8604544
      0.4869104      -0.7643396       0.2863311      -0.5578340      -1.4487523      -0.0413769      -0.9128101       1.1351414      -0.0377092       0.0452626
      0.7752061      -0.4181239      -0.2565949       1.1646712      -1.3836786      -0.8669552      -0.1336939       0.7847892       0.2497925      -1.1575168
     -0.9197740       1.6944600       0.3162693      -0.6184412      -0.4842775       3.7402489       1.3402719      -1.6364740      -0.4587750       0.7228227
     -0.2754811       1.1390533       1.7642496       0.0075604       0.2947395      -0.1686623       0.8827991       1.4999252       0.9343954      -1.0829776
      0.7543631      -0.5787539       1.7483620       0.4762838       1.0581287      -0.0210594      -0.0323379       0.4307776      -0.0308013       1.5789139
     -1.1421963       0.6854164      -0.5866598       0.8610462      -1.7971161       1.2861262      -0.3093688      -1.2336732       0.7166843      -0.1917768
      0.2771388       1.2279087      -1.0911906      -0.7363771       0.0804071       0.5675154      -0.7036150      -0.7931453       0.7713353       0.9836386
      1.3972733      -0.2951353      -2.5822348       0.5233903       0.7599321      -1.4668231       0.0903802       0.2753083       0.3403550      -0.4646945
      0.0834332       0.6003945      -1.7761734       0.9110824      -0.3658367       0.7645021      -0.7026203      -1.7117649       1.1811387       1.6411362
     -1.8605307      -1.2922766       0.0941732      -1.0493603       0.7602517      -0.7970639      -0.5175805       0.2114350      -2.1782251      -0.3199226
      2.0146489       0.5868847      -0.9991095       1.0460151       2.0631854       1.2746685      -0.5846108      -0.6575961      -0.3704769      -1.0490534
      0.0292158      -1.0056893      -0.8752394       0.3208188      -0.5636221      -0.2043848       2.1481782       0.3682195       1.1903232       0.4379181
      0.6029790      -1.3491752      -0.5469719      -0.2622539      -0.4466267      -0.2029085       0.1599017      -0.2226124       0.6895928      -0.2477975
