   4161.6209810    7220.9710107      -9.9598824
   4172.0321897    7208.8883831      -4.5213541
   4177.5198030    7206.9748723       6.4818573
   4169.3003140    7222.3831383       4.4517195
   4181.6394722    7191.9489828      -7.3567756
   4179.8282471    7201.0707527       2.7288970
   4178.9542294    7202.1311007      -9.2366395
   4160.1252488    7192.6623688       7.7065890
   4169.5951311    7185.8583915       2.1753781
   4164.0033785    7206.0021149      -9.7630007
   4164.1201945    7206.3090582      18.0620094
   4162.7405096    7197.4369622       0.0362085
   4190.6403345    7207.7201413       7.9775905
   4170.4489068    7211.8172772       2.9830540
   4166.0589312    7215.7454349      13.6267460
   4162.6433056    7209.1278761       4.6123415
   4183.8903741    7209.9820952     -11.7718789
   4161.7376079    7201.5789387      10.3157084
   4171.0225529    7205.5273222      -7.6610198
   4173.0013355    7202.5433667       7.4396274
   4152.0858114    7218.7194202       4.3943224
   4168.1009178    7187.7776937      11.5957544
   4180.3238018    7203.9533009       8.3196464
   4167.7129979    7202.7296351       1.2750372
   4172.2424376    7207.7944568      -2.8489335
   4172.0307212    7211.3198139       9.2691001
   4172.3290673    7207.4627260       6.9630000
   4166.1179718    7226.2135954      18.0287187
   4176.4781617    7187.1312963       1.7447256
   4174.8442549    7210.0932993      -4.8108551
   4180.2105594    7200.1632270       4.8021316
   4186.2951175    7200.8631607      -2.2645347
   4175.0959891    7220.6356647       1.8334462
   4174.9524609    7196.7413842      -6.6473214
   4162.4434199    7209.4705624       5.4193689
   4170.9601430    7198.7132484       7.1852846
   4194.0721052    7202.0061011      -2.0981886
   4173.3275893    7227.8612175      -2.0174887
   4152.0694193    7210.0874294       1.4640735
   4172.1827491    7212.3194460     -20.2046000
   3031.4941981    1479.4006213     921.3411420
   3022.2172817    1481.7037354     909.2194977
   3030.0608609    1459.8359639     922.4471773
   3021.6279861    1462.1474619     928.7654238
   3027.2385529    1489.6780569     921.7635014
   3026.2375079    1468.6395347     921.3906185
   3025.6540493    1469.1128408     929.3231992
   3009.8201492    1475.8645549     924.5181281
   3010.8982692    1483.5537389     948.1301418
   3020.0024779    1475.3303734     924.2894595
   3021.4597516    1474.9914939     919.1941670
   3023.3753309    1459.2233355     919.5923588
   3017.8895014    1478.3950845     924.6040085
   3029.8621289    1466.6673587     932.3946641
   3037.3505929    1469.7357337     922.5499531
   3004.9459701    1465.4982841     923.8075021
   3009.2801202    1487.3558134     917.4457535
   3033.2078907    1469.3899489     932.6258776
   3028.6574461    1461.7075778     917.7805785
   3024.7334581    1485.2349177     915.5082103
   3022.7085057    1469.9431761     924.1336722
   3026.7087740    1470.3396744     935.6256065
   3009.0207402    1476.1033372     938.4544541
   3028.5590657    1471.7120207     929.2198230
   3030.9203527    1471.6858099     935.0643160
   3011.2008285    1445.9918556     914.3992714
   3006.2583488    1452.1081375     933.4598730
   3008.2365693    1471.6666177     922.7812143
   3013.0361215    1473.6283115     904.7214431
   3014.5925217    1470.5145411     925.7009872
   3026.1060671    1474.4592250     914.2061873
   3014.8073522    1468.4664939     935.0079724
   3026.5435510    1480.9720865     924.8026995
   3040.6995731    1471.3165959     938.1685045
   3002.5240544    1463.0246325     921.5960015
   3016.9945624    1472.3051798     918.5403175
   3027.0845707    1475.0393929     911.5013711
   3025.7618387    1446.5865022     918.8996413
   3028.0313222    1453.5731259     928.8747767
   3020.8505762    1465.3076334     927.1828665
   1861.4451662    3454.1410694    3985.3687277
   1862.5699259    3448.9426691    3959.9563822
   1859.9525070    3466.6800927    3954.1873771
   1868.5111413    3455.9868211    3958.1475021
   1850.5918772    3454.8168306    3975.5736758
   1884.4638889    3446.3403605    3971.6931950
   1854.6431834    3462.8095953    3982.5908589
   1863.6138842    3466.5896518    3968.8262964
   1875.8264214    3465.4388577    3980.2466419
   1867.2278342    3446.4569382    3976.4986271
   1869.9618123    3442.0936507    3978.9169963
   1856.7380827    3470.2072442    3964.8939634
   1866.9682415    3455.9894868    3982.5755123
   1888.5800209    3451.9781143    3958.5053973
   1872.1422776    3452.0935023    3978.6837039
   1873.7111417    3453.1286286    3954.3904957
   1864.2557453    3455.8827140    3961.1757046
   1854.9739902    3464.4309221    3959.2865198
   1855.8168048    3454.9483783    3952.8343768
   1863.0408868    3449.1939288    3977.1239163
   1863.3546576    3451.8024125    3963.9872385
   1873.2582877    3456.3487972    3984.3041890
   1868.2596570    3456.1115571    3964.6230103
   1880.8598516    3451.9853318    3965.6589756
   1853.1755581    3453.8862707    3979.4170164
   1867.7874321    3465.9341443    3975.3090286
   1872.1347532    3451.2648629    3980.1858830
   1859.8516300    3445.6548608    3971.2053732
   1861.8933848    3448.1929095    3961.7894918
   1876.8667881    3452.4694010    3983.9549805
   1850.6270651    3428.3486310    3981.7182172
   1861.3978943    3463.9295519    3965.6674660
   1865.5693557    3446.2343977    3967.8848551
   1859.9387440    3451.8891192    3963.6006693
   1870.3824548    3457.9558106    3971.9756956
   1865.0379293    3440.9712999    3961.8749699
   1858.9856544    3458.8080606    3975.4135824
   1856.8856426    3458.0823560    3950.5118371
   1868.4728430    3452.9556493    3957.8719263
   1842.9037774    3462.8148591    3967.8766184
   5367.8599794    4194.5185717    6854.0037162
   5399.2789438    4187.2889327    6870.9820010
   5373.7965173    4200.7297023    6852.4496293
   5386.5396836    4193.7424696    6832.5688740
   5386.7436481    4200.0081426    6845.3557227
   5374.7442956    4190.1379022    6851.0029342
   5380.9094341    4181.2829083    6856.0438589
   5376.4787573    4204.4749119    6848.7724119
   5393.9832560    4182.8739799    6856.5093014
   5373.0744161    4187.0818147    6850.5372974
   5395.1578221    4180.3930803    6887.9285947
   5382.9998957    4194.6551452    6839.7294995
   5391.5616110    4192.6181138    6854.2230646
   5396.6853911    4191.1371043    6844.9188528
   5390.7156302    4191.2773663    6858.6227506
   5393.4698078    4206.4064582    6863.5608992
   5384.9773176    4191.7936727    6851.0039106
   5366.0837014    4189.5789870    6869.5492655
   5377.0161233    4190.6342465    6845.5902009
   5376.7111107    4208.2370171    6853.7223710
   5377.5844878    4190.9256592    6852.6722018
   5368.3685832    4203.1312929    6859.3936018
   5401.9424403    4192.7931133    6847.0870426
   5406.9682890    4194.3124094    6858.9968018
   5388.1042998    4189.9421452    6854.2931355
   5390.4491106    4205.3554808    6863.7104108
   5371.9425507    4197.5837038    6871.1529178
   5394.8494794    4201.3797880    6848.2822358
   5394.3607884    4184.3082226    6861.8438768
   5380.7527980    4205.1310567    6849.0983053
   5376.3389518    4185.8941290    6844.6552599
   5398.6986804    4201.0037940    6860.8376111
   5381.3705126    4185.3215032    6848.2202554
   5384.8200178    4189.0672563    6851.4477219
   5391.4331388    4184.6661197    6845.1106837
   5381.6664044    4194.2767871    6856.7998599
   5369.8502570    4196.9942475    6849.8483569
   5400.3135013    4194.0869587    6856.5966385
   5377.4305884    4191.3141147    6849.0276752
   5374.4797367    4181.1640072    6849.2712483
   2036.3566039    8787.1906343     286.6338132
   2051.7413749    8785.7864898     260.6606523
   2051.8078528    8794.2951034     257.7953679
   2052.1593019    8795.3643497     270.1326617
   2040.2893259    8768.7556838     269.0156726
   2042.2084549    8778.7099638     281.5555990
   2038.2538508    8813.8800209     270.8055260
   2040.6750088    8781.3262554     265.7497345
   2036.6444768    8768.0322157     275.8620258
   2041.8154410    8783.9868357     261.3357245
   2045.7537478    8767.4783661     267.2017495
   2049.0996622    8766.5531617     276.5117868
   2052.5634516    8790.5240343     276.4407232
   2042.2306165    8760.3579774     286.5456001
   2052.5735422    8790.7774282     278.2254265
   2051.3246189    8799.8632041     275.3829848
   2038.8359165    8793.9237428     281.3832666
   2052.6198826    8766.7933152     290.4664581
   2047.6332230    8783.3315088     269.1284536
   2041.2590850    8774.0731987     263.8391619
   2045.6649766    8791.3119205     266.6755850
   2040.2759329    8789.3750522     258.7627030
   2039.7714259    8761.5792896     286.4523843
   2042.3806723    8762.4772751     264.9513398
   2033.5628257    8788.0594906     254.4033628
   2041.0792478    8790.2239507     276.9180915
   2059.0756911    8778.4980684     294.3430184
   2038.8847165    8779.2461548     263.2835187
   2046.5680536    8789.1121592     274.1551664
   2060.3699438    8793.4567334     273.8062862
   2045.7350824    8774.0219873     274.1560577
   2051.4670012    8785.3385290     270.2192756
   2052.9404742    8770.7586949     280.2981811
   2045.0985777    8791.9269112     277.8316227
   2042.2290816    8775.7295256     276.5325419
   2046.8960856    8765.0791513     269.9110731
   2043.4917217    8795.2680055     273.6698255
   2054.1751783    8778.6870585     284.7725977
   2035.4681907    8797.4586289     260.0736600
   2044.7777826    8795.0670713     276.9177587
