2;50;get_uniform_points;query_1;0.08;0.18;0.126
2;50;get_uniform_points;query_2;0.1;0.16;0.13400000000000004
2;50;get_points;query_2;0.08;0.22;0.146
2;50;get_points;query_1;0.08;0.2;0.152
2;50;get_exponential_points;query_2;0.12;0.22;0.15999999999999998
3;50;get_points;query_1;0.1;0.36;0.188
3;50;get_points;query_2;0.12;0.26;0.186
2;50;get_exponential_points;query_1;0.16;0.26;0.20600000000000002
3;50;get_uniform_points;query_1;0.14;0.22;0.172
3;50;get_uniform_points;query_2;0.08;0.26;0.168
3;50;get_exponential_points;query_2;0.14;0.28;0.22600000000000003
3;50;get_exponential_points;query_1;0.22;0.26;0.24
10;50;get_exponential_points;query_2;0.24;0.34;0.292
10;50;get_exponential_points;query_1;0.22;0.44;0.32799999999999996
10;50;get_points;query_1;0.4;0.84;0.65
10;50;get_points;query_2;0.36;0.88;0.6519999999999999
10;50;get_uniform_points;query_1;0.42;0.92;0.7180000000000001
10;50;get_uniform_points;query_2;0.42;0.98;0.708
20;50;get_points;query_1;0.86;1.0;0.9719999999999999
20;50;get_points;query_2;0.88;1.0;0.97
20;50;get_exponential_points;query_1;0.38;0.58;0.46399999999999997
20;50;get_exponential_points;query_2;0.38;0.56;0.488
2;100;get_points;query_1;0.03;0.12;0.075
20;50;get_uniform_points;query_1;0.98;1.0;0.994
20;50;get_uniform_points;query_2;0.96;1.0;0.994
2;100;get_points;query_2;0.06;0.14;0.095
2;100;get_uniform_points;query_1;0.04;0.09;0.07
2;100;get_uniform_points;query_2;0.05;0.11;0.081
2;100;get_exponential_points;query_1;0.08;0.15;0.119
2;100;get_exponential_points;query_2;0.08;0.13;0.10600000000000001
3;100;get_points;query_1;0.03;0.13;0.095
3;100;get_points;query_2;0.07;0.18;0.11499999999999999
3;100;get_uniform_points;query_1;0.08;0.14;0.11400000000000002
3;100;get_uniform_points;query_2;0.07;0.11;0.095
3;100;get_exponential_points;query_1;0.09;0.15;0.127
3;100;get_exponential_points;query_2;0.07;0.15;0.11400000000000002
10;100;get_exponential_points;query_1;0.14;0.22;0.16999999999999998
10;100;get_exponential_points;query_2;0.16;0.21;0.181
10;100;get_points;query_1;0.33;0.72;0.4779999999999999
10;100;get_points;query_2;0.25;0.73;0.481
10;100;get_uniform_points;query_2;0.39;0.8;0.534
10;100;get_uniform_points;query_1;0.32;0.73;0.5820000000000001
20;100;get_points;query_1;0.58;1.0;0.899
20;100;get_points;query_2;0.62;0.98;0.916
20;100;get_exponential_points;query_1;0.24;0.41;0.31999999999999995
20;100;get_uniform_points;query_1;0.67;1.0;0.9360000000000002
20;100;get_exponential_points;query_2;0.31;0.45;0.375
20;100;get_uniform_points;query_2;0.92;1.0;0.9790000000000001
2;500;get_points;query_1;0.006;0.034;0.0196
2;500;get_points;query_2;0.012;0.024;0.0182
2;500;get_uniform_points;query_2;0.014;0.028;0.0218
2;500;get_uniform_points;query_1;0.018;0.034;0.023799999999999998
2;500;get_exponential_points;query_2;0.016;0.028;0.0248
2;500;get_exponential_points;query_1;0.02;0.046;0.0308
3;500;get_points;query_2;0.014;0.036;0.0268
3;500;get_points;query_1;0.024;0.04;0.0308
3;500;get_uniform_points;query_2;0.018;0.044;0.0316
3;500;get_uniform_points;query_1;0.024;0.042;0.029600000000000005
3;500;get_exponential_points;query_2;0.02;0.038;0.029600000000000005
3;500;get_exponential_points;query_1;0.02;0.04;0.0332
10;500;get_exponential_points;query_1;0.036;0.05;0.043399999999999994
10;500;get_exponential_points;query_2;0.036;0.06;0.044
10;500;get_points;query_1;0.108;0.258;0.1842
10;500;get_uniform_points;query_2;0.116;0.276;0.1862
10;500;get_points;query_2;0.144;0.334;0.20939999999999998
10;500;get_uniform_points;query_1;0.142;0.268;0.2098
20;500;get_exponential_points;query_1;0.074;0.13;0.09659999999999999
2;1000;get_points;query_1;0.009;0.014;0.011199999999999998
2;1000;get_points;query_2;0.007;0.015;0.0107
20;500;get_exponential_points;query_2;0.074;0.126;0.09319999999999999
2;1000;get_uniform_points;query_1;0.005;0.016;0.010100000000000001
2;1000;get_uniform_points;query_2;0.007;0.017;0.0112
2;1000;get_exponential_points;query_1;0.007;0.022;0.013600000000000001
2;1000;get_exponential_points;query_2;0.009;0.019;0.015000000000000003
3;1000;get_points;query_1;0.007;0.021;0.014300000000000002
3;1000;get_points;query_2;0.009;0.021;0.014400000000000001
20;500;get_points;query_2;0.418;0.9;0.6716
3;1000;get_uniform_points;query_1;0.008;0.021;0.014599999999999998
20;500;get_points;query_1;0.398;0.974;0.7530000000000001
3;1000;get_uniform_points;query_2;0.006;0.032;0.016400000000000005
20;500;get_uniform_points;query_2;0.474;0.922;0.76
20;500;get_uniform_points;query_1;0.598;0.856;0.7238
3;1000;get_exponential_points;query_2;0.013;0.025;0.0176
3;1000;get_exponential_points;query_1;0.014;0.031;0.020499999999999997
10;1000;get_exponential_points;query_2;0.02;0.034;0.026600000000000002
10;1000;get_exponential_points;query_1;0.022;0.032;0.0269
10;1000;get_points;query_1;0.048;0.191;0.11960000000000001
10;1000;get_uniform_points;query_2;0.024;0.149;0.10740000000000001
10;1000;get_points;query_2;0.055;0.162;0.11910000000000001
10;1000;get_uniform_points;query_1;0.074;0.202;0.12360000000000002
20;1000;get_exponential_points;query_2;0.044;0.062;0.0517
20;1000;get_exponential_points;query_1;0.048;0.071;0.058100000000000006
20;1000;get_points;query_2;0.366;0.721;0.5839
20;1000;get_points;query_1;0.41;0.751;0.5971
2;5000;get_points;query_1;0.0018;0.003;0.0023799999999999997
20;1000;get_uniform_points;query_1;0.472;0.76;0.6087999999999999
2;5000;get_points;query_2;0.0016;0.0034;0.00244
20;1000;get_uniform_points;query_2;0.553;0.825;0.6752
2;5000;get_uniform_points;query_2;0.0014;0.003;0.00232
2;5000;get_uniform_points;query_1;0.0016;0.0038;0.00248
2;5000;get_exponential_points;query_1;0.0026;0.005;0.0036199999999999995
2;5000;get_exponential_points;query_2;0.002;0.0048;0.00358
3;5000;get_points;query_2;0.0018;0.0046;0.00296
3;5000;get_points;query_1;0.0024;0.0064;0.00402
3;5000;get_uniform_points;query_1;0.0028;0.0186;0.00574
3;5000;get_uniform_points;query_2;0.0016;0.0138;0.005040000000000001
3;5000;get_exponential_points;query_1;0.0038;0.006;0.00492
3;5000;get_exponential_points;query_2;0.0032;0.0062;0.00438
10;5000;get_exponential_points;query_1;0.0052;0.0078;0.0064199999999999995
10;5000;get_exponential_points;query_2;0.0052;0.0074;0.0064600000000000005
10;5000;get_points;query_2;0.0206;0.0522;0.03282
10;5000;get_uniform_points;query_1;0.0254;0.0456;0.035359999999999996
10;5000;get_points;query_1;0.0284;0.0452;0.03678
10;5000;get_uniform_points;query_2;0.0258;0.0518;0.040560000000000006
20;5000;get_exponential_points;query_1;0.0126;0.0164;0.013980000000000001
20;5000;get_exponential_points;query_2;0.0114;0.0166;0.013219999999999999
2;10000;get_points;query_1;0.001;0.0016;0.00126
2;10000;get_points;query_2;0.0009;0.0021;0.00153
2;10000;get_uniform_points;query_2;0.0008;0.0018;0.00141
2;10000;get_uniform_points;query_1;0.0012;0.0026;0.0015800000000000002
2;10000;get_exponential_points;query_1;0.0014;0.0022;0.0016400000000000002
2;10000;get_exponential_points;query_2;0.0011;0.0022;0.00184
3;10000;get_points;query_1;0.0012;0.0029;0.00208
3;10000;get_points;query_2;0.0014;0.0025;0.0018899999999999998
3;10000;get_uniform_points;query_1;0.0012;0.0034;0.0021100000000000003
3;10000;get_uniform_points;query_2;0.0012;0.0054;0.00264
20;5000;get_points;query_1;0.1622;0.3338;0.25516
3;10000;get_exponential_points;query_2;0.0018;0.0036;0.0023899999999999998
3;10000;get_exponential_points;query_1;0.0018;0.0042;0.00318
20;5000;get_uniform_points;query_1;0.082;0.4498;0.2733
20;5000;get_points;query_2;0.2184;0.4392;0.31644
10;10000;get_exponential_points;query_1;0.0028;0.0041;0.0034199999999999994
20;5000;get_uniform_points;query_2;0.2182;0.4186;0.34097999999999995
10;10000;get_exponential_points;query_2;0.0028;0.004;0.00326
10;10000;get_points;query_1;0.0088;0.0285;0.01799
10;10000;get_points;query_2;0.0092;0.0327;0.01996
10;10000;get_uniform_points;query_1;0.016;0.0352;0.02432
20;10000;get_exponential_points;query_1;0.0062;0.0077;0.007090000000000001
10;10000;get_uniform_points;query_2;0.015;0.0633;0.031990000000000005
20;10000;get_exponential_points;query_2;0.0049;0.0078;0.006849999999999999
20;10000;get_points;query_2;0.0696;0.2494;0.17306000000000002
20;10000;get_points;query_1;0.0925;0.3015;0.19686
20;10000;get_uniform_points;query_2;0.0846;0.2958;0.21692999999999998
20;10000;get_uniform_points;query_1;0.1122;0.3196;0.22569
################################################################################
(50, 2, 'get_points', [], 'query_1', 0.080000000000000002, 0.20000000000000001, 0.152)
(50, 2, 'get_points', [], 'query_2', 0.080000000000000002, 0.22, 0.14599999999999999)
(50, 2, 'get_uniform_points', [10.0], 'query_1', 0.080000000000000002, 0.17999999999999999, 0.126)
(50, 2, 'get_uniform_points', [10.0], 'query_2', 0.10000000000000001, 0.16, 0.13400000000000004)
(50, 2, 'get_exponential_points', [], 'query_1', 0.16, 0.26000000000000001, 0.20600000000000002)
(50, 2, 'get_exponential_points', [], 'query_2', 0.12, 0.22, 0.15999999999999998)
(50, 3, 'get_points', [], 'query_1', 0.10000000000000001, 0.35999999999999999, 0.188)
(50, 3, 'get_points', [], 'query_2', 0.12, 0.26000000000000001, 0.186)
(50, 3, 'get_uniform_points', [10.0], 'query_1', 0.14000000000000001, 0.22, 0.17199999999999999)
(50, 3, 'get_uniform_points', [10.0], 'query_2', 0.080000000000000002, 0.26000000000000001, 0.16800000000000001)
(50, 3, 'get_exponential_points', [], 'query_1', 0.22, 0.26000000000000001, 0.23999999999999999)
(50, 3, 'get_exponential_points', [], 'query_2', 0.14000000000000001, 0.28000000000000003, 0.22600000000000003)
(50, 10, 'get_points', [], 'query_1', 0.40000000000000002, 0.83999999999999997, 0.65000000000000002)
(50, 10, 'get_points', [], 'query_2', 0.35999999999999999, 0.88, 0.65199999999999991)
(50, 10, 'get_uniform_points', [10.0], 'query_1', 0.41999999999999998, 0.92000000000000004, 0.71800000000000008)
(50, 10, 'get_uniform_points', [10.0], 'query_2', 0.41999999999999998, 0.97999999999999998, 0.70799999999999996)
(50, 10, 'get_exponential_points', [], 'query_1', 0.22, 0.44, 0.32799999999999996)
(50, 10, 'get_exponential_points', [], 'query_2', 0.23999999999999999, 0.34000000000000002, 0.29199999999999998)
(50, 20, 'get_points', [], 'query_1', 0.85999999999999999, 1.0, 0.97199999999999986)
(50, 20, 'get_points', [], 'query_2', 0.88, 1.0, 0.96999999999999997)
(50, 20, 'get_uniform_points', [10.0], 'query_1', 0.97999999999999998, 1.0, 0.99399999999999999)
(50, 20, 'get_uniform_points', [10.0], 'query_2', 0.95999999999999996, 1.0, 0.99399999999999999)
(50, 20, 'get_exponential_points', [], 'query_1', 0.38, 0.57999999999999996, 0.46399999999999997)
(50, 20, 'get_exponential_points', [], 'query_2', 0.38, 0.56000000000000005, 0.48799999999999999)
(100, 2, 'get_points', [], 'query_1', 0.029999999999999999, 0.12, 0.074999999999999997)
(100, 2, 'get_points', [], 'query_2', 0.059999999999999998, 0.14000000000000001, 0.095000000000000001)
(100, 2, 'get_uniform_points', [10.0], 'query_1', 0.040000000000000001, 0.089999999999999997, 0.070000000000000007)
(100, 2, 'get_uniform_points', [10.0], 'query_2', 0.050000000000000003, 0.11, 0.081000000000000003)
(100, 2, 'get_exponential_points', [], 'query_1', 0.080000000000000002, 0.14999999999999999, 0.11899999999999999)
(100, 2, 'get_exponential_points', [], 'query_2', 0.080000000000000002, 0.13, 0.10600000000000001)
(100, 3, 'get_points', [], 'query_1', 0.029999999999999999, 0.13, 0.095000000000000001)
(100, 3, 'get_points', [], 'query_2', 0.070000000000000007, 0.17999999999999999, 0.11499999999999999)
(100, 3, 'get_uniform_points', [10.0], 'query_1', 0.080000000000000002, 0.14000000000000001, 0.11400000000000002)
(100, 3, 'get_uniform_points', [10.0], 'query_2', 0.070000000000000007, 0.11, 0.095000000000000001)
(100, 3, 'get_exponential_points', [], 'query_1', 0.089999999999999997, 0.14999999999999999, 0.127)
(100, 3, 'get_exponential_points', [], 'query_2', 0.070000000000000007, 0.14999999999999999, 0.11400000000000002)
(100, 10, 'get_points', [], 'query_1', 0.33000000000000002, 0.71999999999999997, 0.47799999999999992)
(100, 10, 'get_points', [], 'query_2', 0.25, 0.72999999999999998, 0.48099999999999998)
(100, 10, 'get_uniform_points', [10.0], 'query_1', 0.32000000000000001, 0.72999999999999998, 0.58200000000000007)
(100, 10, 'get_uniform_points', [10.0], 'query_2', 0.39000000000000001, 0.80000000000000004, 0.53400000000000003)
(100, 10, 'get_exponential_points', [], 'query_1', 0.14000000000000001, 0.22, 0.16999999999999998)
(100, 10, 'get_exponential_points', [], 'query_2', 0.16, 0.20999999999999999, 0.18099999999999999)
(100, 20, 'get_points', [], 'query_1', 0.57999999999999996, 1.0, 0.89900000000000002)
(100, 20, 'get_points', [], 'query_2', 0.62, 0.97999999999999998, 0.91600000000000004)
(100, 20, 'get_uniform_points', [10.0], 'query_1', 0.67000000000000004, 1.0, 0.93600000000000017)
(100, 20, 'get_uniform_points', [10.0], 'query_2', 0.92000000000000004, 1.0, 0.97900000000000009)
(100, 20, 'get_exponential_points', [], 'query_1', 0.23999999999999999, 0.40999999999999998, 0.31999999999999995)
(100, 20, 'get_exponential_points', [], 'query_2', 0.31, 0.45000000000000001, 0.375)
(500, 2, 'get_points', [], 'query_1', 0.0060000000000000001, 0.034000000000000002, 0.019599999999999999)
(500, 2, 'get_points', [], 'query_2', 0.012, 0.024, 0.018200000000000001)
(500, 2, 'get_uniform_points', [10.0], 'query_1', 0.017999999999999999, 0.034000000000000002, 0.023799999999999998)
(500, 2, 'get_uniform_points', [10.0], 'query_2', 0.014, 0.028000000000000001, 0.0218)
(500, 2, 'get_exponential_points', [], 'query_1', 0.02, 0.045999999999999999, 0.030800000000000001)
(500, 2, 'get_exponential_points', [], 'query_2', 0.016, 0.028000000000000001, 0.024799999999999999)
(500, 3, 'get_points', [], 'query_1', 0.024, 0.040000000000000001, 0.030800000000000001)
(500, 3, 'get_points', [], 'query_2', 0.014, 0.035999999999999997, 0.026800000000000001)
(500, 3, 'get_uniform_points', [10.0], 'query_1', 0.024, 0.042000000000000003, 0.029600000000000005)
(500, 3, 'get_uniform_points', [10.0], 'query_2', 0.017999999999999999, 0.043999999999999997, 0.031600000000000003)
(500, 3, 'get_exponential_points', [], 'query_1', 0.02, 0.040000000000000001, 0.0332)
(500, 3, 'get_exponential_points', [], 'query_2', 0.02, 0.037999999999999999, 0.029600000000000005)
(500, 10, 'get_points', [], 'query_1', 0.108, 0.25800000000000001, 0.1842)
(500, 10, 'get_points', [], 'query_2', 0.14399999999999999, 0.33400000000000002, 0.20939999999999998)
(500, 10, 'get_uniform_points', [10.0], 'query_1', 0.14199999999999999, 0.26800000000000002, 0.20979999999999999)
(500, 10, 'get_uniform_points', [10.0], 'query_2', 0.11600000000000001, 0.27600000000000002, 0.1862)
(500, 10, 'get_exponential_points', [], 'query_1', 0.035999999999999997, 0.050000000000000003, 0.043399999999999994)
(500, 10, 'get_exponential_points', [], 'query_2', 0.035999999999999997, 0.059999999999999998, 0.043999999999999997)
(500, 20, 'get_points', [], 'query_1', 0.39800000000000002, 0.97399999999999998, 0.75300000000000011)
(500, 20, 'get_points', [], 'query_2', 0.41799999999999998, 0.90000000000000002, 0.67159999999999997)
(500, 20, 'get_uniform_points', [10.0], 'query_1', 0.59799999999999998, 0.85599999999999998, 0.7238)
(500, 20, 'get_uniform_points', [10.0], 'query_2', 0.47399999999999998, 0.92200000000000004, 0.76000000000000001)
(500, 20, 'get_exponential_points', [], 'query_1', 0.073999999999999996, 0.13, 0.096599999999999991)
(500, 20, 'get_exponential_points', [], 'query_2', 0.073999999999999996, 0.126, 0.093199999999999991)
(1000, 2, 'get_points', [], 'query_1', 0.0089999999999999993, 0.014, 0.011199999999999998)
(1000, 2, 'get_points', [], 'query_2', 0.0070000000000000001, 0.014999999999999999, 0.010699999999999999)
(1000, 2, 'get_uniform_points', [10.0], 'query_1', 0.0050000000000000001, 0.016, 0.010100000000000001)
(1000, 2, 'get_uniform_points', [10.0], 'query_2', 0.0070000000000000001, 0.017000000000000001, 0.0112)
(1000, 2, 'get_exponential_points', [], 'query_1', 0.0070000000000000001, 0.021999999999999999, 0.013600000000000001)
(1000, 2, 'get_exponential_points', [], 'query_2', 0.0089999999999999993, 0.019, 0.015000000000000003)
(1000, 3, 'get_points', [], 'query_1', 0.0070000000000000001, 0.021000000000000001, 0.014300000000000002)
(1000, 3, 'get_points', [], 'query_2', 0.0089999999999999993, 0.021000000000000001, 0.014400000000000001)
(1000, 3, 'get_uniform_points', [10.0], 'query_1', 0.0080000000000000002, 0.021000000000000001, 0.014599999999999998)
(1000, 3, 'get_uniform_points', [10.0], 'query_2', 0.0060000000000000001, 0.032000000000000001, 0.016400000000000005)
(1000, 3, 'get_exponential_points', [], 'query_1', 0.014, 0.031, 0.020499999999999997)
(1000, 3, 'get_exponential_points', [], 'query_2', 0.012999999999999999, 0.025000000000000001, 0.017600000000000001)
(1000, 10, 'get_points', [], 'query_1', 0.048000000000000001, 0.191, 0.11960000000000001)
(1000, 10, 'get_points', [], 'query_2', 0.055, 0.16200000000000001, 0.11910000000000001)
(1000, 10, 'get_uniform_points', [10.0], 'query_1', 0.073999999999999996, 0.20200000000000001, 0.12360000000000002)
(1000, 10, 'get_uniform_points', [10.0], 'query_2', 0.024, 0.14899999999999999, 0.10740000000000001)
(1000, 10, 'get_exponential_points', [], 'query_1', 0.021999999999999999, 0.032000000000000001, 0.0269)
(1000, 10, 'get_exponential_points', [], 'query_2', 0.02, 0.034000000000000002, 0.026600000000000002)
(1000, 20, 'get_points', [], 'query_1', 0.40999999999999998, 0.751, 0.59709999999999996)
(1000, 20, 'get_points', [], 'query_2', 0.36599999999999999, 0.72099999999999997, 0.58389999999999997)
(1000, 20, 'get_uniform_points', [10.0], 'query_1', 0.47199999999999998, 0.76000000000000001, 0.6087999999999999)
(1000, 20, 'get_uniform_points', [10.0], 'query_2', 0.55300000000000005, 0.82499999999999996, 0.67520000000000002)
(1000, 20, 'get_exponential_points', [], 'query_1', 0.048000000000000001, 0.070999999999999994, 0.058100000000000006)
(1000, 20, 'get_exponential_points', [], 'query_2', 0.043999999999999997, 0.062, 0.051700000000000003)
(5000, 2, 'get_points', [], 'query_1', 0.0018, 0.0030000000000000001, 0.0023799999999999997)
(5000, 2, 'get_points', [], 'query_2', 0.0016000000000000001, 0.0033999999999999998, 0.0024399999999999999)
(5000, 2, 'get_uniform_points', [10.0], 'query_1', 0.0016000000000000001, 0.0038, 0.00248)
(5000, 2, 'get_uniform_points', [10.0], 'query_2', 0.0014, 0.0030000000000000001, 0.00232)
(5000, 2, 'get_exponential_points', [], 'query_1', 0.0025999999999999999, 0.0050000000000000001, 0.0036199999999999995)
(5000, 2, 'get_exponential_points', [], 'query_2', 0.002, 0.0047999999999999996, 0.0035799999999999998)
(5000, 3, 'get_points', [], 'query_1', 0.0023999999999999998, 0.0064000000000000003, 0.0040200000000000001)
(5000, 3, 'get_points', [], 'query_2', 0.0018, 0.0045999999999999999, 0.00296)
(5000, 3, 'get_uniform_points', [10.0], 'query_1', 0.0028, 0.018599999999999998, 0.0057400000000000003)
(5000, 3, 'get_uniform_points', [10.0], 'query_2', 0.0016000000000000001, 0.0138, 0.0050400000000000011)
(5000, 3, 'get_exponential_points', [], 'query_1', 0.0038, 0.0060000000000000001, 0.0049199999999999999)
(5000, 3, 'get_exponential_points', [], 'query_2', 0.0032000000000000002, 0.0061999999999999998, 0.0043800000000000002)
(5000, 10, 'get_points', [], 'query_1', 0.028400000000000002, 0.045199999999999997, 0.03678)
(5000, 10, 'get_points', [], 'query_2', 0.0206, 0.052200000000000003, 0.032820000000000002)
(5000, 10, 'get_uniform_points', [10.0], 'query_1', 0.025399999999999999, 0.045600000000000002, 0.035359999999999996)
(5000, 10, 'get_uniform_points', [10.0], 'query_2', 0.0258, 0.051799999999999999, 0.040560000000000006)
(5000, 10, 'get_exponential_points', [], 'query_1', 0.0051999999999999998, 0.0077999999999999996, 0.0064199999999999995)
(5000, 10, 'get_exponential_points', [], 'query_2', 0.0051999999999999998, 0.0074000000000000003, 0.0064600000000000005)
(5000, 20, 'get_points', [], 'query_1', 0.16220000000000001, 0.33379999999999999, 0.25516)
(5000, 20, 'get_points', [], 'query_2', 0.21840000000000001, 0.43919999999999998, 0.31644)
(5000, 20, 'get_uniform_points', [10.0], 'query_1', 0.082000000000000003, 0.44979999999999998, 0.27329999999999999)
(5000, 20, 'get_uniform_points', [10.0], 'query_2', 0.21820000000000001, 0.41860000000000003, 0.34097999999999995)
(5000, 20, 'get_exponential_points', [], 'query_1', 0.0126, 0.016400000000000001, 0.013980000000000001)
(5000, 20, 'get_exponential_points', [], 'query_2', 0.0114, 0.0166, 0.013219999999999999)
(10000, 2, 'get_points', [], 'query_1', 0.001, 0.0016000000000000001, 0.0012600000000000001)
(10000, 2, 'get_points', [], 'query_2', 0.00089999999999999998, 0.0020999999999999999, 0.0015299999999999999)
(10000, 2, 'get_uniform_points', [10.0], 'query_1', 0.0011999999999999999, 0.0025999999999999999, 0.0015800000000000002)
(10000, 2, 'get_uniform_points', [10.0], 'query_2', 0.00080000000000000004, 0.0018, 0.00141)
(10000, 2, 'get_exponential_points', [], 'query_1', 0.0014, 0.0022000000000000001, 0.0016400000000000002)
(10000, 2, 'get_exponential_points', [], 'query_2', 0.0011000000000000001, 0.0022000000000000001, 0.0018400000000000001)
(10000, 3, 'get_points', [], 'query_1', 0.0011999999999999999, 0.0028999999999999998, 0.0020799999999999998)
(10000, 3, 'get_points', [], 'query_2', 0.0014, 0.0025000000000000001, 0.0018899999999999998)
(10000, 3, 'get_uniform_points', [10.0], 'query_1', 0.0011999999999999999, 0.0033999999999999998, 0.0021100000000000003)
(10000, 3, 'get_uniform_points', [10.0], 'query_2', 0.0011999999999999999, 0.0054000000000000003, 0.00264)
(10000, 3, 'get_exponential_points', [], 'query_1', 0.0018, 0.0041999999999999997, 0.0031800000000000001)
(10000, 3, 'get_exponential_points', [], 'query_2', 0.0018, 0.0035999999999999999, 0.0023899999999999998)
(10000, 10, 'get_points', [], 'query_1', 0.0088000000000000005, 0.028500000000000001, 0.017989999999999999)
(10000, 10, 'get_points', [], 'query_2', 0.0091999999999999998, 0.0327, 0.019959999999999999)
(10000, 10, 'get_uniform_points', [10.0], 'query_1', 0.016, 0.035200000000000002, 0.024320000000000001)
(10000, 10, 'get_uniform_points', [10.0], 'query_2', 0.014999999999999999, 0.063299999999999995, 0.031990000000000005)
(10000, 10, 'get_exponential_points', [], 'query_1', 0.0028, 0.0041000000000000003, 0.0034199999999999994)
(10000, 10, 'get_exponential_points', [], 'query_2', 0.0028, 0.0040000000000000001, 0.0032599999999999999)
(10000, 20, 'get_points', [], 'query_1', 0.092499999999999999, 0.30149999999999999, 0.19686000000000001)
(10000, 20, 'get_points', [], 'query_2', 0.069599999999999995, 0.24940000000000001, 0.17306000000000002)
(10000, 20, 'get_uniform_points', [10.0], 'query_1', 0.11219999999999999, 0.3196, 0.22569)
(10000, 20, 'get_uniform_points', [10.0], 'query_2', 0.084599999999999995, 0.29580000000000001, 0.21692999999999998)
(10000, 20, 'get_exponential_points', [], 'query_1', 0.0061999999999999998, 0.0077000000000000002, 0.0070900000000000008)
(10000, 20, 'get_exponential_points', [], 'query_2', 0.0048999999999999998, 0.0077999999999999996, 0.0068499999999999993)
